14.27 48.88
-11.14 -55.35
-3.25 -21.11
0.83 -7.52
-1.86 -16.94
6.69 16.19
0.82 -6.99
-12.8 -61.25
-0.13 -11.59
-2.44 -18.74
-13.37 -63.72
-12.25 -59.18
13.18 42.96
8.48 23.13
-14.43 -66.82
-0.16 -11.92
-6.15 -35.87
11.62 36.29
12.35 40.02
-4.31 -27.66
-14.72 -69.71
-2.77 -20.07
-6.17 -35.34
-10.4 -51.96
-4.2 -27.56
11.56 36.51
9.69 28.5
-11.81 -56.76
-5.21 -30.85
-0.45 -12.91
6.88 17.51
-6.51 -35.67
-7.33 -39.45
-8.56 -43.89
-6.85 -37.99
-11.94 -58.05
-1.97 -16.87
7.46 21.09
1.27 -3.51
-13.32 -65.49
-3.88 -25.37
-0.79 -12.92
3.51 5.95
-11.72 -55.85
-14.24 -65.95
1.04 -7.18
-13.83 -66.44
-1.7 -17.3
-11.48 -55.2
-3.89 -25.28
7.87 21.25
0.01 -8.54
-10.7 -51.77
12.88 41.09
-2.42 -19.98
10.51 31.28
3.53 5.11
-1.58 -13.82
-2.33 -18.34
1.14 -4.22
2.45 -0.01
3.17 1.87
-2.62 -20.78
14.91 49.32
-5.82 -33.51
-14.25 -68.21
-7.15 -38.66
-5.29 -31.85
-9.43 -48.81
0.83 -5.67
14.58 46.02
-14.36 -65.15
-3.59 -23.69
-12.96 -60.41
-14.08 -66.6
-3.09 -22.16
8.13 20.08
-12.92 -61.59
-10.61 -50.77
5.51 13.03
2.17 0.57
-10.24 -50.7
-7.11 -37.89
-13.29 -63.01
0.31 -8.56
-6.04 -33.78
-5.93 -36.2
1.23 -4.01
0.8 -4.6
-6.02 -32.33
-3.99 -24.56
-10.51 -53.36
-13.65 -63.3
-11.14 -56.77
-10.72 -53.02
-13.99 -65.53
8.92 25.14
9.74 29.26
9.19 27.5
-7.48 -39.89
13.08 41.56
-2.99 -21.54
-10.37 -51.04
4.48 9.77
-10.52 -52.75
10.93 34.23
1.47 -2.78
-8.0 -40.58
-8.99 -44.99
14.2 46.38
-13.7 -65.74
-12.95 -61.88
12.71 40.34
6.89 19.2
-8.32 -43.75
14.42 47.0
-13.47 -62.08
-1.13 -14.43
-12.72 -61.98
13.49 44.64
-10.02 -50.48
-5.18 -30.54
-7.98 -44.39
11.08 35.37
10.4 32.25
2.57 0.98
-10.26 -51.45
11.58 36.49
-0.09 -11.07
3.41 4.17
9.22 26.54
8.83 24.21
-12.76 -59.61
-13.45 -64.16
8.99 27.12
-13.58 -62.25
7.06 18.64
-5.12 -31.05
-2.12 -18.08
-13.1 -61.27
-11.78 -54.97
2.23 -0.79
-1.65 -15.98
-2.72 -21.92
-12.34 -58.76
13.28 43.47
12.11 38.91
-6.4 -33.57
-12.88 -61.52
-7.17 -38.58
-6.47 -35.32
0.37 -7.3
-13.96 -66.94
-5.48 -33.2
-13.28 -63.59
-6.61 -39.58
-4.2 -27.77
6.66 16.76
-2.25 -19.49
0.07 -12.15
-13.51 -64.87
-3.0 -21.22
6.48 16.2
-14.1 -66.89
-10.32 -53.14
5.14 10.82
5.5 12.02
-13.91 -66.29
-8.21 -42.7
3.08 3.29
-2.78 -21.07
6.31 14.93
-3.97 -26.6
-14.88 -69.08
3.21 2.97
-8.54 -42.61
2.42 0.12
14.4 46.67
1.48 -5.54
-5.44 -31.79
-1.23 -14.81
-11.58 -55.2
-7.99 -40.93
-9.34 -47.5
-10.81 -53.07
-2.73 -20.75
1.62 -5.86
-11.88 -57.19
10.96 34.12
-8.1 -44.86
4.08 6.61
11.66 37.79
4.83 7.89
-2.44 -20.88
9.18 25.63
1.75 -3.65
11.94 38.94
12.67 39.71
0.87 -6.73
4.54 7.78
13.14 43.02
4.72 9.06
4.3 7.98
1.88 -2.11
13.19 43.05
-10.19 -50.51
0.48 -8.55
7.07 15.79
8.9 24.45
-1.29 -14.16
8.22 23.37
-7.03 -39.32
0.88 -5.91
10.53 33.91
-6.76 -34.85
-13.42 -62.54
2.61 1.54
13.86 45.63
-11.28 -55.42
-4.56 -28.57
-11.05 -54.89
-10.34 -53.85
8.3 23.66
0.07 -9.77
-10.5 -52.14
10.07 31.12
-6.83 -37.5
0.38 -9.72
-11.24 -54.83
1.62 -4.75
-7.73 -41.56
4.52 6.9
10.2 30.65
-8.65 -44.68
8.9 26.17
7.28 19.7
-6.26 -35.35
12.25 37.59
4.27 8.18
-13.16 -64.33
-0.32 -11.55
-5.13 -29.96
1.54 -3.17
-2.24 -18.53
-4.57 -27.56
-7.95 -41.41
1.97 -2.06
4.98 9.02
-4.26 -28.31
-10.75 -51.74
-3.42 -24.13
-14.82 -69.87
-11.79 -56.46
1.11 -5.12
4.3 8.11
-11.83 -57.92
2.34 -1.41
-2.15 -18.03
2.53 0.54
-2.09 -17.65
-14.57 -67.64
-8.32 -44.32
8.76 24.98
7.2 17.85
-11.3 -54.03
-1.71 -17.43
-9.07 -46.48
6.03 12.77
7.61 20.39
-10.19 -50.07
6.28 15.2
6.51 15.01
8.12 21.24
11.53 36.47
14.15 47.24
12.41 37.23
-3.52 -24.12
12.7 39.79
5.58 11.89
-14.93 -69.96
-13.72 -63.98
-13.85 -63.24
1.67 -2.39
-5.09 -30.12
-13.47 -64.08
4.57 8.32
6.64 17.94
8.61 25.08
-10.15 -51.35
-7.26 -37.79
-13.7 -63.78
-10.2 -50.12
-0.65 -14.69
4.75 8.33
-2.21 -19.2
13.65 43.79
3.39 5.56
5.7 13.03
-6.74 -36.84
14.69 46.02
