13.68 69.4
2.37 70.96
-0.2 68.31
3.48 71.01
-1.72 68.24
11.8 70.31
13.48 69.95
-7.96 70.52
-13.99 68.71
-10.71 68.29
-5.03 71.64
-5.4 70.95
10.41 67.71
12.38 69.78
11.22 71.25
1.02 67.78
11.92 70.02
-7.16 71.1
-8.07 68.17
8.24 69.04
14.13 68.6
0.94 70.46
3.95 69.87
-0.3 69.85
-2.58 70.23
-5.33 69.76
9.77 70.03
8.67 69.62
6.81 69.75
-2.92 70.37
7.62 70.51
8.24 68.96
8.37 70.8
-3.61 70.13
4.69 69.38
11.13 69.61
-13.27 68.34
8.5 69.27
-5.25 69.2
9.51 71.07
11.91 71.22
5.06 69.72
13.17 69.18
8.31 69.12
-2.02 70.22
-6.91 69.4
8.44 70.47
12.2 71.36
-4.38 69.38
-13.16 71.33
-2.44 70.38
-2.77 70.61
-2.39 71.03
-6.08 70.34
6.29 69.26
7.31 69.39
4.68 69.36
13.31 71.08
-9.97 69.66
-11.99 71.24
-0.5 70.37
-7.69 71.03
-7.61 68.39
-6.87 69.96
4.82 70.01
4.13 70.23
3.09 70.82
-14.14 68.9
-2.39 71.0
-5.95 70.5
-7.83 68.61
0.85 69.34
14.8 69.28
-5.22 70.62
0.74 68.61
-10.31 68.76
-12.98 70.85
5.83 70.54
-5.7 69.69
-12.38 70.09
6.72 69.39
-13.94 71.71
-14.1 69.16
11.34 68.95
-13.6 70.72
7.39 70.27
-12.29 70.1
1.11 69.76
-1.05 68.8
7.26 70.19
-11.3 69.44
8.62 70.37
-14.19 69.22
5.37 70.42
14.23 70.64
5.93 70.32
10.02 70.66
13.11 69.59
-4.96 70.67
2.34 69.28
-4.35 70.87
-7.12 69.48
-9.07 70.83
-4.73 70.38
-2.43 70.24
-0.12 68.28
-11.5 70.9
-14.8 69.14
14.43 69.52
-5.78 69.44
-5.63 71.42
-9.11 70.04
9.06 67.91
-7.99 68.42
-14.2 69.98
-9.41 69.6
-1.75 69.22
4.53 69.19
-9.78 70.08
-1.58 70.5
-6.11 67.63
13.73 69.16
13.48 70.03
7.55 69.86
2.87 69.63
7.9 68.82
8.93 71.23
-10.9 69.32
-0.98 69.72
13.36 70.92
5.01 70.24
-9.38 67.81
-10.86 71.53
-9.42 70.99
7.89 70.4
13.68 70.89
-11.41 69.37
-9.55 69.21
10.0 69.24
8.6 70.2
5.21 68.94
-3.65 70.81
-13.98 67.02
-9.63 70.22
9.18 71.08
-5.11 68.9
-5.74 69.43
2.53 68.67
1.99 69.29
-8.1 71.38
2.83 71.71
9.49 69.23
-4.22 70.37
0.29 69.34
1.05 70.87
-4.44 69.21
-3.78 71.88
12.03 71.0
-3.64 69.99
-11.18 69.69
13.31 68.82
10.87 69.02
2.6 67.39
6.77 70.14
-2.36 68.29
4.15 70.89
-7.64 70.14
-9.2 70.83
0.34 70.03
8.38 71.0
6.72 68.38
4.22 69.54
9.37 69.09
-7.03 69.58
3.75 70.45
0.6 71.73
-3.49 70.46
-2.51 71.55
3.04 68.22
13.49 69.54
2.98 70.0
2.73 69.88
-14.3 71.14
-4.54 69.53
2.83 69.63
7.47 71.24
-2.26 71.21
4.22 70.98
-0.49 68.7
-14.91 72.06
5.73 68.74
3.17 70.83
-2.6 69.57
4.04 71.98
7.19 68.03
-1.37 70.45
7.49 69.28
7.13 69.56
-2.19 69.73
3.37 71.69
0.13 69.79
-4.2 69.29
6.8 69.3
6.31 69.8
4.61 70.02
-12.9 69.49
-0.26 69.81
-12.08 71.38
-5.57 71.41
-2.37 70.41
11.56 69.77
12.28 69.77
-9.59 69.69
13.35 69.14
-4.6 71.17
-11.03 70.89
-7.09 70.6
-0.41 70.13
-7.66 71.25
-2.51 68.7
7.33 69.29
11.63 68.82
-8.3 69.52
-4.16 70.9
0.66 69.05
1.77 69.55
9.82 70.64
6.03 70.68
-12.99 69.22
-0.38 70.51
-4.77 68.99
-6.91 71.48
-3.06 69.68
3.14 69.36
3.41 68.63
-9.16 69.85
-11.19 70.58
7.13 71.21
3.59 69.4
12.7 69.06
8.65 71.2
0.19 69.25
-2.63 71.01
-14.88 70.05
9.81 69.83
5.13 70.71
-2.89 71.3
-13.13 68.28
-1.32 68.9
-2.65 67.82
6.11 69.99
12.88 69.95
-13.25 69.38
-15.0 70.19
-3.73 69.62
-12.37 69.72
3.24 70.99
11.17 69.2
-6.93 69.68
8.94 70.58
10.64 70.5
-11.17 70.92
-10.64 71.41
2.37 69.19
7.15 70.4
0.41 69.99
-7.22 71.02
-8.49 71.0
3.49 69.57
-12.64 71.02
-7.4 69.01
13.7 67.98
13.66 69.33
-9.06 69.85
-14.69 70.25
-12.43 70.57
7.82 70.21
12.81 69.95
-7.77 71.07
2.88 68.38
3.35 71.5
1.25 70.49
10.25 69.5
2.14 70.29
12.75 71.5
-10.4 67.05
-9.79 70.21
7.65 67.25
6.69 69.41
2.71 69.17
3.02 71.09
-12.29 70.05
11.59 70.68
-8.05 69.03
-13.3 70.1
12.74 71.34
-5.31 69.0
-14.15 71.14
5.08 69.47
7.87 68.55
