8.34 -17.31
12.81 -25.73
14.23 -27.81
13.1 -25.37
11.16 -22.87
2.5 -4.6
1.08 -3.4
13.12 -25.34
12.21 -23.97
-3.12 5.29
0.2 -0.81
-7.22 16.03
6.14 -11.71
-5.62 9.71
-8.65 17.83
-6.9 13.34
11.98 -23.86
5.97 -13.3
6.57 -14.56
-8.48 17.13
0.54 -0.02
10.63 -20.04
-2.09 5.11
13.54 -28.4
-3.17 4.89
11.25 -23.03
-7.04 15.35
-13.53 26.01
13.2 -27.06
-11.17 22.14
-4.64 9.64
-11.81 24.4
-13.15 25.03
-13.58 26.9
-11.64 22.74
11.26 -21.11
-11.45 23.86
2.71 -6.66
-14.38 27.8
-10.65 22.64
11.1 -21.87
1.77 -4.98
3.01 -6.78
-12.75 27.16
8.24 -16.69
13.81 -29.13
-3.79 9.51
-2.23 3.13
5.72 -12.47
10.07 -20.81
2.74 -3.31
4.45 -10.32
-8.01 16.28
11.33 -22.41
-6.11 12.93
-8.03 16.31
-12.24 25.25
-10.84 23.33
7.17 -14.96
-14.63 30.54
-4.86 10.23
-4.16 7.71
1.7 -1.93
-12.1 23.59
-14.04 28.04
12.25 -24.19
-7.31 16.09
10.73 -20.66
0.64 -1.07
12.83 -25.55
-5.87 10.81
2.24 -4.55
-13.78 28.64
-7.85 16.68
-8.4 18.31
-4.28 10.25
-4.71 9.78
11.4 -22.5
-11.25 23.02
3.34 -6.82
8.67 -16.73
0.93 -1.13
-6.71 12.62
-14.08 29.19
8.76 -17.36
4.33 -9.12
3.97 -7.71
3.27 -6.97
4.65 -9.59
-10.1 20.45
9.06 -18.09
8.9 -16.91
-7.99 16.72
2.7 -4.98
14.95 -30.28
-13.75 26.76
7.46 -15.15
14.59 -29.06
11.52 -22.31
5.16 -8.9
-5.4 13.7
14.0 -28.88
10.14 -20.05
0.15 1.15
4.93 -9.86
-12.54 26.08
-9.13 17.14
6.22 -10.82
-1.91 4.69
12.52 -24.17
-9.75 19.06
-5.15 10.06
1.31 -2.38
10.48 -21.33
8.68 -17.2
9.71 -18.77
-1.33 3.99
-4.4 8.62
13.54 -25.94
12.98 -23.72
-2.9 3.22
-2.25 5.17
13.13 -26.74
3.92 -7.64
4.0 -9.03
-6.16 11.34
-5.72 12.57
-5.56 10.93
6.25 -12.26
5.98 -12.22
9.77 -19.68
1.79 -3.51
4.18 -9.19
-14.4 28.29
-9.55 18.16
14.76 -29.61
13.4 -26.83
-0.19 1.17
9.59 -19.48
-13.17 27.7
14.83 -31.09
-12.82 24.99
4.24 -8.06
-0.6 1.21
5.67 -10.65
-5.5 10.15
5.59 -12.12
13.45 -28.12
9.22 -18.33
6.99 -11.35
-10.51 20.78
4.94 -10.02
11.79 -23.65
13.21 -25.59
-14.64 29.08
1.23 -3.56
10.28 -19.96
11.53 -23.51
2.79 -5.16
13.88 -26.96
9.81 -20.05
-7.6 14.04
-10.91 21.61
12.29 -23.2
9.62 -19.63
10.95 -23.22
-13.46 26.9
-9.35 17.55
-0.48 0.91
-12.83 26.18
5.2 -11.97
-8.93 17.19
1.81 -5.61
13.12 -24.98
-1.37 3.75
1.54 -3.33
8.38 -18.22
0.68 -0.76
4.53 -7.99
13.73 -28.13
-14.37 30.72
9.29 -17.28
6.03 -12.16
10.53 -20.07
-1.19 1.16
13.65 -27.38
-13.26 26.65
0.92 -1.58
8.86 -18.43
5.97 -11.32
0.42 -0.41
8.36 -16.06
5.9 -11.97
-3.4 6.21
-1.8 3.0
1.52 -3.27
-0.91 0.93
-3.62 7.9
7.61 -13.74
0.44 -0.03
12.78 -26.91
4.68 -8.93
6.05 -9.61
-8.84 16.65
-12.16 24.69
-14.71 29.98
8.85 -19.26
14.56 -29.56
12.88 -26.21
-4.22 7.61
5.51 -12.16
-8.3 16.81
2.54 -6.44
5.04 -9.89
-5.27 11.5
1.61 -3.34
-13.06 26.86
11.59 -21.84
-8.25 15.26
-4.4 10.85
-0.13 0.96
11.82 -24.61
-9.21 18.19
5.15 -9.75
-13.87 26.97
-12.11 23.9
10.19 -19.92
1.14 -1.47
5.54 -9.59
-14.07 30.24
0.48 0.01
-13.26 26.57
-1.54 3.81
-8.17 16.01
-10.28 18.39
-7.26 15.72
-13.42 27.59
-4.32 8.18
0.89 -1.43
2.87 -7.04
9.8 -19.24
4.67 -8.63
-1.23 2.54
-10.04 21.05
4.7 -9.92
13.63 -26.07
-5.74 10.5
9.54 -20.2
12.02 -25.05
11.15 -23.99
-8.28 18.46
14.05 -26.48
-14.71 29.55
2.19 -4.74
0.54 -1.5
6.18 -11.86
2.83 -6.29
-2.92 8.37
-5.99 9.26
8.48 -16.15
-9.62 17.58
3.38 -6.62
-14.64 31.91
-7.98 16.67
-7.2 15.44
4.28 -8.44
12.36 -25.53
2.93 -7.24
13.09 -23.81
-3.18 6.54
-2.75 5.05
-10.13 20.21
7.72 -15.85
10.4 -21.96
3.17 -6.37
-4.71 9.32
1.02 -1.43
10.3 -21.33
-4.89 10.14
11.4 -23.98
-9.93 20.2
14.48 -27.75
-9.43 18.11
-8.93 18.22
-10.85 22.34
10.05 -20.5
-14.31 26.95
7.05 -16.06
-6.72 13.79
11.33 -22.77
-14.83 29.41
11.26 -24.07
4.46 -10.86
-3.01 6.82
-13.71 26.71
-14.77 28.51
11.91 -23.76
-8.95 16.4
5.03 -10.1
-9.24 18.91
