8.95 64.42
-0.09 22.36
-8.95 -18.79
-0.03 22.54
-14.12 -41.99
0.86 28.59
7.65 58.33
7.4 57.07
7.47 56.22
4.33 42.82
-11.24 -28.85
11.15 75.31
4.25 43.02
-5.39 -1.26
2.54 33.68
8.61 61.08
2.74 34.0
-12.32 -33.6
-14.72 -44.84
4.01 42.08
-10.19 -23.69
-10.66 -25.21
11.09 75.18
-13.08 -37.76
7.18 57.68
-12.4 -35.12
-6.33 -5.12
12.97 82.46
14.71 90.01
-8.66 -16.76
-1.48 15.81
-1.42 17.33
5.28 48.12
0.94 29.47
-9.56 -21.09
-14.18 -41.1
8.28 61.09
-3.48 8.66
6.67 54.72
-1.15 18.35
-1.1 19.32
-3.99 4.82
-7.84 -13.58
5.23 47.25
11.95 78.71
-1.24 16.07
-14.72 -42.45
-10.98 -28.03
3.67 38.7
-5.02 -0.01
14.18 89.29
1.2 28.65
3.97 40.23
1.51 30.17
9.05 64.79
8.69 62.69
5.36 48.5
-4.4 0.96
11.85 76.6
7.05 55.64
-9.16 -20.2
-6.72 -8.26
-1.03 17.04
-4.95 1.54
11.53 76.94
13.57 85.07
9.05 65.01
-13.2 -38.16
0.52 26.13
10.53 70.75
-12.37 -32.24
-12.36 -34.09
-1.77 13.41
6.09 50.89
-5.58 -2.56
5.2 46.74
-6.12 -5.35
-7.07 -10.32
14.34 89.7
12.79 82.71
12.02 77.48
-10.72 -25.55
11.51 77.26
-4.96 0.03
-7.15 -8.45
-4.38 3.34
7.09 57.07
9.85 68.43
-12.47 -34.52
-4.0 5.38
1.54 30.65
-0.32 20.64
-2.15 11.51
4.14 43.46
-3.01 9.71
-2.64 11.51
-8.1 -15.09
-9.02 -19.57
10.93 73.16
-8.56 -16.65
2.49 35.64
-4.63 2.18
2.74 37.6
6.95 56.37
6.26 51.95
-13.31 -36.67
-7.44 -10.58
6.13 50.44
2.9 36.55
6.34 52.31
2.38 34.83
-9.36 -21.13
10.83 72.59
-14.75 -44.72
2.09 32.33
-2.8 11.03
8.89 61.8
-8.3 -14.1
-1.95 15.58
14.51 90.15
-10.94 -27.38
-3.53 8.07
-0.95 19.65
-0.53 20.47
0.14 21.7
0.42 23.98
-5.99 -6.43
1.74 32.11
-3.71 7.04
6.28 50.56
-2.42 12.31
-10.31 -23.95
1.76 29.99
-11.18 -27.48
9.56 65.91
13.47 84.48
-7.11 -8.81
-4.48 1.75
12.33 80.73
0.44 26.45
14.09 87.98
-3.5 7.57
-8.1 -14.1
9.79 67.84
11.26 75.22
6.3 51.93
0.82 26.86
-1.09 18.93
1.13 28.46
13.9 86.05
9.04 67.22
8.34 61.44
2.93 37.26
9.38 66.74
-14.58 -42.94
8.91 65.29
-13.18 -38.52
-8.24 -14.41
-3.53 9.02
-1.09 19.31
10.51 70.15
0.23 23.4
12.27 79.23
2.45 35.14
-5.36 -2.19
1.41 29.17
-12.8 -35.5
3.65 38.89
-6.94 -8.87
-0.37 22.74
-1.32 18.07
5.35 47.98
-8.57 -16.24
-6.31 -5.84
6.96 54.58
-9.92 -22.68
2.3 33.82
11.5 77.76
7.81 57.41
-11.99 -31.28
9.02 63.39
-1.28 17.6
-12.31 -31.8
4.46 43.32
-3.85 5.35
8.7 62.01
-9.35 -20.63
-4.74 1.05
-2.12 12.64
11.92 77.62
-0.11 24.41
5.21 46.89
2.55 36.41
-7.04 -11.6
12.87 82.8
-13.71 -39.78
-2.93 8.82
-13.23 -37.41
-12.19 -31.96
12.09 77.78
-4.61 0.83
2.9 36.26
12.47 81.58
13.42 82.87
-9.69 -20.3
-7.59 -13.71
11.93 79.62
-1.42 16.51
-8.02 -12.31
0.58 25.37
10.85 73.94
-13.45 -37.33
6.38 52.49
-0.2 23.95
-8.72 -16.83
-14.77 -44.0
-5.93 -4.62
12.61 80.41
1.72 29.35
-13.37 -37.43
8.06 60.18
-2.17 13.01
-2.79 9.17
-1.09 17.44
9.15 65.6
6.6 54.24
4.78 46.2
6.16 51.49
14.54 91.21
-14.48 -43.16
7.5 59.39
-12.82 -35.29
5.8 50.02
-4.76 0.76
6.36 52.62
9.06 64.93
1.3 28.92
-2.87 10.57
-1.79 16.08
1.31 29.41
13.0 83.59
-14.92 -44.53
-5.88 -4.92
7.43 56.86
-4.13 3.63
10.68 72.65
-9.14 -19.26
-4.11 3.37
-5.15 0.35
-10.6 -26.08
6.35 52.65
1.6 31.55
0.31 23.67
14.27 88.54
-4.95 -0.11
-12.62 -35.52
-5.16 -1.8
4.2 42.24
2.72 36.52
-10.18 -25.64
-2.54 12.39
12.45 78.79
10.46 69.96
-10.07 -22.66
-3.5 6.82
-3.58 7.9
-6.51 -7.8
-1.08 18.42
-5.31 -2.11
13.88 88.69
2.39 33.41
3.95 39.49
10.99 73.47
-10.75 -27.61
5.43 47.51
-1.67 14.45
-7.98 -14.55
-2.61 12.13
7.44 56.07
0.31 22.43
-13.0 -37.04
7.47 58.27
-3.76 4.47
0.57 25.0
1.46 30.17
-14.47 -46.31
-1.28 17.06
3.52 38.94
10.64 73.44
-4.89 1.34
-10.13 -24.92
10.0 70.64
3.36 39.1
7.96 59.11
10.64 70.7
6.92 56.22
8.63 61.86
-11.93 -32.56
3.96 40.84
12.98 82.24
