-13.87 26.97
-5.87 10.81
11.04 70.67
0.82 -6.99
-4.95 1.54
6.22 -10.82
1.76 29.99
12.83 -25.55
5.2 46.74
-12.82 24.99
7.07 15.79
14.37 69.53
13.21 -25.59
2.72 36.52
-8.24 -14.41
8.34 61.44
11.73 68.88
7.61 20.39
11.58 36.49
-13.09 71.95
0.44 26.45
11.15 75.31
12.45 78.79
2.49 35.64
-10.19 -23.69
1.67 -2.39
11.59 -21.84
11.26 -21.11
3.27 -6.97
-14.58 -42.94
-10.72 -25.55
1.62 -5.86
8.52 70.45
4.72 69.22
-13.29 -63.01
-9.32 69.76
-7.73 -41.56
0.64 68.28
0.07 -12.15
5.98 71.33
1.36 70.21
-6.95 69.42
1.14 -4.22
10.95 -23.22
5.21 46.89
9.22 26.54
0.7 69.58
9.84 69.44
-6.16 11.34
9.77 -19.68
9.71 -18.77
-1.23 2.54
14.42 68.79
8.68 -17.2
-6.83 -37.5
-13.83 -66.44
-1.08 18.42
3.17 68.75
8.61 25.08
-10.07 -22.66
5.5 12.02
10.68 72.65
7.29 70.08
-7.03 71.51
-10.94 -27.38
-2.75 5.05
11.56 36.51
12.98 -23.72
5.36 48.5
14.16 70.35
4.33 -9.12
-5.15 0.35
11.93 79.62
-7.04 15.35
-11.05 69.48
-10.32 -53.14
-13.17 68.84
-5.26 70.13
-5.4 13.7
5.91 71.34
0.5 69.1
-1.7 -17.3
8.67 -16.73
-8.1 -14.1
-5.33 69.8
-4.26 -28.31
-9.62 17.58
-14.64 31.91
-4.71 9.32
-11.79 69.94
-1.81 68.36
2.19 -4.74
-2.09 -17.65
-12.3 68.71
-0.84 70.34
7.44 69.91
-12.12 69.89
14.63 70.42
-2.12 12.64
8.9 26.17
1.2 28.65
6.24 69.62
1.52 -3.27
-8.56 -43.89
5.51 -12.16
14.18 89.29
2.71 -6.66
-8.3 -14.1
11.85 76.6
8.18 69.96
-10.71 68.96
-2.8 71.89
0.42 -0.41
-11.79 -56.46
3.88 70.75
10.01 70.27
2.52 70.99
-3.0 -21.22
13.49 44.64
-13.42 -62.54
-10.26 -51.45
14.56 -29.56
2.74 -3.31
-1.24 16.07
-8.54 -42.61
-1.54 3.81
-0.91 0.93
14.2 46.38
14.58 46.02
-14.12 -41.99
0.9 70.82
-0.91 69.68
-4.22 7.61
-14.57 -67.64
-5.56 10.93
8.43 70.11
4.14 43.46
3.53 5.11
-11.93 69.84
-14.92 -44.53
-3.71 7.04
5.43 47.51
11.1 -21.87
-2.62 70.99
6.09 50.89
5.04 -9.89
-6.56 70.4
1.61 -3.34
2.3 33.82
14.22 70.36
-11.02 69.96
1.75 -3.65
7.61 -13.74
12.88 -26.21
-0.53 20.47
10.99 73.47
-10.51 20.78
12.11 38.91
12.27 79.23
2.39 33.41
1.27 -3.51
8.34 -17.31
-13.08 -37.76
10.05 67.48
-12.95 -61.88
13.47 84.48
6.75 71.17
3.39 5.56
13.28 43.47
2.5 -4.6
8.9 -16.91
5.8 50.02
-13.74 69.7
14.54 91.21
9.02 63.39
1.23 -4.01
11.94 38.94
-7.95 -41.41
-5.34 70.03
-13.7 -63.78
-1.42 17.33
-6.15 -35.87
8.13 20.08
-6.17 -35.34
4.46 -10.86
-10.19 -50.51
1.43 71.0
2.86 70.72
-5.5 10.15
6.48 71.04
-10.51 69.35
8.95 68.54
-8.37 70.15
-10.9 70.14
-10.84 69.69
-2.09 5.11
4.25 43.02
5.35 47.98
-7.44 70.23
0.46 72.02
6.51 15.01
-14.08 -66.6
13.19 43.05
4.54 7.78
-14.82 -69.87
-2.9 3.22
-1.09 18.93
13.65 -27.38
7.46 21.09
-4.39 69.78
-9.75 19.06
-10.75 -51.74
-14.1 -66.89
9.62 -19.63
-12.4 -35.12
-10.72 -53.02
-7.63 71.33
-14.07 30.24
-9.35 17.55
6.49 70.95
-4.96 0.03
2.79 -5.16
9.8 -19.24
12.61 70.88
0.83 -7.52
-1.28 17.06
4.65 -9.59
0.35 71.59
-1.77 13.41
4.87 68.05
-5.99 -6.43
10.05 -20.5
-5.36 -2.19
9.56 65.91
6.13 50.44
-13.47 -62.08
-6.02 -32.33
-10.04 21.05
8.06 60.18
-2.44 -18.74
-4.63 2.18
-8.66 -16.76
-2.15 -18.03
7.65 58.33
-5.09 -30.12
-10.4 -51.96
-13.78 28.64
1.08 -3.4
-2.42 -19.98
-5.88 -4.92
-6.26 -35.35
4.01 70.08
-10.6 70.49
-1.67 14.45
-7.98 -44.39
-3.09 -22.16
-4.28 10.25
-13.16 -64.33
-4.86 10.23
-2.81 69.51
0.64 -1.07
-11.24 -54.83
-10.28 18.39
1.23 -3.56
-4.76 0.76
-13.96 -66.94
-2.65 68.48
9.18 25.63
8.53 70.22
0.38 -9.72
0.68 -0.76
-6.13 67.77
-4.39 69.77
-3.18 6.54
-3.59 -23.69
11.7 70.19
-3.52 -24.12
5.23 47.25
-8.93 17.19
0.89 -1.43
-4.13 3.63
-5.58 -2.56
11.71 71.05
-8.66 69.4
-0.37 22.74
14.95 -30.28
-10.2 -50.12
8.24 -16.69
-13.57 70.91
-14.25 -68.21
9.29 -17.28
-1.19 1.16
-8.21 -42.7
1.03 70.41
-7.26 15.72
8.48 23.13
-14.31 26.95
-12.63 70.71
-5.89 71.63
4.52 6.9
3.08 3.29
-1.15 18.35
3.27 71.1
13.4 -26.83
-13.45 -64.16
2.23 -0.79
-8.65 -44.68
-9.93 20.2
-13.2 -38.16
14.69 46.02
-3.01 6.82
-4.16 70.86
-6.47 -35.32
-5.93 -4.62
-2.44 -20.88
0.8 -4.6
12.25 -24.19
-14.08 68.65
-4.0 5.38
-12.89 69.38
1.14 -1.47
-4.71 9.78
-1.58 -13.82
13.63 -26.07
8.95 64.42
-12.47 -34.52
13.65 43.79
-2.99 69.76
1.51 30.17
12.24 68.12
-7.27 69.34
-1.48 15.81
10.64 70.7
-4.03 68.94
3.38 -6.62
-9.51 70.86
-0.65 -14.69
12.02 77.48
-10.98 -28.03
6.88 17.51
11.4 -23.98
-12.8 -61.25
-11.58 -55.2
8.91 65.29
-3.06 68.5
-12.19 -31.96
-12.8 -35.5
-4.72 72.27
-4.07 70.14
13.79 70.39
1.97 -2.06
-2.25 -19.49
-5.16 -1.8
10.14 -20.05
4.39 70.24
-7.2 15.44
1.77 -4.98
8.19 71.23
-7.03 -39.32
-13.37 -37.43
11.62 36.29
11.95 78.71
6.38 52.49
-14.43 -66.82
-14.64 69.11
-11.25 23.02
5.51 13.03
-0.03 22.54
-14.36 -65.15
-14.71 29.98
3.26 69.74
1.72 29.35
10.48 -21.33
-9.49 71.68
6.28 15.2
-10.31 -23.95
13.2 -27.06
2.67 70.27
0.74 71.11
-8.54 71.93
-12.25 -59.18
2.24 -4.55
-8.4 18.31
9.19 27.5
12.98 82.24
-6.97 70.35
1.6 31.55
3.17 1.87
0.54 -0.02
-10.34 -53.85
4.68 70.15
-14.48 -43.16
-12.92 -61.59
-11.89 70.92
4.82 71.47
4.53 -7.99
-6.51 -35.67
3.51 5.95
7.87 21.25
4.24 -8.06
13.08 41.56
11.33 -22.77
-13.71 26.71
9.85 68.43
10.53 -20.07
-3.5 7.57
-0.2 23.95
-1.91 4.69
13.88 88.69
4.3 7.98
-0.95 71.13
1.11 -5.12
-9.4 70.8
-10.6 -26.08
14.51 90.15
5.97 -11.32
-8.72 -16.83
-13.67 71.0
-4.95 -0.11
6.34 52.31
3.41 4.17
-1.32 18.07
10.28 -19.96
-2.77 70.05
-14.47 -46.31
-1.46 71.25
-10.52 -52.75
10.96 34.12
-13.26 26.65
-12.99 71.06
11.98 -23.86
-7.26 -37.79
13.44 70.8
11.66 37.79
2.93 37.26
8.89 61.8
3.95 39.49
9.06 64.93
-10.24 -50.7
7.81 57.41
6.69 70.11
11.26 75.22
-13.0 -37.04
-8.4 69.91
-0.42 70.32
-13.45 -37.33
-14.25 69.76
-7.22 16.03
-8.3 16.81
-3.17 4.89
14.15 47.24
-3.48 8.66
11.09 75.18
10.85 73.94
-1.54 69.58
1.46 30.17
-4.56 -28.57
1.7 -1.93
-10.51 -53.36
2.53 0.54
-1.03 17.04
0.7 70.69
3.96 40.84
-13.28 -63.59
-12.9 69.02
9.22 -18.33
-5.93 -36.2
-13.32 -65.49
-9.69 -20.3
-1.97 -16.87
-5.27 69.28
6.25 -12.26
12.25 37.59
-13.68 68.75
-10.85 22.34
-8.17 16.01
-3.85 5.35
0.2 -0.81
-12.24 25.25
-13.58 26.9
-14.18 -41.1
4.72 9.06
1.81 -5.61
4.98 9.02
-10.64 70.53
-4.16 7.71
-1.8 3.0
-11.45 23.86
-7.07 -10.32
-5.12 -31.05
-5.82 70.43
4.01 42.08
-13.37 -63.72
-3.89 -25.28
9.41 69.12
-5.31 -2.11
3.65 38.89
-2.42 12.31
3.67 38.7
2.83 -6.29
0.17 69.61
0.48 -8.55
-6.94 71.62
-13.31 -36.67
-7.84 -13.58
4.86 69.56
-2.73 -20.75
-10.13 -24.92
-4.4 10.85
12.21 -23.97
-1.09 17.44
3.07 70.77
11.52 -22.31
-4.61 0.83
7.5 59.39
3.92 -7.64
9.38 66.74
-1.52 72.59
10.46 69.96
4.48 9.77
-6.61 -39.58
0.93 -1.13
-0.32 -11.55
-6.4 -33.57
-5.48 -33.2
-1.09 19.31
2.7 -4.98
-13.85 -63.24
13.09 -23.81
13.99 70.51
-3.53 8.07
0.31 23.67
-10.65 22.64
-11.79 68.8
-11.31 70.74
12.71 40.34
-9.07 -46.48
0.42 23.98
-2.8 11.03
8.85 -19.26
-7.44 -10.58
-12.27 70.84
12.8 70.91
-13.42 27.59
-13.65 -63.3
-4.2 -27.56
-7.33 -39.45
0.54 -1.5
6.89 19.2
13.61 69.96
11.53 36.47
-2.99 -21.54
7.17 -14.96
-10.61 -50.77
0.44 -0.03
-10.81 -53.07
6.3 51.93
1.41 29.17
14.71 90.01
-12.96 -60.41
-0.09 -11.07
-0.95 19.65
4.08 6.61
10.53 70.75
-13.17 27.7
-12.75 27.16
9.05 64.79
-3.97 -26.6
6.18 -11.86
-14.77 -44.0
14.59 -29.06
6.28 50.56
-4.42 68.03
10.04 68.34
13.54 -28.4
-8.56 -16.65
-5.21 -30.85
-5.74 10.5
4.83 7.89
-11.48 -55.2
-2.15 11.51
5.59 -12.12
4.75 8.33
-13.99 -65.53
-6.76 -34.85
-11.88 -57.19
-0.48 0.91
1.13 28.46
-2.25 5.17
14.27 88.54
10.4 32.25
0.88 -5.91
-6.85 -37.99
10.24 68.91
4.93 -9.86
-5.72 12.57
-14.24 -65.95
12.88 41.09
-14.71 29.55
10.4 -21.96
7.05 -16.06
-3.88 -25.37
7.46 70.63
-13.7 -65.74
-13.15 25.03
-11.72 -55.85
2.56 70.49
10.07 31.12
1.74 32.11
12.97 82.46
-6.72 13.79
7.06 18.64
11.16 -22.87
3.34 -6.82
-4.46 68.95
5.9 68.55
2.54 -6.44
12.78 -26.91
-12.31 -31.8
-5.82 -33.51
8.9 24.45
6.92 56.22
-7.11 -8.81
10.93 34.23
7.18 57.68
-14.72 -44.84
3.32 70.06
-5.39 -1.26
-8.93 18.22
-14.08 29.19
8.22 23.37
-7.15 -38.66
6.03 12.77
-7.96 68.98
-3.25 -21.11
6.46 69.44
2.45 -0.01
5.67 -10.65
-10.28 69.93
-9.13 17.14
3.36 39.1
8.86 -18.43
-0.09 22.36
-9.43 -48.81
-9.64 69.05
10.51 31.28
-5.91 69.75
-5.27 11.5
-7.11 -37.89
10.07 -20.81
-4.3 70.9
0.37 69.2
4.28 -8.44
12.61 80.41
5.54 -9.59
4.29 69.92
13.54 -25.94
9.59 -19.48
-7.07 70.41
-7.85 16.68
-6.94 -8.87
-5.42 68.99
-13.71 -39.78
-3.76 4.47
12.52 -24.17
-14.88 -69.08
0.82 26.86
-1.8 69.0
12.47 81.58
14.0 -28.88
-10.1 20.45
3.17 -6.37
-3.1 70.52
7.43 56.86
-1.95 15.58
-1.71 -17.43
1.62 -4.75
0.07 -9.77
-0.19 1.17
0.37 -7.3
0.95 69.89
11.53 -23.51
-9.71 69.94
6.26 51.95
1.04 -7.18
1.54 68.54
-11.64 22.74
-4.31 -27.66
12.35 40.02
4.49 69.07
-9.36 -21.13
5.16 -8.9
6.05 -9.61
4.36 70.93
4.88 71.31
0.01 -8.54
8.92 25.14
-14.11 69.36
13.12 -24.98
-13.51 70.52
-4.89 1.34
3.93 69.6
6.6 69.2
-6.97 68.01
14.03 68.73
1.08 69.4
0.64 69.73
-3.67 69.99
-5.44 -31.79
-10.53 72.31
7.03 68.38
-14.72 -69.71
9.74 29.26
11.25 -23.03
11.4 -22.5
-5.02 -0.01
8.28 61.09
7.05 55.64
-9.21 18.19
6.31 14.93
-10.15 -51.35
2.74 37.6
-4.4 0.96
14.41 69.97
-12.72 -61.98
-12.82 -35.29
-10.84 23.33
-4.09 72.96
11.8 70.64
-8.25 15.26
0.86 28.59
-9.16 -20.2
-10.13 20.21
-3.53 9.02
-11.24 -28.85
7.17 71.05
5.28 48.12
-8.01 16.28
8.36 -16.06
-6.48 70.51
8.76 24.98
12.67 39.71
9.79 67.84
5.15 -9.75
9.81 -20.05
-6.4 68.67
-3.79 9.51
-13.43 69.37
-12.76 -59.61
13.88 -26.96
4.0 -9.03
-12.83 26.18
-8.1 -44.86
-2.24 -18.53
-12.37 -32.24
-5.18 -30.54
-10.18 -25.64
-8.48 17.13
-9.34 69.99
12.41 37.23
-2.12 -18.08
7.38 70.38
-9.55 18.16
-2.54 70.01
9.69 28.5
14.42 47.0
-14.63 30.54
-10.5 -52.14
0.31 -8.56
-0.45 -12.91
-10.91 21.61
-6.04 -33.78
-2.93 8.82
6.78 70.1
-9.0 69.78
7.72 -15.85
-6.82 68.97
6.92 70.9
-3.65 70.47
0.48 0.01
2.42 0.12
-1.33 3.99
3.01 -6.78
5.7 13.03
-12.88 -61.52
0.52 26.13
11.22 71.49
14.48 -27.75
0.55 71.61
13.13 -26.74
-11.78 -54.97
-8.61 70.59
8.69 62.69
-10.29 70.07
-2.87 10.57
-4.2 -27.77
0.83 -5.67
-5.74 70.46
-0.13 0.96
-2.33 -18.34
4.27 8.18
8.48 -16.15
0.58 25.37
10.38 69.4
-7.31 16.09
4.84 70.36
-7.6 14.04
-7.87 70.57
-11.14 -56.77
-9.59 69.32
-7.15 -8.45
11.92 77.62
11.08 35.37
8.7 62.01
8.07 69.35
-0.0 69.37
-12.26 68.78
-3.01 9.71
-3.42 -24.13
-13.91 -66.29
1.41 69.19
-9.43 18.11
-12.62 -35.52
-8.95 -18.79
14.05 -26.48
4.3 8.11
5.72 -12.47
-4.22 69.54
-13.47 -64.08
-14.83 29.41
-1.11 69.29
5.37 70.27
-14.38 27.8
13.81 -29.13
12.7 39.79
13.33 69.58
-13.97 71.5
-7.64 70.05
-7.98 16.67
-4.32 8.18
0.4 69.41
6.35 52.65
-10.37 -51.04
-0.79 -12.92
5.54 69.86
11.53 76.94
11.86 70.46
-3.62 7.9
2.34 -1.41
9.05 65.01
-13.58 -62.25
-9.33 70.35
-1.11 69.89
-6.31 -5.84
5.33 70.7
-0.01 70.54
-8.32 -43.75
11.37 68.99
6.66 16.76
0.87 -6.73
-8.0 -40.58
1.31 29.41
6.69 16.19
-3.4 6.21
-12.54 26.08
-2.78 -21.07
4.7 -9.92
-10.09 68.9
11.66 67.75
7.64 71.12
-2.72 -21.92
1.02 -1.43
-10.61 69.85
-0.16 -11.92
-13.98 69.11
8.63 61.86
1.47 -2.78
12.36 -25.53
-3.58 7.9
-13.46 26.9
-3.38 71.28
-2.54 12.39
-13.1 -61.27
10.19 -19.92
-7.17 -38.58
-9.34 -47.5
2.45 35.14
-1.86 -16.94
9.54 -20.2
-12.1 23.59
5.9 -11.97
4.68 -8.93
-10.02 -50.48
7.46 -15.15
-13.18 71.36
-14.64 29.08
6.03 -12.16
13.57 85.07
-8.1 -15.09
14.91 49.32
6.11 69.88
11.22 70.23
6.96 54.58
-11.05 -54.89
0.64 70.58
-14.37 30.72
-4.64 9.64
-6.74 -36.84
6.99 -11.35
11.5 77.76
2.65 67.55
2.93 -7.24
5.97 -13.3
-9.56 -21.09
6.67 54.72
10.53 33.91
-8.67 69.63
8.76 -17.36
-3.99 4.82
14.23 -27.81
-13.72 -63.98
1.31 -2.38
-10.19 -50.07
0.14 21.7
13.65 68.9
-7.04 -11.6
2.47 70.87
12.81 -25.73
5.14 10.82
14.4 46.67
0.77 69.39
-8.65 17.83
-4.48 1.75
11.26 -24.07
-11.21 69.68
-13.51 -64.87
-6.51 -7.8
-5.13 -29.96
7.28 19.7
-13.75 26.76
-5.99 9.26
-5.29 -31.85
13.9 86.05
-8.28 18.46
4.94 -10.02
-2.61 12.13
7.47 56.22
13.86 45.63
10.87 70.83
1.05 70.68
8.83 24.21
7.44 56.07
-0.44 72.18
2.77 69.44
1.54 -3.33
-12.11 23.9
-10.66 -25.21
10.72 69.76
10.83 72.59
7.47 58.27
-7.52 70.12
-2.92 8.37
11.51 77.26
-11.18 -27.48
-13.87 71.76
3.97 40.23
-11.33 69.53
2.61 1.54
-14.75 -44.72
10.3 -21.33
0.23 23.4
-13.18 -38.52
-8.84 16.65
14.76 -29.61
-13.26 72.66
10.64 73.44
1.54 -3.17
6.14 -11.71
-7.99 16.72
0.57 25.0
-0.63 68.75
0.66 70.04
-11.28 -55.42
13.42 82.87
0.15 1.15
-8.99 -44.99
6.6 54.24
2.17 0.57
-1.5 70.8
6.95 56.37
-13.06 26.86
0.92 -1.58
-1.52 71.11
-4.74 1.05
-1.29 -14.16
-14.77 28.51
-4.38 3.34
-6.78 68.53
-3.99 -24.56
-6.11 12.93
14.34 89.7
-11.8 69.68
9.22 69.38
4.45 -10.32
13.12 -25.34
-11.13 68.84
-0.6 1.21
-0.11 24.41
14.12 68.12
2.38 34.83
-1.65 -15.98
6.16 51.49
9.15 65.6
10.94 70.89
1.54 30.65
1.46 68.99
-11.81 -56.76
-3.95 70.79
10.51 70.15
2.57 0.98
12.85 70.22
-1.13 -14.43
2.74 34.0
8.02 68.14
5.98 -12.22
2.09 32.33
8.3 23.66
-12.34 -58.76
-0.32 20.64
8.99 27.12
12.02 -25.05
8.38 -18.22
13.14 43.02
10.28 68.16
6.64 17.94
-11.14 -55.35
-9.14 -19.26
-5.47 69.09
-11.99 -31.28
-2.62 -20.78
-9.24 18.91
14.86 70.2
14.27 48.88
13.19 69.57
12.74 72.27
7.96 59.11
12.79 82.71
-1.37 3.75
-4.11 3.37
11.91 -23.76
-8.32 -44.32
13.1 -25.37
-9.01 70.85
9.04 67.22
-14.93 -69.96
5.08 69.11
-1.23 -14.81
-13.26 26.57
3.21 2.97
10.0 70.64
-11.98 70.25
-9.59 69.73
-6.33 -5.12
-12.16 24.69
-14.79 72.32
-12.32 -33.6
2.42 69.63
-11.81 24.4
13.73 -28.13
-11.17 22.14
-11.3 -54.03
-3.24 69.33
6.48 16.2
14.09 87.98
-6.71 12.62
1.48 -5.54
3.97 -7.71
2.87 -7.04
13.0 83.59
6.57 -14.56
-1.63 70.58
-6.12 -5.35
-13.23 -37.41
5.2 -11.97
12.87 82.8
8.28 69.27
10.93 73.16
-12.36 -34.09
0.31 22.43
8.61 61.08
9.57 71.58
10.63 -20.04
12.91 69.01
12.09 77.78
12.29 -23.2
13.83 70.1
14.14 70.39
4.18 -9.19
0.94 29.47
-6.9 13.34
4.33 42.82
4.2 42.24
9.62 69.71
-13.53 26.01
13.45 -28.12
4.78 46.2
-1.79 16.08
4.23 70.31
-3.5 6.82
11.15 -23.99
8.12 21.24
-9.64 70.19
-9.3 69.34
1.88 -2.11
2.55 36.41
-2.21 -19.2
6.65 69.73
9.15 71.48
7.2 17.85
-1.42 16.51
9.46 70.94
2.9 36.26
11.33 -22.41
-8.95 16.4
14.57 70.43
10.2 30.65
-6.72 -8.26
-3.12 5.29
12.33 80.73
-11.48 68.1
1.96 69.34
14.13 69.86
-7.98 -14.55
6.36 52.62
-7.99 -40.93
-0.39 72.37
-10.42 70.43
-10.7 -51.77
7.81 69.54
1.79 -3.51
-4.89 10.14
1.3 28.92
-1.1 19.32
3.52 38.94
-7.59 -13.71
-14.72 -42.45
7.4 57.07
-5.15 10.06
-4.4 8.62
11.82 -24.61
-5.62 9.71
2.54 33.68
9.06 -18.09
14.83 -31.09
-14.04 28.04
5.58 11.89
-9.92 -22.68
4.67 -8.63
-2.64 11.51
2.9 36.55
-6.77 70.82
-8.21 70.67
-14.48 69.59
13.42 71.01
-0.13 -11.59
7.56 69.57
-14.4 28.29
13.18 42.96
6.62 71.23
-11.94 -58.05
-4.57 -27.56
11.79 -23.65
-2.17 13.01
-2.23 3.13
-9.35 -20.63
-1.28 17.6
-8.57 -16.24
10.73 -20.66
-8.03 16.31
-10.75 -27.61
-13.01 71.89
4.57 8.32
-9.09 68.34
8.63 70.4
-9.02 -19.57
7.09 57.07
-5.58 69.78
6.48 70.19
-6.95 69.26
-11.83 -57.92
-9.21 68.0
-1.06 70.63
-8.02 -12.31
-6.17 68.68
-2.77 -20.07
4.46 43.32
-2.79 9.17
-11.93 -32.56
5.03 -10.1
-7.48 -39.89
