Execution time: 8.737007141113281
mse: 0.9931912165780267
Regression coefs:
	[array([9.99125705]), array([1.00064557]), array([3.99664875])]
Regression interception:
	[np.float64(750.1074976450966), np.float64(-149.8771137879096), np.float64(270.08596938484993)]
Clusters:
[2 1 0 2 2 1 0 1 0 0 1 2 1 0 0 2 0 2 1 2 2 0 0 2 1 2 2 1 0 0 0 2 0 0 0 2 0
 2 2 1 2 1 2 0 2 0 1 0 2 1 2 0 2 2 2 2 0 1 0 0 0 2 2 0 0 1 0 1 0 0 1 0 1 2
 1 0 2 2 1 2 2 1 0 2 0 2 0 2 2 1 0 0 2 0 1 1 0 1 0 2 1 1 1 0 2 2 2 0 0 1 0
 0 0 1 1 2 1 1 2 0 2 1 2 0 1 2 0 1 0 1 1 2 0 1 2 1 0 0 1 1 2 0 0 1 2 0 2 1
 2 1 0 1 2 2 2 0 1 0 2 0 2 1 2 0 0 0 0 1 0 0 1 1 2 2 0 0 0 1 0 0 2 1 2 0 2
 0 2 2 2 2 1 2 1 1 2 2 1 0 1 0 0 1 0 2 1 1 0 2 2 0 2 2 0 2 2 1 2 1 1 2 2 0
 0 1 1 1 2 0 1 0 1 1 1 0 0 1 1 0 2 0 0 1 1 0 2 0 2 1 2 0 0 2 1 2 0 0 1 2 2
 0 0 0 1 1 2 2 0 0 1 0 1 0 2 1 0 1 1 0 0 2 2 1 0 0 0 1 0 1 1 2 1 1 0 1 1 1
 0 0 0 2 1 1 0 2 2 1 0 0 2 2 0 2 0 1 0 0 1 2 0 1 1 1 2 1 0 2 0 1 0 2 1 2 1
 1 2 0 0 2 2 0 2 2 0 2 1 1 1 1 2 2 2 2 2 0 2 2 1 1 1 2 1 2 0 0 2 1 0 1 2 0
 2 0 2 2 2 2 1 2 0 1 1 2 0 0 0 1 0 1 1 0 2 0 2 0 1 2 2 1 2 2 2 1 0 0 2 0 2
 0 2 1 0 2 1 2 2 2 1 1 1 1 0 2 1 0 2 1 1 0 2 2 1 2 0 0 0 2 2 0 0 2 2 1 1 1
 2 0 2 2 1 0 1 1 0 2 0 0 1 1 2 2 1 2 0 1 0 1 2 1 1 1 1 1 0 1 0 0 1 1 2 1 1
 1 2 2 2 2 2 1 0 0 1 1 0 0 2 2 1 1 1 0 1 1 1 0 2 1 0 1 0 2 0 1 0 0 0 1 1 1
 2 1 2 1 0 2 0 1 2 0 2 0 2 2 1 1 0 1 1 0 2 2 1 1 1 0 2 2 1 1 2 0 0 2 0 1 2
 2 0 0 1 2 2 2 0 2 1 0 0 2 1 1 0 2 1 0 0 2 0 0 0 1 1 1 2 1 2 1 1 0 2 2 2 2
 1 1 2 0 1 2 1 0]
