Execution time: 3.9177961349487305
mse: 0.9234061595601274
Regression coefs:
	[array([1.99669379]), array([0.70251654])]
Regression interception:
	[np.float64(-0.12354755784994831), np.float64(-9.017831727003243)]
Clusters:
[1 0 1 1 1 1 1 1 1 1 0 1 0 0 0 1 1 0 0 0 1 0 1 0 0 1 1 1 1 0 0 1 0 1 1 0 0
 0 1 1 0 0 1 1 1 0 1 1 1 1 0 1 1 0 0 0 0 0 1 1 0 0 1 0 1 1 1 0 1 1 0 0 0 0
 0 1 0 1 0 0 0 0 1 1 0 0 1 1 1 1 1 0 0 0 1 1 0 0 1 1 0 0 1 0 1 1 0 0 1 1 1
 1 0 0 0 1 1 0 1 1 0 1 1 0 1 0 1 1 1 1 0 0 1 0 1 1 1 0 0 0 1 1 1 1 0 0 1 0
 0 0 0 0 0 1 0 1 1 0 1 0 0 1 1 1 1 0 0 0 1 1 1 0 0 1 1 0 1 1 1 0 1 0 1 1 0
 0 0 1 0 1 0 1 1 1 0 0 1 1 1 1 0 0 1 1 1 0 0 0 0 0 0 1 0 1 0 1 1 0 1 1 1 1
 1 1 0 0 1 0 0 0 1 0 1 0 1 0 1 1 1 0 0 1 0 1 0 1 0 0 0 0 1 1 1 0 0 0 0 1 0
 0 1 0 1 0 0 1 0 1 1 0 1 0 0 0 0 0 0 0 0 0 1 1 1 0 0 0 1 0 1 1 0 1 1 0 1 1
 1 0 0 1 0 0 1 0 1 1 0 0 0 0 0 0 1 1 0 0 1 0 1 1 1 0 1 1 1 1 0 0 0 0 1 0 1
 0 0 1 1 1 0 0 0 1 1 1 1 1 0 0 0 0 1 0 1 0 1 0 1 0 0 1 1 1 0 1 0 1 0 0 1 1
 0 0 0 1 0 0 0 1 0 1 0 1 0 1 0 1 1 0 1 1 1 0 0 0 1 0 1 0 0 1]
