Execution time: 21.514894723892212
mse: 0.9766521635415047
Regression coefs:
	[array([9.99296522]), array([3.99644552]), array([1.00304717])]
Regression interception:
	[np.float64(750.0204083471519), np.float64(269.98478583015697), np.float64(-150.02702082899427)]
Clusters:
[0 0 0 0 1 2 1 1 1 0 2 2 1 0 1 0 1 0 1 2 0 2 2 1 0 1 1 2 1 2 2 1 1 2 1 2 0
 0 2 0 0 0 2 0 2 1 1 0 2 1 1 0 2 0 2 0 2 1 0 2 0 0 2 0 1 0 0 2 2 0 1 2 2 0
 2 1 0 2 0 2 1 1 2 2 2 2 0 1 2 1 0 1 2 1 2 0 2 1 2 2 0 1 1 0 1 1 2 2 1 2 2
 2 2 0 2 0 2 2 2 0 0 2 1 2 0 2 2 0 0 0 1 2 1 0 1 1 2 0 2 2 0 1 1 2 1 0 0 2
 0 1 0 0 2 2 1 2 1 1 0 2 0 0 0 0 1 1 0 1 2 1 1 1 0 2 1 1 2 0 0 2 2 0 2 1 1
 1 0 2 2 1 0 0 1 2 1 2 0 2 1 0 1 1 1 1 0 0 0 1 1 2 1 0 0 2 2 1 0 0 1 1 2 1
 2 1 1 2 2 0 1 0 2 2 0 2 0 2 1 2 1 2 0 0 2 2 0 2 0 2 2 1 2 2 1 2 1 1 1 0 1
 0 1 0 1 1 1 0 2 0 0 1 1 2 2 0 0 2 0 0 0 0 1 1 1 0 2 2 2 1 0 2 0 0 2 2 1 0
 0 1 0 2 1 0 1 0 0 2 2 1 2 2 1 1 1 1 0 1 0 2 2 2 2 1 2 2 1 0 1 2 2 2 0 0 2
 0 1 1 1 1 0 0 2 0 1 0 2 0 1 1 0 1 1 2 2 0 2 0 2 2 2 1 0 0 1 0 1 1 1 2 2 0
 0 1 2 0 1 0 2 2 0 1 1 0 1 2 1 1 0 0 2 1 0 1 1 0 0 1 2 0 2 0 2 0 1 2 0 2 2
 0 2 1 1 1 1 0 1 0 1 1 0 1 2 1 2 2 0 1 1 1 2 1 2 2 1 2 1 2 0 2 2 1 1 2 2 1
 1 2 2 1 1 2 1 1 0 0 2 1 1 0 2 2 0 0 0 0 0 1 1 2 1 2 0 0 2 2 0 0 0 2 2 2 0
 0 2 2 2 0 0 2 1 1 0 1 1 2 1 2 0 1 0 1 2 1 0 0 2 2 2 1 0 0 0 1 1 2 1 1 0 0
 0 2 0 0 0 2 2 1 1 1 0 2 1 2 0 1 2 1 0 0 1 0 2 2 0 0 1 0 1 1 0 1 2 0 2 0 2
 0 2 1 0 0 2 1 1 0 2 0 1 0 1 2 0 1 1 1 1 1 0 0 1 2 2 2 0 2 2 2 2 0 0 0 0 0
 1 2 1 2 1 1 0 0]
