2.01 5.25
-4.39 -14.37
-1.18 -5.59
-1.09 -4.56
3.04 7.96
0.6 0.69
4.36 11.82
-1.34 -4.43
3.32 8.97
1.66 2.83
-1.6 -5.9
-4.25 -13.81
-1.64 -5.81
-0.45 -1.82
-2.09 -8.23
2.92 8.94
-4.47 -14.5
-1.08 -4.45
1.58 3.24
0.67 0.62
0.11 0.97
-2.67 -9.85
0.84 1.61
1.15 2.9
2.46 5.45
-4.34 -13.48
-3.31 -10.09
-2.15 -8.73
-2.06 -8.24
-2.89 -9.75
1.05 0.97
-4.28 -14.86
-3.68 -11.39
-4.32 -13.59
-3.68 -11.01
4.13 13.34
1.27 2.39
-3.57 -12.85
-0.9 -3.22
0.77 1.24
0.25 -0.98
-3.64 -10.9
-2.07 -7.09
-3.92 -14.49
-3.83 -11.27
3.26 10.55
-3.2 -11.79
-0.8 -4.68
-3.75 -10.35
1.79 5.55
4.63 12.58
-1.72 -6.09
0.84 0.29
-1.39 -4.87
3.5 10.84
3.86 10.08
0.09 -0.94
-4.53 -14.26
-0.38 -3.03
-3.67 -10.85
-1.12 -3.31
-1.93 -5.52
-2.01 -6.87
0.68 0.96
-4.47 -12.44
1.65 3.86
2.56 6.82
-4.55 -14.91
0.74 1.52
-3.77 -11.68
-2.96 -10.31
-2.66 -9.29
4.08 11.68
-0.76 -2.46
-4.18 -12.88
-0.32 -0.93
2.43 7.0
-1.99 -7.6
-2.39 -9.0
-4.16 -14.0
-2.91 -7.79
4.75 12.68
-4.1 -13.88
2.17 5.4
-3.72 -12.21
0.64 1.26
2.27 6.71
-3.57 -11.2
2.03 3.92
-0.0 -1.44
3.0 9.49
-3.57 -13.0
1.54 4.92
-4.31 -13.93
2.96 8.13
1.86 3.92
-1.48 -5.94
-0.67 -2.85
1.1 2.56
-4.39 -15.31
-4.89 -18.04
3.95 10.68
0.99 0.77
1.59 5.41
-3.08 -10.24
3.17 8.53
-3.21 -11.68
-1.88 -7.12
1.93 4.26
-4.05 -14.8
-3.62 -13.06
4.84 10.45
-3.01 -10.73
1.75 4.2
-2.94 -10.83
-4.92 -15.99
2.53 7.53
-0.3 -1.76
3.92 10.37
-1.83 -6.43
1.78 5.27
1.36 2.3
-3.05 -9.8
2.31 6.53
4.62 12.41
-2.67 -8.03
-1.51 -6.08
-2.93 -8.72
0.37 0.93
3.35 9.16
4.91 13.58
0.53 -0.96
-4.02 -11.59
2.4 5.64
2.32 6.51
-3.03 -11.28
-1.52 -7.27
-0.87 -4.1
1.57 3.24
-2.78 -7.98
1.33 3.34
-0.32 -2.48
-3.15 -11.28
2.03 5.18
3.98 10.15
1.26 2.76
1.2 1.17
3.93 11.93
2.91 6.03
-0.97 -4.97
3.81 10.72
-3.18 -10.0
-1.72 -6.09
4.24 12.57
3.06 7.93
1.62 4.59
-0.93 -5.9
4.53 13.83
-4.61 -14.61
-2.08 -7.32
0.1 1.09
-3.83 -10.87
-3.48 -12.1
0.12 -1.06
-0.34 -2.92
-4.11 -13.37
-4.07 -13.07
-1.42 -4.31
1.55 4.01
-4.69 -15.96
-3.23 -10.13
2.96 6.72
-0.41 -0.46
0.22 -1.47
1.0 1.1
3.22 8.79
1.1 1.21
1.72 5.75
-3.21 -11.91
1.68 5.5
3.18 7.65
-1.06 -4.87
-3.72 -12.62
4.5 12.04
2.86 7.67
3.71 11.22
2.49 7.39
2.16 4.83
3.08 7.9
0.27 -0.28
-1.42 -5.67
-0.56 -4.71
3.78 10.57
3.8 11.11
-3.45 -10.79
-2.79 -8.12
-1.77 -5.57
2.89 8.12
1.8 5.28
0.25 0.45
0.15 -0.84
2.25 5.27
-2.65 -9.05
2.41 6.22
0.9 1.03
-2.41 -8.04
-3.07 -8.53
-4.24 -13.22
0.67 0.53
-0.38 -1.47
-4.4 -13.86
4.14 11.9
-1.48 -3.62
3.5 7.64
-2.44 -7.98
-4.12 -11.71
-3.77 -11.92
0.94 3.32
-2.99 -10.86
2.94 7.33
-1.26 -4.03
2.76 6.77
-1.45 -5.08
-3.5 -11.3
3.59 9.71
-2.82 -8.21
0.12 -2.02
-1.23 -3.01
-1.88 -6.42
-3.76 -11.88
-0.39 -4.24
-0.25 -1.52
4.53 11.89
-0.7 -2.84
-4.98 -15.31
0.1 0.51
1.26 2.99
4.53 12.57
-2.62 -9.18
-3.63 -11.94
3.54 9.63
1.95 5.35
4.56 13.53
-0.83 -3.39
3.85 10.51
3.4 9.75
4.22 11.72
-2.69 -7.59
1.01 1.29
4.62 12.92
-3.95 -12.54
-3.02 -10.45
-3.03 -10.45
1.25 1.74
2.57 5.91
-0.38 -2.03
3.1 9.11
-3.63 -14.03
-4.86 -13.34
-0.9 -3.19
-4.11 -14.28
-3.03 -10.0
-0.99 -5.53
-3.46 -11.48
4.26 11.36
-4.92 -17.67
0.61 1.2
3.83 9.93
0.12 -1.99
4.05 9.41
-2.21 -6.15
-3.44 -11.32
-2.51 -9.26
-0.62 -3.63
-3.89 -12.7
-0.71 -2.44
1.15 2.67
-3.54 -13.21
-0.72 -4.9
1.9 5.08
2.74 7.4
-0.48 -3.6
0.38 1.51
1.2 3.16
-1.4 -7.46
-1.37 -5.3
-4.29 -13.96
3.48 11.43
3.13 8.55
-0.29 -1.72
3.28 8.26
4.62 14.92
-3.15 -10.42
-0.1 -1.9
-4.34 -13.12
-3.12 -11.4
-3.83 -12.42
-4.23 -13.54
-4.66 -15.12
2.59 4.91
