-1.72 -6.09
-1.42 -5.67
-4.25 -13.81
2.91 12.6
-3.94 -5.81
3.05 14.3
4.63 12.58
4.13 18.01
-4.13 -6.95
3.97 16.8
-0.26 6.49
-0.82 1.5
-4.24 -13.22
-3.21 -11.68
2.43 7.0
4.75 12.68
-0.43 4.95
3.4 9.75
1.66 2.83
3.95 10.68
-2.99 -10.86
4.69 19.55
-2.95 -5.54
-3.68 -11.39
-3.07 -8.53
-3.01 -10.73
3.84 17.22
-0.14 3.68
-0.32 -0.93
0.1 0.51
-4.16 -14.0
0.84 0.29
0.67 0.53
-3.05 -3.12
-3.57 -12.85
3.16 14.1
4.05 9.41
-1.88 -7.12
-1.43 0.35
1.15 2.9
1.49 10.61
-0.9 -3.22
-0.09 5.14
-3.07 -3.61
1.4 8.79
2.17 5.4
-1.25 1.48
-2.07 -7.09
-3.24 -4.61
3.52 14.83
1.05 9.04
-1.77 -5.57
-3.2 -11.79
2.26 11.81
-1.08 -4.45
-0.9 -3.19
-1.37 -5.3
-2.96 -10.31
-4.35 -8.71
-3.59 -5.69
-4.29 -7.51
2.29 10.76
1.68 5.5
1.18 8.58
0.15 4.52
4.94 19.8
0.74 1.52
-0.72 -4.9
-0.48 -3.6
3.92 10.37
2.49 7.39
2.18 10.86
0.15 -0.84
1.09 8.6
-1.24 1.42
-2.21 -6.15
-4.62 -9.24
-1.48 1.78
3.32 8.97
-3.49 -3.63
0.6 6.0
-1.2 -0.09
-2.06 -1.34
-1.4 -7.46
2.85 15.31
4.43 18.72
-0.3 -1.76
3.74 16.36
-4.53 -7.56
-0.03 5.72
-4.47 -14.5
0.49 6.06
1.95 5.35
-3.03 -10.0
3.78 15.33
-4.59 -9.64
3.03 14.88
-1.58 0.41
-0.39 -4.24
2.13 13.62
1.72 5.75
3.06 7.93
3.17 8.53
4.9 18.74
-3.23 -10.13
-2.3 -1.09
4.13 13.34
-4.92 -15.99
-0.93 -5.9
-1.48 -5.94
-3.42 -6.03
2.26 9.4
0.89 6.84
-2.14 -2.54
1.57 3.24
-3.48 -12.1
-4.07 -13.07
1.75 4.2
1.25 8.38
-0.8 -4.68
-3.45 -10.79
-4.07 -5.91
3.08 7.9
1.9 10.41
-1.97 -0.92
-4.49 -8.63
3.78 10.57
-4.69 -15.96
1.26 2.76
-3.83 -6.99
-2.35 -1.88
-2.6 -2.66
-2.56 -2.88
-2.91 -7.79
-1.72 -1.8
3.29 17.7
-3.18 -10.0
-0.38 -2.03
0.45 6.44
-3.68 -11.01
-2.57 -3.72
-3.03 -10.45
-3.63 -11.94
4.14 11.9
3.4 14.98
-0.76 5.61
0.6 8.73
-0.38 -3.03
-2.79 -8.12
-4.46 -7.48
-1.3 1.4
2.03 5.18
-4.27 -7.72
1.96 12.03
4.26 18.38
-3.75 -10.35
-1.88 -6.42
2.96 8.13
3.5 14.99
-2.67 -9.85
3.5 10.84
2.84 14.93
0.17 5.29
1.94 11.35
4.14 17.21
-1.18 -5.59
4.53 19.72
-3.44 -11.32
-2.43 -3.14
-3.09 -2.94
4.17 16.5
1.63 10.03
-4.29 -9.74
-0.97 -4.97
-4.51 -8.66
-3.0 -3.9
-4.29 -7.18
-4.31 -13.93
-1.99 -7.6
0.77 1.24
4.11 16.1
-3.9 -4.7
-0.87 -4.1
3.83 18.1
3.5 7.64
1.15 2.67
-3.0 -5.35
-2.01 -6.87
4.47 17.92
-1.3 0.57
-1.48 -3.62
1.57 11.95
1.27 9.8
-1.34 -0.47
1.86 3.92
0.99 0.77
-0.38 -1.47
-3.2 -3.54
1.96 11.01
0.74 7.86
-2.06 -1.7
2.76 6.77
2.57 5.91
1.85 9.37
-4.68 -10.36
3.82 15.87
-3.46 -11.48
-1.23 -3.01
-0.8 1.78
1.93 10.58
4.84 10.45
1.43 8.72
-0.38 2.76
1.79 5.55
-4.36 -8.41
0.64 6.34
3.1 9.11
-2.41 -8.04
-4.39 -14.37
-0.29 6.14
-1.72 0.84
3.36 15.22
3.41 15.5
4.08 11.68
-3.14 -3.72
3.83 9.93
-0.53 3.74
-1.36 1.04
4.62 12.41
3.35 9.16
-2.89 -9.75
3.67 18.97
1.1 1.21
4.87 19.79
0.68 5.7
-3.15 -10.42
-4.11 -13.37
-4.28 -14.86
-1.42 -4.31
-0.67 -2.85
-4.4 -13.86
-3.64 -10.9
-3.89 -12.7
-0.95 1.36
-3.72 -12.62
3.54 9.63
2.52 10.84
1.36 2.3
-3.08 -10.24
1.76 9.86
1.27 8.7
-4.98 -15.31
2.92 12.43
4.27 18.23
-3.21 -11.91
-2.06 -2.41
-4.9 -7.84
-3.72 -12.21
0.48 5.08
-0.62 -3.63
-2.06 -8.24
-4.1 -13.88
0.16 5.13
2.86 7.67
-4.14 -7.76
3.04 7.96
0.9 1.03
1.94 8.62
-1.51 -6.08
-4.89 -18.04
2.96 6.72
-3.63 -14.03
-0.99 -5.53
-4.27 -8.15
0.68 0.96
-2.13 1.39
-3.64 -7.23
-1.16 -0.19
-0.65 1.88
1.0 1.1
2.4 5.64
1.55 4.01
-2.45 -2.76
-2.73 -3.59
4.91 13.58
3.18 15.64
-2.55 -3.59
-3.57 -11.2
0.19 5.03
4.26 11.36
2.63 12.29
2.98 14.21
1.44 7.38
1.27 2.39
2.03 3.92
-3.66 -5.55
2.22 13.25
3.86 10.08
-4.05 -14.8
-4.12 -11.71
-4.92 -11.17
-1.06 -4.87
-4.66 -15.12
-2.94 -10.83
-3.83 -12.42
1.65 3.86
4.53 12.57
-3.83 -10.87
4.51 20.11
-4.68 -10.5
4.36 11.82
0.53 -0.96
2.08 11.56
-1.6 -5.9
-2.72 -3.67
-3.57 -6.3
1.83 9.92
-0.71 -2.44
-4.11 -14.28
-4.84 -9.4
-3.02 -10.45
-2.82 -8.21
-3.05 -9.8
4.02 16.49
1.25 1.74
3.26 15.79
1.78 5.27
2.04 11.19
1.98 12.22
-1.16 2.26
3.59 9.71
-4.95 -11.3
-3.62 -13.06
2.74 7.4
1.54 4.92
-4.1 -8.51
1.49 9.78
-3.54 -13.21
-4.86 -13.34
-1.51 0.16
1.2 1.17
-0.96 3.25
-0.02 4.47
-4.18 -12.88
-2.15 -8.73
-4.92 -17.67
-0.83 2.99
-3.64 -7.07
-4.61 -14.61
0.27 -0.28
0.61 1.2
3.28 8.26
-3.5 -11.3
3.1 14.18
-4.47 -12.44
-0.68 0.24
1.65 11.68
0.79 7.92
2.25 5.27
3.32 15.82
3.81 10.72
4.86 20.5
3.93 17.13
0.75 8.32
-3.77 -11.92
3.22 14.63
1.78 9.64
-1.26 -4.03
-4.3 -9.04
-4.06 -6.65
-3.4 -5.05
2.32 6.51
0.8 8.56
-3.87 -8.0
-4.02 -11.59
3.48 11.43
-2.69 -7.59
4.69 18.14
2.41 6.22
0.12 -1.06
4.07 16.25
2.92 8.94
-1.06 0.95
0.25 -0.98
-3.43 -6.18
2.38 10.85
-4.34 -13.48
0.22 -1.47
-0.76 -2.46
2.16 11.68
1.62 10.3
-4.6 -9.5
-1.58 -1.4
0.15 5.61
-0.34 -2.92
-1.97 -0.35
-3.79 -6.95
-2.63 -2.98
4.99 18.45
4.62 19.13
1.68 9.38
-2.08 -7.32
0.09 -0.94
-2.39 -9.0
4.87 18.41
-0.32 -2.48
-2.35 -0.87
3.44 16.7
1.62 4.59
1.2 3.16
-2.66 -9.29
-1.9 0.2
-2.47 -1.79
2.94 7.33
0.12 -1.99
3.35 15.27
0.84 1.61
-0.74 4.69
-2.51 -9.26
-0.56 -4.71
-1.52 -7.27
4.56 13.53
-4.34 -13.12
-0.0 -1.44
-2.89 -4.69
0.64 1.26
-0.9 3.8
2.01 5.25
4.5 12.04
3.71 11.22
2.53 7.53
-3.83 -11.27
-4.39 -15.31
2.46 5.45
0.0 4.14
1.93 4.26
-3.58 -6.79
3.8 11.11
-2.77 -2.98
-3.39 -5.02
-1.26 1.5
2.31 6.53
-0.83 3.14
3.98 10.15
0.03 6.07
0.27 7.27
3.93 11.93
2.56 6.82
-3.77 -6.99
0.12 -2.02
-4.7 -9.86
-2.65 -9.05
-2.88 -4.27
4.53 13.83
0.56 8.17
0.6 0.69
0.67 0.62
0.8 8.78
2.51 13.84
4.97 20.63
1.01 8.96
4.74 17.78
2.35 10.39
3.78 15.72
-2.93 -8.72
1.58 3.24
-2.09 -8.23
4.22 11.72
0.11 0.97
-2.67 -8.03
1.26 2.99
-3.12 -11.4
4.47 16.68
3.42 14.43
2.91 6.03
-1.44 1.73
-1.13 1.01
3.13 8.55
3.22 8.79
-1.39 -4.87
-3.95 -7.26
4.62 12.92
-4.47 -8.39
4.07 16.26
-0.29 -1.72
0.38 1.51
3.99 15.54
2.81 13.64
-2.73 -3.35
-1.11 3.6
3.0 9.49
-0.81 3.87
0.25 0.45
3.85 10.51
4.3 19.58
2.69 12.9
-3.92 -14.49
-1.76 -1.53
-4.19 -6.91
3.18 7.65
-0.83 -3.39
-4.23 -13.54
4.37 16.94
-3.47 -5.98
1.8 5.28
-1.72 -6.09
1.05 0.97
2.77 12.59
-2.5 -4.02
-4.53 -14.26
0.1 1.09
-1.09 -4.56
4.24 12.57
3.64 15.91
-3.57 -13.0
-2.05 -2.17
2.69 14.06
1.01 1.29
3.71 17.96
-0.94 3.27
2.05 11.65
4.53 11.89
1.8 10.2
3.59 14.34
3.08 13.12
0.94 3.32
2.31 11.99
-1.64 -5.81
-0.41 -0.46
1.59 5.41
2.28 11.2
-4.81 -8.2
-2.78 -7.98
-0.25 -1.52
-1.02 1.25
-1.45 -5.08
0.37 0.93
1.98 9.66
1.33 3.34
1.0 8.63
-3.03 -11.28
4.75 20.27
1.9 5.08
-4.55 -14.91
-3.6 -6.19
3.0 13.18
-2.89 -3.62
3.8 17.8
-2.12 -0.93
-3.77 -11.68
-0.69 1.71
-0.7 -2.84
2.59 4.91
-2.62 -9.18
3.2 16.42
1.1 2.56
-1.41 1.39
-3.56 -4.4
4.06 15.54
-3.37 -5.21
-0.1 4.98
-0.1 -1.9
-2.44 -7.98
3.42 14.73
2.11 10.18
0.07 5.03
0.08 5.21
-3.91 -7.51
-2.01 -0.88
-4.32 -13.59
3.26 10.55
-3.15 -11.28
-3.77 -6.38
-4.29 -13.96
3.03 16.88
-3.19 -3.36
-1.15 4.3
-3.31 -10.09
-0.45 -1.82
-3.95 -12.54
-1.83 -6.43
-0.55 2.38
4.62 14.92
2.16 4.83
1.57 10.28
-3.14 -3.99
2.27 6.71
1.3 11.13
-1.57 0.21
-3.67 -10.85
-1.12 -3.31
-3.76 -11.88
-0.05 4.08
-1.34 -4.43
-2.46 -2.74
3.04 16.06
-1.93 -5.52
2.89 8.12
1.96 11.46
-1.56 0.1
