4.08 18.15
1.58 10.65
-3.97 -7.37
2.01 10.44
-2.62 -3.8
3.11 13.65
2.3 12.65
1.81 9.89
-1.37 1.15
3.89 16.92
2.11 11.68
1.15 6.46
-1.94 -0.47
0.47 6.55
-3.5 -5.77
-1.37 1.87
4.34 18.43
-1.91 -0.65
2.55 13.19
0.46 5.98
3.7 16.34
1.39 10.86
1.33 8.0
4.77 19.63
-4.54 -9.37
-1.79 -0.67
3.64 17.08
-4.51 -9.15
1.17 10.07
0.85 7.67
-4.16 -7.47
-4.8 -8.14
3.94 16.8
2.61 10.71
3.64 15.91
-1.27 1.5
3.05 13.66
0.61 7.15
-4.28 -9.69
-0.11 4.92
-3.52 -5.07
1.14 7.0
2.37 10.26
-4.22 -8.26
1.11 8.01
4.91 19.86
-4.27 -8.96
4.36 18.29
3.9 17.88
-3.84 -7.88
-1.69 -0.67
-0.85 1.59
-0.36 4.43
-4.4 -9.03
-4.15 -7.61
-2.34 -3.87
-1.73 -2.32
-1.83 -0.2
-3.79 -5.56
-3.1 -4.98
-0.05 5.72
-3.26 -4.45
0.54 5.76
2.6 11.93
2.61 11.51
2.19 12.93
-2.94 -1.96
2.42 11.73
4.03 16.83
-4.46 -8.0
-4.36 -6.37
-1.82 -0.91
-0.52 3.85
0.64 7.36
2.18 10.71
-1.9 -2.07
-1.01 1.57
4.52 19.14
4.05 16.88
-4.04 -6.91
-4.55 -7.9
3.24 14.22
-0.05 5.5
1.33 9.57
-0.51 3.73
2.88 13.59
-3.22 -5.19
-2.2 -2.44
3.76 15.08
3.77 17.55
2.24 11.98
-0.45 2.86
-3.78 -7.44
-0.48 3.67
4.8 19.72
1.13 8.55
1.31 10.22
1.84 11.25
-3.16 -4.86
-0.4 3.99
0.46 5.35
-0.92 3.35
0.84 9.47
-0.86 0.85
-3.17 -4.77
-4.94 -9.66
4.78 19.45
-2.75 -3.13
-0.78 1.82
1.45 8.97
1.64 11.01
-4.87 -10.41
1.19 8.01
-4.71 -9.39
3.21 14.36
2.27 11.35
-3.35 -4.55
1.47 8.91
-0.95 1.17
1.47 11.32
3.82 15.89
3.75 17.55
-4.54 -10.22
-1.07 1.26
2.46 12.18
-3.47 -5.14
4.62 20.26
4.4 18.2
4.34 18.12
0.42 6.16
-2.96 -4.25
1.92 11.91
-1.3 2.05
-2.28 -1.98
-0.66 2.69
3.48 14.81
-0.48 2.6
-3.33 -4.44
3.6 14.28
-1.41 0.85
-2.39 -2.16
4.21 16.75
0.08 5.26
-3.37 -5.82
4.16 17.84
3.53 15.63
1.84 10.72
-1.4 0.55
-3.93 -5.99
1.83 10.52
-0.63 3.58
0.1 5.45
4.79 20.21
-1.54 1.82
0.45 6.85
-1.37 1.91
-0.37 2.11
-0.94 2.34
4.57 18.17
0.2 6.66
-2.03 -3.17
4.15 18.26
-1.93 -1.2
-4.94 -9.25
3.59 15.67
1.8 11.53
-3.56 -5.69
-0.06 4.96
1.19 9.03
-2.69 -3.21
2.24 12.84
-4.79 -8.28
4.67 18.53
-3.22 -4.46
1.83 9.2
-3.87 -7.09
1.93 11.29
2.56 14.08
-1.09 3.45
4.04 17.8
3.81 17.36
0.3 4.73
2.97 11.91
-1.83 -0.23
-0.32 4.65
-4.93 -11.3
-3.33 -4.81
4.78 18.85
-2.5 -2.33
3.19 13.84
0.97 6.91
-4.15 -7.86
-3.65 -6.42
-1.57 0.11
-0.44 4.88
-0.61 2.11
-3.41 -4.56
-0.32 3.38
0.99 7.31
-0.72 2.64
0.28 5.92
1.5 7.39
-0.68 2.85
0.44 5.45
-3.49 -5.4
-0.31 3.05
0.37 5.84
4.29 16.19
1.61 9.59
-3.54 -7.61
1.39 6.61
-3.3 -5.32
-4.46 -6.92
-4.56 -8.37
1.07 7.71
-2.37 -2.66
-3.11 -4.42
-3.91 -7.24
4.36 19.27
-2.37 -0.79
-4.64 -8.66
-3.43 -4.13
2.6 11.88
-3.61 -3.38
1.43 10.05
2.7 13.68
-2.28 -2.4
1.56 10.41
-3.11 -3.39
-0.26 4.04
4.12 19.11
-3.75 -6.69
-2.25 -2.79
-3.09 -2.86
-3.68 -5.94
-3.08 -3.78
3.8 16.72
1.64 9.79
-0.74 3.42
1.07 7.7
1.63 9.9
1.07 7.55
4.07 17.83
2.75 14.55
-3.11 -4.8
0.1 4.93
-2.44 -1.45
3.46 15.64
3.24 14.04
-4.52 -8.1
4.61 19.6
-2.36 -2.78
3.14 13.82
3.03 15.58
-1.02 1.41
-1.91 -0.25
-4.73 -9.3
3.28 15.72
-2.61 -3.22
2.3 10.27
-0.62 4.1
-4.53 -8.66
-0.0 3.74
-0.33 4.36
4.85 17.22
-2.35 -2.39
4.96 21.17
0.57 7.07
-4.85 -10.39
3.15 16.65
-2.43 -0.51
0.42 8.58
-2.46 -0.81
1.07 7.83
-4.41 -7.6
-4.88 -8.73
1.69 13.03
-3.66 -6.71
2.1 12.81
4.08 17.37
-2.93 -4.49
4.3 16.99
0.05 4.2
-0.76 2.07
2.67 12.39
-1.21 -0.08
3.1 14.94
1.75 9.93
4.71 19.04
3.39 15.26
2.06 13.01
-1.99 -0.24
4.77 18.51
1.4 7.78
4.02 15.44
-1.12 2.16
-1.17 1.11
-1.31 -0.05
0.71 7.85
-0.62 2.78
