10.9 -3.06
9.75 -19.98
24.31 -49.75
-19.91 -62.42
-13.48 26.34
12.0 -3.2
-23.71 -70.05
-17.23 -51.92
-19.87 38.2
-0.49 -1.91
10.65 31.36
-7.55 16.47
-1.04 1.77
7.18 -14.52
4.33 13.42
-19.31 38.47
-24.61 49.62
3.37 -5.84
-11.14 -33.83
-8.19 -25.93
2.37 8.52
18.33 -4.63
-15.98 -47.89
-18.17 37.62
-5.96 10.71
-16.69 3.66
23.15 69.37
24.5 -6.4
4.51 14.03
15.83 -4.72
15.52 45.59
-21.86 -67.35
-2.11 -7.95
-5.66 -16.39
-24.08 4.67
15.95 47.52
12.08 -24.55
-7.08 13.59
-21.9 43.41
-0.43 1.63
-3.57 2.54
-12.04 -35.74
1.47 4.22
12.77 40.21
-17.28 -52.63
-23.73 47.22
-21.96 43.7
16.78 -33.55
7.89 24.47
10.71 -22.25
7.03 20.72
-9.22 -27.4
-3.83 0.26
19.1 57.94
12.12 36.73
-21.16 -64.06
0.01 0.1
-9.6 2.73
15.58 -32.81
23.17 -48.6
14.42 42.9
-7.5 14.64
13.39 40.91
19.6 -6.01
23.79 73.45
10.65 -23.86
17.13 -34.78
8.53 0.01
-2.99 0.94
12.79 38.77
6.82 -12.5
-20.37 40.64
-21.45 43.66
0.56 0.64
24.03 71.71
13.91 -2.7
13.7 -2.06
-22.7 46.26
-8.46 -25.15
11.11 32.98
-22.43 -66.62
-15.19 30.65
-15.93 1.96
-10.98 -33.5
-4.95 -15.4
-22.08 -65.24
19.29 -4.92
-7.98 -22.46
24.9 -3.95
-17.86 35.65
-17.95 4.89
-0.73 1.8
-17.92 35.15
15.07 -31.15
20.32 -41.1
20.47 -39.11
-9.92 -30.44
-4.44 -13.22
18.28 -35.87
-16.76 -50.09
16.77 51.5
10.82 -21.53
10.4 -21.72
5.5 15.36
-13.78 27.07
-10.26 21.14
19.31 -39.35
-1.64 3.33
14.85 44.03
-4.99 0.7
-16.01 -46.7
-4.73 -0.19
14.8 -3.0
-24.77 3.92
15.91 -30.96
-16.92 33.09
14.65 -2.47
-3.57 -11.99
13.06 -24.77
6.9 -0.58
-21.41 5.22
21.29 -43.06
1.49 -0.44
4.99 12.32
0.87 -2.57
-20.48 2.23
-17.77 35.82
-2.49 4.75
19.43 -39.09
-8.92 -27.02
-10.88 1.84
12.65 -24.58
-12.01 -37.02
-19.17 -56.06
-15.59 30.93
22.32 -42.78
5.0 -10.49
-2.09 1.63
11.89 -25.37
20.65 62.74
-5.63 10.64
-4.77 -13.04
-18.67 2.96
10.53 32.52
-20.89 4.59
-15.82 32.22
11.96 -23.35
5.47 17.0
-21.27 41.18
-8.14 15.39
2.56 -0.89
14.46 -28.71
19.61 59.58
15.51 -30.35
5.26 -10.62
-8.38 16.56
15.71 47.75
6.3 -2.13
1.41 -0.07
4.39 -9.11
-22.32 4.23
-4.89 -16.54
-9.57 18.75
17.04 -33.79
-6.42 -19.46
-24.12 -72.2
-6.77 0.26
-11.78 -35.71
-9.31 18.4
23.26 -46.75
-9.99 3.25
17.67 -35.12
2.2 5.15
-15.53 2.61
20.5 63.2
-23.83 -70.3
3.37 -2.02
21.11 -2.97
16.64 -2.41
-19.34 -59.32
13.96 -28.22
5.09 14.38
-21.64 4.28
8.03 -0.34
-14.85 2.39
24.57 73.31
6.13 -10.93
-21.84 43.59
0.52 0.08
8.18 -16.31
1.52 -4.4
-13.39 1.81
-16.58 2.71
12.76 37.75
19.66 -39.01
-0.47 -0.43
-3.71 -11.01
0.06 -0.18
13.03 -4.27
-2.21 1.91
11.2 32.98
15.7 47.95
-23.14 47.58
10.79 -1.88
-0.09 0.39
10.59 30.88
0.66 -0.99
21.71 -44.0
-13.62 3.09
-24.22 -72.01
22.85 -45.86
-19.11 2.97
-5.37 2.87
19.07 58.57
7.53 -14.77
22.59 69.18
7.99 -2.94
-8.37 0.4
19.91 59.47
-18.73 36.33
6.96 -0.72
12.75 -25.98
-16.92 34.29
-21.55 -64.87
15.76 46.72
0.34 -0.48
8.19 -15.46
-10.76 -32.24
-5.48 1.95
-15.84 -46.19
1.11 -1.78
-22.13 -65.82
14.68 -3.55
-6.09 -17.48
-0.07 0.95
22.39 -43.51
3.45 9.45
-8.43 -25.37
0.18 0.94
10.86 -1.58
6.39 -13.57
8.09 -16.37
9.24 -16.46
-24.98 -73.93
15.83 -3.08
23.94 73.77
17.94 -35.43
-2.52 1.45
14.19 42.27
3.64 -7.85
9.79 -2.98
16.7 49.2
-2.45 -8.51
-11.32 3.25
-4.97 -13.98
-15.09 2.94
-5.22 2.57
8.27 -1.28
4.76 0.02
-18.73 36.84
17.43 -2.23
-1.03 0.83
-7.27 -19.8
18.6 -3.89
22.12 -42.51
-1.32 2.74
-4.57 1.79
-13.09 2.92
-6.62 2.53
22.56 66.55
-23.75 -71.08
-1.77 -0.2
-21.7 3.97
9.65 -19.96
-19.86 -60.41
-4.88 -14.61
-23.84 2.39
22.79 -2.64
17.73 54.15
17.91 -36.44
16.02 -4.34
15.7 46.64
-8.68 2.49
-6.15 1.41
-7.93 2.17
3.95 -8.44
5.51 -2.17
4.58 -8.64
13.37 -1.02
-12.48 2.36
-0.26 0.66
-12.57 -37.62
-23.08 -69.72
-8.43 18.29
4.61 -1.42
13.36 39.74
-17.21 34.25
-20.61 -62.51
-6.78 1.6
21.22 -42.81
15.01 -28.87
-22.2 -67.53
-9.72 2.34
14.12 -27.62
-10.54 22.84
8.25 -16.0
17.36 -35.71
-17.3 34.6
11.16 -21.74
-24.87 49.05
9.07 -1.71
3.51 -8.24
-12.18 3.49
13.92 40.39
1.08 5.23
-16.8 33.23
-0.7 -1.08
-10.35 21.3
23.46 -4.93
-5.84 -17.4
-4.84 -13.68
6.0 -2.21
-3.02 5.1
-0.13 -1.59
8.31 -1.39
-13.3 26.31
8.48 26.28
-17.58 32.99
8.83 27.22
3.29 9.87
-1.96 -0.51
-18.78 4.38
9.91 29.35
1.02 -3.23
9.61 30.24
17.57 -1.78
-3.91 -11.35
1.89 7.07
-16.03 31.96
13.29 -25.83
-3.91 7.86
-9.08 0.52
13.64 -2.74
-22.33 46.25
-19.63 39.26
-0.66 1.14
20.6 -2.19
21.56 -4.25
21.79 -4.99
-16.94 -50.91
-20.02 2.96
2.75 -5.78
9.08 25.94
0.75 0.78
-20.89 5.61
-20.48 39.87
-11.26 22.37
-18.13 -53.85
-12.47 -37.18
24.28 -48.93
23.88 70.65
-22.66 6.66
-2.28 -6.66
13.92 -27.91
-8.35 -23.89
4.26 -1.15
-15.37 -45.77
1.63 -1.21
19.2 -3.48
-13.58 -40.15
5.78 1.11
-11.15 1.0
15.97 -3.21
-18.37 2.36
-8.2 -25.25
-7.47 1.56
-2.33 0.26
-16.02 -50.36
-0.13 -0.58
-14.96 4.04
-19.42 39.9
9.77 30.53
9.34 28.04
-8.12 -24.0
3.77 -8.69
11.29 -2.53
10.23 -19.01
21.91 -43.97
-15.52 -46.99
-19.84 4.24
-11.7 3.57
8.82 -17.53
10.54 32.07
24.31 74.01
-9.65 2.21
5.79 -11.27
7.46 -16.01
-8.62 15.95
-11.34 22.18
-1.54 -3.62
13.88 -27.9
-15.91 2.1
15.1 45.94
21.57 63.04
12.47 -24.56
11.98 36.52
20.84 64.48
-7.39 1.08
7.99 -0.47
-11.93 24.34
0.93 3.25
-24.28 48.38
11.58 -24.66
20.86 61.57
-1.69 2.84
-13.51 4.59
-10.11 -29.18
-12.88 -39.83
-3.46 -12.83
18.51 -3.79
3.82 13.28
-13.61 -41.72
4.87 12.59
18.55 57.23
-2.12 4.3
9.58 28.56
-19.34 3.6
2.28 -5.92
16.97 51.36
-0.47 -0.02
9.2 -17.86
-5.6 1.95
-10.31 -31.11
-23.29 -70.71
7.09 21.57
-4.51 8.11
2.97 -5.51
2.59 0.86
-4.48 -0.57
10.93 -22.69
-18.64 3.1
-18.31 37.01
-24.41 49.2
8.43 -2.42
-5.73 -0.26
-19.47 38.88
-8.63 -25.72
3.4 0.61
18.4 -37.04
-17.51 -50.78
3.27 10.63
11.23 -22.42
19.35 -4.85
20.57 -4.31
3.76 12.26
-15.81 32.01
15.35 -2.28
21.82 -45.62
13.47 -4.08
16.36 -32.56
-12.77 26.13
-7.52 -23.86
-19.26 5.76
5.73 -12.18
-20.91 2.93
18.25 -35.86
22.91 67.79
-4.7 -12.67
1.9 0.71
4.32 -0.31
-13.42 -40.87
8.75 -1.38
21.01 -42.19
9.37 -20.09
-22.86 -66.37
2.87 -4.21
-7.35 -21.09
3.73 -6.84
-5.11 11.29
7.89 -3.78
-12.77 -40.62
6.37 -12.18
-15.35 32.02
-17.81 -54.0
-10.02 -30.5
-2.9 -8.13
4.85 14.05
16.52 -33.04
-22.06 4.39
10.75 32.53
2.42 -4.2
-10.84 0.87
4.16 -9.15
10.23 -20.56
19.05 -38.25
0.42 -0.96
14.56 -28.55
1.17 0.85
-4.97 0.82
-18.93 3.97
5.38 -0.32
14.59 -28.44
8.69 -1.57
12.51 35.25
24.98 75.7
13.12 -27.25
20.13 -6.17
23.64 -47.8
-2.71 0.76
-5.63 0.74
-11.33 -33.1
11.9 -3.58
-19.65 38.24
23.77 70.24
20.92 -4.17
0.73 -1.14
-0.38 1.48
-11.74 -36.08
17.76 -35.67
2.21 0.94
14.25 42.15
6.2 -2.33
-19.41 3.99
-13.06 3.6
-14.76 4.12
14.41 -28.42
19.84 -4.29
-24.86 50.2
-5.07 -14.27
-21.72 43.32
-8.41 -25.56
-23.5 -69.63
10.59 -21.5
-11.01 -33.02
19.59 56.29
-1.36 -0.49
-23.96 47.64
-19.13 38.03
19.53 -38.5
13.23 39.13
22.2 65.32
1.3 6.34
-2.71 -1.13
23.83 72.05
-18.05 -53.67
17.07 -2.91
-12.07 -35.38
19.95 60.68
6.26 19.19
3.54 7.67
14.44 -3.73
22.07 -4.92
23.96 -46.73
-23.2 -69.1
-10.48 20.33
9.97 29.29
-7.27 13.16
-13.57 -39.89
23.29 -46.63
5.18 -11.86
9.2 27.57
-7.79 -25.57
-1.09 -2.97
18.59 -36.1
-15.28 4.31
-13.24 25.64
4.61 12.61
-19.58 1.16
14.25 -29.46
8.25 23.43
-14.55 -43.44
-18.14 -54.46
-13.57 27.27
0.86 2.58
-23.84 47.3
1.73 -1.39
24.95 -6.24
-16.74 3.41
5.23 -0.9
23.46 -4.19
8.95 -19.0
12.66 -2.89
23.58 -47.36
12.61 37.15
-5.61 12.33
-1.35 -0.67
8.49 -1.92
21.86 -3.03
-2.25 4.73
-8.5 16.55
12.27 -2.13
1.7 -0.2
-1.25 0.42
5.91 -1.07
-6.91 -19.91
-3.71 0.16
3.51 10.06
-2.71 5.75
-17.11 -54.16
0.93 -1.91
-24.49 3.73
18.95 -37.99
-1.55 -0.67
16.27 -32.57
9.08 -2.63
-12.01 24.33
-11.95 22.72
-22.68 -67.82
13.18 40.08
19.57 -2.38
-2.64 -7.6
16.05 -31.17
-22.73 44.64
-16.99 34.59
-21.46 -64.82
18.44 -4.26
-15.22 4.33
-3.9 -12.56
-11.1 -33.03
-18.84 -56.55
-5.52 0.63
-20.89 -61.31
10.65 -2.0
-14.07 3.78
-11.56 23.65
17.54 -35.49
-23.25 -69.62
-4.72 10.07
9.36 26.91
-18.79 4.55
-19.05 3.89
10.5 -19.78
-4.04 8.1
4.72 -0.2
13.43 -1.98
12.36 35.36
-4.37 8.58
-14.02 3.74
22.16 -5.47
-19.24 2.83
-9.65 -28.32
-19.74 40.51
8.19 -1.01
7.41 -15.33
20.99 -42.77
19.76 -4.87
-22.71 -69.45
2.84 -6.12
-19.7 -57.1
6.12 -10.86
-14.59 27.84
23.76 -47.54
16.32 48.23
18.69 -4.19
-11.69 1.66
-23.46 45.85
2.64 8.61
21.03 62.86
17.3 -4.3
2.29 7.28
18.21 -36.92
-23.95 -73.83
8.37 24.41
15.23 46.32
12.31 -2.95
-20.03 39.97
-24.62 4.64
20.93 -4.3
-1.84 2.68
15.51 -31.15
-12.31 2.55
22.22 -43.44
11.88 37.25
16.5 47.6
10.42 -2.77
-18.53 -58.06
-8.52 16.4
-21.44 4.75
-2.04 1.03
-0.85 1.41
-24.04 5.47
-23.28 45.39
-12.08 3.38
-1.86 3.42
19.04 -38.86
-23.6 4.85
16.16 47.05
13.62 42.89
-11.35 22.84
22.42 66.73
-1.44 -0.07
-4.99 -16.19
20.02 60.21
-24.58 49.52
13.36 40.95
-3.58 7.93
5.95 -1.01
-17.89 -53.04
6.88 -1.19
-13.75 -40.71
-20.49 38.35
17.25 -5.49
-5.68 -18.09
1.51 3.33
-8.15 -24.63
-6.17 -18.18
11.63 -25.4
-15.22 -43.94
6.41 -11.61
14.27 -29.08
14.53 -28.41
4.28 11.45
-4.26 -12.9
-14.75 -43.78
-23.91 -70.59
-4.98 -13.32
-14.27 29.57
-4.67 0.5
11.97 -2.82
-11.64 24.41
15.27 -3.12
22.5 -2.9
5.27 -10.47
-4.91 -16.26
23.95 -5.14
-10.9 1.9
-20.63 -59.36
22.84 69.37
13.02 39.6
3.49 10.53
10.72 -0.88
1.61 -0.98
13.12 39.1
-22.52 5.53
20.85 -4.72
-16.27 -50.56
1.1 -0.37
-4.52 -13.66
23.36 -44.76
14.47 44.18
-7.69 0.81
-22.31 -67.5
20.46 -39.53
0.88 -1.72
-21.0 41.78
-21.85 4.79
-7.39 -20.28
-5.29 -16.07
1.34 -3.37
-19.73 3.8
-9.98 20.3
-10.34 20.04
-23.71 45.42
23.86 -4.5
-10.3 -32.26
6.06 17.91
22.27 -3.22
14.15 -26.88
-21.01 41.31
13.15 41.18
-3.37 -11.51
-17.61 35.36
-16.45 3.58
8.09 -15.43
-0.72 -0.57
8.22 -17.16
7.03 -0.91
18.25 -2.87
10.28 31.13
2.12 -3.71
-0.51 0.49
-11.25 22.17
19.67 -38.81
23.76 73.32
12.25 -23.24
1.4 -0.32
-4.67 0.09
11.29 -23.81
14.7 -29.66
17.77 -35.84
0.92 -3.09
22.79 68.6
-2.3 4.15
19.06 -36.89
-1.84 -6.12
-2.66 4.46
9.56 -19.37
-22.41 44.46
-11.34 22.22
11.58 34.49
24.11 -4.25
-15.43 2.35
-13.43 25.14
-24.53 4.86
15.36 -1.58
-6.22 0.17
16.31 -3.39
-12.19 1.05
0.01 -1.93
7.9 23.09
10.34 31.0
5.26 -0.3
2.81 -0.29
3.91 -7.91
-16.39 -49.99
9.79 -19.04
13.71 40.12
-6.4 -19.15
17.56 -3.83
14.12 -2.08
-17.19 2.01
1.41 -3.05
7.95 -2.14
-7.22 0.42
-9.79 -29.8
17.15 52.14
-8.0 1.85
6.23 -1.23
24.37 -4.38
20.07 -5.91
-2.93 -10.57
1.58 3.41
-12.82 -38.57
4.0 -10.25
23.95 -4.94
-24.84 49.36
10.02 -3.51
7.13 -2.14
-1.5 -0.3
21.41 -3.23
-20.79 41.87
7.76 -2.62
23.86 72.1
-10.32 -30.24
-16.38 -47.85
20.03 -40.07
11.07 34.25
-0.53 -2.1
24.84 -49.8
13.27 40.3
23.84 74.11
11.21 -2.58
4.31 14.01
16.38 -34.25
-11.38 -33.61
-23.32 -70.48
16.47 49.5
18.35 54.12
6.28 -2.68
-2.6 4.45
-8.54 16.37
2.15 0.63
-16.95 34.85
-7.68 13.87
-4.44 -12.06
-19.51 -58.2
24.09 -4.4
15.81 48.03
20.32 -4.17
-3.97 -12.48
-13.44 -40.75
-18.95 4.5
-21.85 -68.0
-0.0 -1.38
15.26 44.55
-16.12 30.38
17.79 -2.56
11.02 -22.46
-15.88 2.75
12.9 39.39
0.95 1.43
-0.22 -0.55
-7.5 2.19
21.38 -5.1
-4.17 9.15
0.06 -0.05
17.0 54.66
-5.87 0.97
18.65 -3.16
5.34 -9.88
19.95 -2.89
-16.03 2.53
-7.77 -23.59
-21.83 -65.67
-5.75 -16.46
-9.42 2.3
19.84 -39.52
-23.88 -72.42
-5.66 -16.77
8.86 -1.71
23.75 -4.37
4.45 -0.59
8.46 -16.96
12.14 -3.53
-3.97 -1.57
19.37 57.0
6.66 20.69
-20.4 4.33
7.16 -12.84
-5.73 12.84
15.23 45.79
-15.13 3.49
-2.27 -7.9
-12.0 0.91
16.51 -33.12
-17.77 -53.78
8.79 -17.56
-8.05 2.7
-8.29 1.28
-7.85 -23.17
19.46 -3.7
-6.37 1.26
7.78 -1.81
-22.25 4.02
-15.1 -46.0
-16.61 32.12
-4.34 8.29
15.97 47.93
24.74 74.7
2.39 0.01
-23.87 -72.15
20.03 61.62
-5.15 9.99
-24.56 -73.24
2.67 -1.82
13.31 40.17
-10.51 -31.97
-11.65 23.91
-13.9 -42.46
-3.91 8.12
-10.17 -31.28
-18.37 36.45
11.25 -2.4
-12.23 2.53
-18.53 -56.0
5.74 -12.71
-13.04 4.61
22.0 -4.77
14.37 -2.51
-20.11 2.27
-6.18 -19.41
-22.84 44.24
13.71 40.36
1.69 -1.36
15.93 -31.95
0.58 -1.03
-20.94 3.96
-9.57 17.93
1.49 -2.54
0.16 -0.3
18.01 53.55
5.07 -11.05
15.99 48.68
14.79 44.03
-10.56 -31.73
20.49 -40.88
-18.83 37.19
24.56 -5.66
2.07 -4.9
-1.13 1.82
14.55 -2.38
-2.11 4.27
22.67 -44.28
3.44 0.09
-7.22 -23.06
-16.31 3.26
-7.75 1.36
-3.91 -12.31
6.83 -13.45
-5.21 0.28
-17.1 -50.16
-6.54 13.83
17.02 -2.84
18.82 -37.44
10.55 -22.23
22.67 -4.16
0.55 0.99
-5.48 0.05
11.07 -22.28
-16.37 33.11
-18.7 36.79
5.69 -1.47
-13.39 3.68
8.76 -1.02
-21.53 -63.64
-13.32 -40.44
23.47 -4.55
-18.46 3.98
-2.1 1.98
23.4 -6.27
17.23 -33.8
-15.07 28.83
-8.84 -28.77
-24.85 4.94
-11.35 22.67
0.52 0.26
23.42 -45.94
20.61 -42.52
22.22 -6.74
-13.26 2.48
23.56 -5.01
20.06 -2.64
4.91 -11.27
-0.11 1.42
6.54 -2.62
7.21 22.05
-15.89 3.46
-9.66 18.49
-21.5 4.56
-12.12 -37.27
7.89 -0.32
-5.31 -16.28
14.32 -30.18
0.29 0.87
17.39 -34.97
9.14 -2.21
13.67 -3.6
22.29 66.22
6.09 -13.15
-2.52 6.0
7.55 -15.26
-15.33 32.32
-17.87 -54.14
-16.3 5.46
-24.46 3.95
24.68 75.13
23.19 -48.44
-15.58 -46.47
-10.08 -29.84
-11.1 -34.5
-6.24 1.16
-13.97 -42.34
22.45 -45.51
-19.16 5.2
4.85 -11.55
-14.44 3.33
-24.12 3.9
-2.87 5.86
-14.98 1.88
24.07 -5.59
-8.35 18.44
-13.26 26.89
-4.6 3.08
-4.75 -13.16
-20.81 -62.38
-6.0 -16.93
-9.3 -27.12
2.92 9.12
-6.41 -18.39
8.38 25.08
13.66 -4.3
15.07 45.94
-7.28 -22.22
19.25 57.29
-4.75 10.77
-14.13 2.45
-23.25 -70.25
-17.13 34.04
9.12 -1.71
16.46 48.72
-21.95 3.8
-16.64 2.24
-19.9 -60.04
-23.15 45.07
-1.27 2.22
-13.46 0.64
1.43 -3.15
-9.55 18.92
14.67 -1.17
14.0 39.8
11.86 -0.5
18.12 -4.32
-17.87 -54.75
-17.41 33.8
16.44 -33.53
-6.61 12.9
22.96 -4.46
12.75 -25.82
-24.22 5.11
-13.78 -42.47
-3.71 -11.52
-21.57 43.86
-7.78 16.11
0.74 -0.86
7.27 -1.64
24.71 -4.65
-2.77 5.1
-0.79 -1.33
-6.81 -22.34
9.06 -0.48
21.7 -43.7
-16.35 -48.81
-15.11 31.01
2.14 -3.63
-23.9 47.9
-1.73 -4.87
20.71 -4.24
16.16 -31.52
8.43 -15.64
18.04 -4.95
3.91 12.16
-11.18 2.91
-5.31 0.94
-11.14 3.75
9.34 -2.08
21.82 64.69
16.85 49.35
18.62 -3.29
-18.11 2.81
4.26 12.2
4.01 -0.05
-20.37 3.77
-3.4 -11.23
5.05 -10.19
-12.43 -36.91
-17.4 32.69
10.8 33.11
-14.41 26.73
20.54 -6.37
20.78 -4.57
2.44 6.67
24.14 71.6
24.05 -5.22
9.04 -17.39
-20.59 3.25
6.45 19.37
-17.04 2.75
-19.47 4.63
-14.87 30.52
12.55 -3.52
-0.85 1.29
-7.35 -20.85
-18.79 4.0
11.23 -22.26
5.11 -1.86
23.48 -46.4
5.53 -11.55
-7.71 15.68
-18.95 -59.45
5.98 18.36
12.64 -23.63
-16.0 -46.72
-15.78 31.84
10.67 31.66
13.36 40.3
10.29 -20.83
-18.33 3.45
-18.88 2.51
-8.03 -24.21
23.02 -4.54
23.37 71.11
24.66 73.53
-12.61 4.02
-15.89 33.02
2.66 -4.24
-16.17 -48.04
-0.48 -1.02
-13.47 2.62
15.61 -31.01
-14.41 29.22
-20.24 41.54
23.3 71.52
-15.25 4.67
-14.97 -45.14
18.36 53.1
13.62 -27.16
-15.11 2.83
-16.47 2.38
-6.02 2.28
7.09 -14.24
3.97 11.96
-13.96 27.49
23.43 70.95
-15.75 3.05
-12.55 -37.82
-10.69 1.46
17.9 -2.32
13.4 -25.42
23.19 69.75
-9.4 3.09
6.34 -12.55
-8.43 -24.18
-8.89 0.99
1.83 0.28
-12.96 1.28
-9.58 19.88
9.95 -19.37
24.69 73.67
13.18 -26.89
-11.08 -33.7
-20.04 4.3
1.2 2.54
23.26 -6.64
-1.84 -6.13
-14.49 -43.06
14.89 -4.92
-20.18 2.29
4.15 -7.53
2.29 6.79
-22.78 3.99
