-23.6 4.85
-18.64 3.1
-13.04 4.61
-8.68 2.49
-24.53 4.86
22.79 -2.64
1.61 -0.98
-12.08 3.38
2.59 0.86
23.26 -6.64
20.54 -6.37
15.35 -2.28
5.11 -1.86
20.13 -6.17
-19.47 4.63
-24.08 4.67
0.42 -0.96
4.61 -1.42
-13.51 4.59
-16.74 3.41
-16.58 2.71
-19.58 1.16
20.07 -5.91
-9.72 2.34
7.95 -2.14
8.75 -1.38
16.02 -4.34
23.4 -6.27
-18.11 2.81
-8.0 1.85
6.88 -1.19
11.9 -3.58
-0.53 -2.1
-24.04 5.47
-1.96 -0.51
2.39 0.01
-21.7 3.97
-3.83 0.26
10.86 -1.58
21.56 -4.25
-16.69 3.66
-18.88 2.51
-9.08 0.52
20.57 -4.31
7.03 -0.91
-5.63 0.74
-22.25 4.02
4.26 -1.15
7.89 -0.32
1.11 -1.78
-16.31 3.26
-7.75 1.36
23.95 -4.94
-15.89 3.46
8.76 -1.02
-17.95 4.89
-4.97 0.82
-16.47 2.38
10.02 -3.51
4.72 -0.2
17.57 -1.78
4.76 0.02
23.75 -4.37
7.13 -2.14
11.97 -2.82
-1.44 -0.07
24.95 -6.24
18.65 -3.16
-15.88 2.75
18.44 -4.26
6.54 -2.62
-3.97 -1.57
-5.87 0.97
6.9 -0.58
-2.99 0.94
-24.62 4.64
-1.03 0.83
4.45 -0.59
-2.52 1.45
8.49 -1.92
-20.4 4.33
6.96 -0.72
-17.04 2.75
-2.21 1.91
10.79 -1.88
-21.41 5.22
8.31 -1.39
-3.57 2.54
22.22 -6.74
20.6 -2.19
20.85 -4.72
-16.64 2.24
-13.06 3.6
-15.53 2.61
24.71 -4.65
21.11 -2.97
5.51 -2.17
19.2 -3.48
-6.37 1.26
-15.25 4.67
-15.11 2.83
-14.44 3.33
24.5 -6.4
14.12 -2.08
22.07 -4.92
-17.19 2.01
17.3 -4.3
12.31 -2.95
11.25 -2.4
-15.13 3.49
-18.33 3.45
11.86 -0.5
-2.33 0.26
-16.3 5.46
-8.05 2.7
-14.96 4.04
8.43 -2.42
-22.78 3.99
-4.6 3.08
5.78 1.11
-12.48 2.36
-0.13 -1.59
-18.67 2.96
22.67 -4.16
1.17 0.85
-7.47 1.56
-11.14 3.75
-11.18 2.91
-14.85 2.39
-20.11 2.27
-11.15 1.0
1.9 0.71
3.4 0.61
-13.62 3.09
-6.22 0.17
-9.65 2.21
2.56 -0.89
-24.85 4.94
21.86 -3.03
-12.18 3.49
21.41 -3.23
20.93 -4.3
-19.24 2.83
-2.71 0.76
20.92 -4.17
-12.31 2.55
-2.09 1.63
12.55 -3.52
-16.03 2.53
-8.89 0.99
-10.69 1.46
9.14 -2.21
5.69 -1.47
-12.96 1.28
6.0 -2.21
-21.95 3.8
-13.26 2.48
-19.11 2.97
-21.44 4.75
-13.39 3.68
-5.48 1.95
-24.77 3.92
-6.15 1.41
-8.29 1.28
-15.91 2.1
-18.95 4.5
0.58 -1.03
6.2 -2.33
10.72 -0.88
-1.25 0.42
-20.18 2.29
-9.6 2.73
24.9 -3.95
13.64 -2.74
24.05 -5.22
22.5 -2.9
13.03 -4.27
19.46 -3.7
-5.22 2.57
2.15 0.63
-6.78 1.6
15.83 -3.08
7.27 -1.64
8.03 -0.34
0.75 0.78
14.44 -3.73
-24.22 5.11
-19.84 4.24
13.66 -4.3
18.69 -4.19
6.23 -1.23
-19.41 3.99
-6.02 2.28
22.96 -4.46
24.56 -5.66
-10.9 1.9
-6.77 0.26
23.02 -4.54
0.06 -0.18
-22.06 4.39
16.64 -2.41
-7.5 2.19
17.07 -2.91
-24.49 3.73
5.38 -0.32
-1.13 1.82
20.32 -4.17
1.69 -1.36
1.7 -0.2
14.8 -3.0
-3.71 0.16
-4.48 -0.57
-11.69 1.66
-24.12 3.9
-18.93 3.97
10.65 -2.0
-15.43 2.35
-9.99 3.25
4.01 -0.05
-2.04 1.03
-20.89 5.61
-5.73 -0.26
-11.32 3.25
-14.76 4.12
-22.66 6.66
-14.98 1.88
-20.59 3.25
-14.13 2.45
19.57 -2.38
23.46 -4.93
-18.46 3.98
-10.84 0.87
-23.84 2.39
15.83 -4.72
8.69 -1.57
14.68 -3.55
0.29 0.87
-20.94 3.96
-10.88 1.84
0.18 0.94
-20.04 4.3
-5.48 0.05
9.06 -0.48
-20.37 3.77
3.44 0.09
7.99 -0.47
17.79 -2.56
23.95 -5.14
6.3 -2.13
24.07 -5.59
15.27 -3.12
9.34 -2.08
-4.73 -0.19
18.04 -4.95
14.55 -2.38
-15.93 1.96
24.09 -4.4
9.07 -1.71
18.62 -3.29
-1.5 -0.3
1.41 -0.07
-21.5 4.56
18.12 -4.32
-22.52 5.53
18.51 -3.79
-12.0 0.91
-19.16 5.2
19.76 -4.87
13.47 -4.08
-6.24 1.16
4.32 -0.31
-12.19 1.05
-4.67 0.5
-12.61 4.02
15.36 -1.58
-13.47 2.62
8.53 0.01
9.08 -2.63
17.9 -2.32
14.67 -1.17
-18.78 4.38
2.81 -0.29
-13.46 0.64
-20.48 2.23
7.76 -2.62
9.12 -1.71
-15.28 4.31
7.78 -1.81
18.33 -4.63
15.97 -3.21
9.79 -2.98
5.95 -1.01
-13.09 2.92
24.37 -4.38
-18.37 2.36
17.02 -2.84
19.95 -2.89
-4.99 0.7
-5.21 0.28
17.56 -3.83
8.19 -1.01
18.6 -3.89
14.37 -2.51
23.47 -4.55
24.11 -4.25
11.29 -2.53
7.89 -3.78
-13.39 1.81
-18.79 4.0
5.91 -1.07
-16.45 3.58
-15.75 3.05
12.14 -3.53
13.37 -1.02
-0.38 1.48
-1.35 -0.67
-9.4 3.09
19.6 -6.01
-1.77 -0.2
22.27 -3.22
0.93 -1.91
8.27 -1.28
21.79 -4.99
21.38 -5.1
18.25 -2.87
-5.52 0.63
-12.23 2.53
-4.67 0.09
14.89 -4.92
-21.64 4.28
20.78 -4.57
-9.42 2.3
2.21 0.94
19.35 -4.85
22.0 -4.77
-19.73 3.8
-20.89 4.59
10.9 -3.06
-19.05 3.89
5.26 -0.3
20.06 -2.64
12.0 -3.2
-7.69 0.81
17.25 -5.49
-19.26 5.76
17.43 -2.23
6.28 -2.68
-7.22 0.42
0.74 -0.86
-0.79 -1.33
5.23 -0.9
22.16 -5.47
1.73 -1.39
-5.31 0.94
16.31 -3.39
8.86 -1.71
-15.22 4.33
19.84 -4.29
-22.32 4.23
13.91 -2.7
13.7 -2.06
20.71 -4.24
23.46 -4.19
3.37 -2.02
1.49 -0.44
-7.39 1.08
-1.36 -0.49
10.42 -2.77
1.4 -0.32
-20.02 2.96
-6.62 2.53
-8.37 0.4
-2.71 -1.13
-1.55 -0.67
23.56 -5.01
1.83 0.28
7.99 -2.94
-19.34 3.6
12.27 -2.13
-7.93 2.17
23.86 -4.5
12.66 -2.89
-18.79 4.55
2.67 -1.82
-14.02 3.74
14.65 -2.47
-14.07 3.78
13.67 -3.6
-24.46 3.95
-5.37 2.87
-21.85 4.79
11.21 -2.58
-15.09 2.94
13.43 -1.98
1.1 -0.37
-5.6 1.95
-20.91 2.93
19.29 -4.92
-11.7 3.57
-4.57 1.79
