-28.34 -84.76
-25.85 -78.36
-2.69 -7.88
14.52 43.8
23.71 72.13
-22.81 -70.18
-14.8 -45.08
-26.92 -82.12
-2.54 -8.71
24.81 76.76
-5.53 -15.8
-11.42 -33.98
16.79 51.73
-26.63 -80.11
26.24 78.09
16.05 48.95
23.37 69.42
1.5 3.71
-14.56 -45.53
-16.31 -48.8
-7.15 -22.35
26.57 80.03
-20.82 -62.06
15.0 45.27
0.25 -0.08
-18.88 -57.85
2.45 7.86
8.89 27.81
23.14 67.7
-13.15 -39.92
30.0 91.83
-8.54 -26.99
-26.8 -80.48
-9.72 -27.54
-24.46 -72.03
-7.52 -21.68
-16.3 -47.98
-12.6 -36.17
9.07 27.23
29.58 88.18
29.37 86.39
-22.97 -69.46
24.11 74.71
-13.97 -40.94
7.75 22.57
-23.07 -68.94
-8.32 -24.92
-4.99 -15.0
-17.15 -50.9
11.4 33.27
21.24 63.49
-25.56 -75.37
5.24 16.61
25.08 74.93
24.77 73.72
-13.89 -40.27
14.88 44.86
-28.8 -84.7
3.38 12.68
-15.34 -47.16
-16.16 -47.98
-28.97 -86.61
13.88 41.76
11.77 34.67
-24.96 -74.45
-11.88 -36.03
8.65 26.27
9.18 27.78
24.67 72.47
-20.87 -63.32
-10.36 -30.88
24.46 73.75
2.68 8.35
10.07 30.07
20.24 60.63
-17.45 -51.87
24.74 74.64
21.18 64.21
21.83 64.52
-5.88 -16.77
-6.76 -19.34
-7.63 -24.69
-21.9 -65.13
16.46 50.73
20.92 61.71
-4.39 -14.77
17.78 52.83
17.4 53.44
21.94 66.27
-2.48 -7.98
-14.64 -45.07
-22.13 -67.68
14.83 42.73
-23.78 -72.05
-19.55 -58.63
-1.45 -4.58
-27.82 -83.49
-28.07 -84.96
2.65 6.41
2.37 4.63
-20.55 -64.52
-21.3 -63.36
-2.25 -7.13
16.66 47.59
-26.72 -81.1
27.7 82.23
-15.93 -47.89
1.44 4.58
17.53 52.69
-10.54 -32.17
23.32 68.26
22.7 68.05
-6.09 -19.53
18.79 56.04
-3.82 -12.4
10.72 32.77
23.41 70.47
-4.66 -14.22
-1.32 -3.93
20.41 61.8
-1.82 -5.85
15.14 44.28
12.14 35.17
-15.26 -47.64
-22.63 -68.27
0.3 -0.69
27.04 80.04
-22.05 -66.52
-7.85 -22.85
1.09 3.37
-28.82 -84.61
-10.64 -31.62
-11.87 -34.9
-27.4 -83.21
13.1 38.05
19.11 55.9
-18.29 -55.89
-24.47 -74.47
-8.5 -25.27
18.02 55.2
6.63 19.72
7.47 23.33
20.17 60.23
4.42 15.1
-4.92 -15.03
-28.8 -86.64
-15.48 -48.42
-23.36 -68.44
12.05 36.35
-27.74 -82.7
15.68 46.35
-18.27 -56.07
-21.52 -65.03
24.62 74.47
10.96 33.3
23.65 71.37
25.47 78.44
20.25 60.35
6.14 19.76
11.63 34.32
4.31 13.54
25.72 78.17
13.15 37.26
-11.75 -36.76
-13.2 -38.75
22.74 68.04
4.82 13.74
9.45 29.17
29.89 88.84
-1.69 -3.54
2.0 4.11
-10.39 -29.9
23.81 71.65
12.54 39.11
-3.92 -11.98
11.91 35.98
-23.97 -71.18
21.74 65.65
-5.96 -17.04
12.34 37.45
15.85 48.3
-25.33 -75.18
0.24 1.11
-5.83 -17.92
-20.05 -61.14
-5.18 -14.67
-18.31 -54.49
6.01 18.89
-0.76 -3.28
-29.9 -89.4
-29.13 -87.18
-19.16 -57.7
25.05 75.12
21.58 64.74
-28.49 -84.91
-10.16 -29.73
-10.75 -33.3
14.22 41.37
24.59 72.71
-3.94 -12.97
2.87 8.14
18.88 55.83
26.32 79.71
-26.03 -78.38
-23.69 -70.69
17.65 52.31
10.1 28.01
-21.79 -64.98
1.89 6.79
-4.7 -12.86
-27.71 -83.14
16.9 49.18
-13.98 -42.81
17.12 50.88
-6.19 -18.54
-0.78 -2.43
0.78 4.24
25.92 78.34
22.23 66.16
-4.56 -11.28
20.11 60.09
19.88 58.34
-29.27 -87.52
13.05 39.73
3.35 11.52
10.18 29.11
-4.21 -14.83
-7.61 -24.24
4.3 12.47
-27.29 -81.14
14.0 39.65
-24.89 -75.58
-3.3 -10.59
-24.05 -70.79
-12.26 -36.41
-3.96 -10.15
25.12 75.5
13.84 39.54
23.52 72.34
-21.45 -63.05
-18.41 -56.21
-23.91 -71.64
-25.98 -76.71
12.81 40.14
-20.13 -60.64
17.07 52.07
3.16 9.64
-4.08 -12.15
-23.79 -71.69
25.51 77.5
10.77 31.47
18.4 53.36
10.26 32.06
-19.3 -57.58
7.99 23.38
5.3 13.07
-21.17 -62.86
20.24 60.23
-8.93 -25.97
7.97 25.15
-20.49 -59.52
-23.31 -71.22
26.93 82.36
-19.14 -57.38
18.05 55.49
17.81 52.45
-5.96 -17.89
-27.47 -82.8
-29.95 -89.23
-6.22 -18.84
19.36 58.0
4.99 15.04
-5.43 -14.01
25.96 77.97
9.5 28.95
-13.35 -39.95
25.87 77.68
-10.88 -32.6
6.97 19.68
10.22 29.66
-8.92 -25.29
23.42 71.31
-29.78 -90.71
14.22 42.71
4.6 15.24
-2.35 -8.1
-20.62 -63.1
-27.35 -81.76
-26.73 -80.65
15.71 46.15
7.19 20.94
3.88 11.41
15.32 44.48
-9.48 -27.22
-28.86 -87.58
-25.34 -75.87
-0.15 -2.44
28.75 87.97
-14.84 -43.71
-24.07 -72.23
-4.65 -14.36
10.92 32.31
-8.86 -25.85
-24.69 -74.86
-18.63 -56.0
-20.58 -63.24
25.73 76.9
10.09 29.64
-19.27 -57.06
25.98 76.67
-28.73 -85.97
15.44 48.09
22.68 66.94
20.85 61.79
-2.32 -7.06
-1.98 -6.33
-13.98 -41.56
10.21 30.12
9.67 27.33
-23.1 -68.68
2.43 8.83
-15.87 -46.29
10.68 33.79
-6.33 -19.06
-27.03 -78.66
25.92 76.55
13.98 41.0
23.27 70.83
-6.79 -19.54
20.97 60.28
5.18 14.9
29.77 89.5
9.39 27.58
7.1 20.85
7.99 23.29
10.66 33.63
-25.98 -77.89
-13.17 -38.42
-21.78 -64.32
-18.94 -55.27
-3.07 -10.73
-17.96 -53.33
-12.82 -39.04
23.22 70.5
-5.5 -16.0
-9.21 -27.53
-6.18 -17.75
16.89 50.22
4.14 13.68
-20.09 -59.19
20.56 62.98
10.09 30.5
14.72 42.12
-1.35 -1.24
13.61 39.66
-27.14 -80.83
-18.9 -56.0
-21.94 -65.13
-0.08 -0.34
25.87 78.0
11.49 33.34
-26.16 -76.68
6.34 17.69
-9.17 -28.53
7.96 24.37
-5.15 -13.96
-13.26 -39.45
14.63 43.71
-17.11 -52.1
23.11 68.08
23.26 69.62
-24.19 -72.95
-13.93 -41.38
20.57 62.45
2.15 7.68
-0.02 -1.91
-21.44 -65.35
16.13 48.99
0.02 -0.42
-4.81 -15.02
-14.39 -44.59
-18.53 -55.08
-0.79 -3.02
-20.24 -59.97
8.94 27.96
9.45 26.46
7.65 23.05
-27.5 -82.83
-10.52 -30.52
9.99 29.66
-6.46 -20.27
9.91 29.91
18.5 55.74
24.52 75.25
11.06 32.63
5.22 16.02
11.13 35.11
8.03 25.35
-8.87 -27.02
5.35 17.74
