-13.12 24.06
-11.18 23.08
17.19 -35.25
5.17 -8.9
-18.81 38.16
-17.87 35.01
-27.61 54.68
26.3 -51.45
-17.85 35.34
-22.91 45.68
13.09 -26.81
-29.3 57.41
-22.92 46.9
8.28 -16.71
14.44 -28.53
22.16 -44.22
-18.16 37.11
21.71 -42.82
-9.12 18.71
17.24 -33.99
10.91 -21.84
-11.03 21.48
-19.16 39.67
-3.67 8.15
-21.5 42.99
25.05 -49.06
-15.99 31.74
15.91 -32.02
17.88 -36.11
-24.55 49.49
-12.44 25.08
17.3 -34.75
8.1 -17.1
25.43 -49.93
9.58 -19.49
28.68 -58.56
13.02 -26.76
-10.49 22.09
-5.3 9.18
-20.59 40.85
-19.57 38.74
-16.43 32.66
-13.3 26.08
7.12 -14.68
-6.53 13.11
12.28 -24.87
28.1 -57.42
-19.48 38.13
19.97 -39.74
8.3 -18.68
-2.95 7.77
-15.13 31.46
23.9 -47.63
23.3 -45.83
23.92 -47.32
-20.18 39.77
-12.57 26.63
22.43 -42.95
21.72 -42.92
-2.1 5.14
28.75 -58.61
18.94 -36.64
-1.51 2.46
19.39 -39.41
-9.64 18.49
14.78 -29.66
10.15 -20.82
-6.1 12.33
12.95 -27.68
-29.61 58.19
-15.62 30.83
-8.85 17.66
-29.6 60.01
-25.78 50.44
-28.63 57.61
18.06 -35.09
-8.23 17.7
16.58 -32.43
23.34 -45.73
6.15 -12.82
26.96 -54.39
7.91 -14.77
-26.96 54.94
0.43 0.48
2.33 -4.06
-10.16 18.93
20.06 -39.23
8.41 -17.69
-26.28 51.78
28.65 -57.14
21.77 -43.79
-8.18 16.66
0.3 0.07
-27.89 56.74
22.28 -43.58
0.53 -3.28
-12.57 24.32
19.97 -38.47
-18.67 38.52
27.5 -54.56
8.46 -18.07
-9.35 19.78
-22.34 43.29
-3.63 7.74
-3.69 7.49
28.71 -56.38
-1.01 3.05
-21.69 43.63
-12.08 24.42
28.32 -55.34
9.02 -16.79
-7.07 12.67
1.48 -4.09
2.84 -5.57
-16.86 33.06
28.02 -56.14
29.27 -57.76
22.95 -48.25
-3.94 7.84
25.75 -51.51
-25.54 51.29
-5.87 13.48
21.45 -43.55
-5.75 10.96
20.03 -37.79
-11.36 23.75
-19.54 38.87
20.21 -39.61
-25.21 51.45
-15.99 32.96
29.56 -60.14
-7.89 16.29
6.53 -12.58
13.62 -26.7
17.13 -34.89
0.05 1.25
-8.64 19.99
-21.27 43.13
9.79 -19.69
0.32 -1.06
24.22 -48.08
4.23 -8.31
-21.06 41.79
0.45 0.85
-12.48 25.31
2.43 -6.08
10.93 -21.63
-18.65 38.36
11.44 -21.33
-1.89 5.96
11.08 -21.83
10.78 -23.01
-10.73 21.19
11.24 -22.87
-21.88 43.77
-12.11 24.97
-23.07 46.79
6.99 -14.34
-29.29 57.46
-15.44 30.57
-23.66 47.5
-22.74 46.66
-3.53 7.37
15.29 -30.62
-2.51 5.73
-10.56 20.37
-9.26 15.89
3.92 -7.24
21.78 -44.32
-19.1 39.11
-24.54 50.55
3.63 -7.36
22.6 -43.72
-3.47 6.65
-23.68 48.05
-9.05 18.71
8.89 -17.02
28.84 -56.71
4.61 -11.72
3.32 -7.47
-29.91 59.28
19.78 -40.47
0.73 -2.23
21.36 -43.01
27.47 -54.08
27.28 -56.47
11.23 -22.55
-21.66 42.4
-25.14 50.46
-17.29 34.41
-3.95 8.23
-14.41 27.11
-26.48 55.4
-25.96 49.81
1.12 -2.36
-26.41 51.76
-29.27 56.18
-21.0 41.91
28.76 -58.54
-20.78 40.76
1.39 -2.89
21.36 -41.4
-22.21 43.83
-13.51 26.22
14.95 -29.55
11.12 -22.34
-11.4 22.69
-28.59 57.8
-19.26 41.47
22.6 -44.68
4.05 -7.18
-1.11 3.33
16.85 -33.9
9.37 -19.28
15.23 -31.29
-15.09 31.64
-21.26 41.38
-16.22 31.95
28.63 -58.27
-10.6 22.09
7.56 -14.63
-21.99 42.97
-26.59 54.35
-12.75 26.68
28.82 -59.67
22.66 -46.76
-15.84 29.95
5.9 -12.99
11.48 -22.76
29.46 -58.05
-27.34 54.14
4.02 -8.24
-14.61 27.61
-27.05 53.67
18.07 -36.05
18.14 -36.02
-27.66 55.41
-17.63 35.24
-19.19 39.37
-7.89 17.49
7.06 -14.33
8.27 -17.96
-1.76 4.04
-2.04 4.8
24.04 -46.08
-29.67 60.49
18.19 -36.77
-11.16 21.87
-2.84 6.67
-18.97 36.99
-10.0 21.72
4.74 -9.52
-6.89 14.47
-9.88 20.08
10.92 -20.73
-10.72 20.71
3.91 -7.07
-9.76 20.3
5.75 -13.56
-0.72 2.42
23.71 -49.37
16.59 -32.12
0.6 -1.55
-14.72 26.44
26.18 -51.63
-5.99 10.84
8.56 -17.02
28.57 -56.96
-19.76 40.88
-1.58 3.85
26.12 -52.87
3.15 -7.14
21.15 -42.54
18.45 -36.73
17.52 -35.7
-22.6 43.7
-1.64 5.63
-13.09 27.25
-20.69 41.32
3.9 -6.56
-26.79 53.35
21.59 -42.44
29.7 -59.74
26.82 -54.62
-27.72 54.78
-22.46 45.46
12.44 -22.88
16.35 -33.28
18.35 -37.44
22.31 -44.59
16.93 -33.25
24.03 -46.23
-26.48 53.55
27.83 -56.15
17.98 -35.32
-16.7 34.32
-9.05 18.72
-14.27 28.16
-9.48 20.22
12.69 -24.96
1.1 -4.03
-11.75 22.36
0.99 -1.21
0.63 -0.87
22.6 -45.56
-9.18 18.31
-17.3 34.99
-15.68 30.55
27.2 -54.71
3.68 -7.4
3.31 -6.52
-13.9 27.72
-22.26 44.19
-26.29 52.97
20.97 -42.15
-4.61 9.39
20.25 -40.98
-20.71 41.06
-20.28 41.31
10.07 -21.1
4.72 -7.86
16.98 -34.26
-25.42 51.03
-23.15 46.73
-11.37 22.66
2.83 -6.26
16.63 -31.57
15.75 -32.01
-29.53 57.74
29.99 -59.97
-21.69 40.93
-13.23 26.87
-19.41 38.19
-7.18 14.52
21.47 -42.07
19.05 -37.03
-13.59 27.3
17.65 -37.44
-29.31 59.25
-25.95 52.1
-2.8 5.95
2.41 -5.16
12.9 -24.51
-11.89 24.18
-14.54 29.49
27.89 -58.17
-27.04 53.39
11.68 -22.44
24.77 -48.69
10.99 -21.04
-14.83 30.35
5.41 -11.28
1.07 -3.08
26.39 -52.62
-29.03 59.22
18.54 -36.84
0.96 -1.29
-22.46 44.63
19.75 -41.09
-16.77 33.03
-2.6 4.68
12.65 -24.9
-21.05 41.58
8.9 -17.14
-5.99 10.64
-11.37 22.24
1.44 -3.68
14.57 -29.29
-21.1 42.09
-25.83 50.61
28.25 -56.09
-7.29 15.67
3.45 -6.12
-24.22 48.69
-27.43 55.02
12.43 -23.64
27.5 -54.71
-4.84 9.84
-29.03 57.04
-13.6 26.99
6.17 -13.02
15.89 -31.32
-21.65 43.76
-18.61 34.38
-7.96 16.46
-6.71 14.08
25.86 -51.61
-15.82 30.98
-0.66 2.24
4.62 -9.64
-8.47 18.05
23.29 -46.62
17.66 -35.21
-3.62 5.93
15.13 -30.15
-27.58 53.67
-1.92 4.49
9.03 -19.49
29.07 -59.1
-1.53 5.6
