-23.25 -69.62
24.14 71.6
-23.95 -73.83
-22.71 -69.45
-24.98 -73.93
-20.61 -62.51
-15.58 -46.47
-8.43 -24.18
-4.98 -13.32
10.8 33.11
2.37 8.52
2.92 9.12
-4.75 -13.16
-16.94 -50.91
15.97 47.93
4.33 13.42
20.5 63.2
2.29 7.28
-12.12 -37.27
-24.12 -72.2
6.06 17.91
15.23 46.32
15.81 48.03
-8.41 -25.56
13.31 40.17
-13.75 -40.71
-4.99 -16.19
13.36 39.74
-19.86 -60.41
-15.22 -43.94
-6.17 -18.18
3.27 10.63
-15.37 -45.77
15.7 47.95
-10.31 -31.11
16.16 47.05
22.59 69.18
-18.95 -59.45
4.28 11.45
4.61 12.61
-3.71 -11.01
-18.14 -54.46
-3.97 -12.48
18.36 53.1
5.09 14.38
20.02 60.21
10.67 31.66
-22.86 -66.37
-1.09 -2.97
23.3 71.52
16.5 47.6
11.11 32.98
-19.7 -57.1
1.51 3.33
22.56 66.55
-4.77 -13.04
-16.17 -48.04
7.89 24.47
14.47 44.18
12.36 35.36
-16.76 -50.09
-17.77 -53.78
-3.91 -11.35
-15.52 -46.99
-13.9 -42.46
15.26 44.55
15.71 47.75
4.85 14.05
-10.11 -29.18
22.91 67.79
-11.1 -34.5
13.36 40.3
-2.28 -6.66
-9.92 -30.44
-14.49 -43.06
-0.47 -0.02
-11.1 -33.03
-7.22 -23.06
0.95 1.43
-19.51 -58.2
-16.0 -46.72
0.86 2.58
23.88 70.65
-11.14 -33.83
3.54 7.67
-8.15 -24.63
-10.3 -32.26
-23.91 -70.59
-23.25 -70.25
9.61 30.24
-23.71 -70.05
-10.98 -33.5
-13.42 -40.87
-7.28 -22.22
-21.86 -67.35
9.97 29.29
-11.38 -33.61
24.69 73.67
-15.84 -46.19
10.34 31.0
3.45 9.45
-7.39 -20.28
-8.19 -25.93
11.88 37.25
-13.58 -40.15
16.7 49.2
22.2 65.32
-12.07 -35.38
-6.81 -22.34
-17.87 -54.14
-8.03 -24.21
20.86 61.57
13.71 40.36
5.98 18.36
17.73 54.15
23.79 73.45
-7.98 -22.46
-18.53 -56.0
-10.56 -31.73
13.92 40.39
19.95 60.68
12.77 40.21
-5.66 -16.77
-2.9 -8.13
-17.23 -51.92
6.66 20.69
-7.85 -23.17
12.76 37.75
-14.75 -43.78
15.99 48.68
-21.55 -64.87
15.7 46.64
4.99 12.32
-12.47 -37.18
0.56 0.64
-17.11 -54.16
-6.18 -19.41
-12.43 -36.91
8.25 23.43
-6.42 -19.46
19.37 57.0
-3.71 -11.52
-4.7 -12.67
24.74 74.7
12.9 39.39
5.47 17.0
2.29 6.79
23.37 71.11
23.83 72.05
1.3 6.34
-19.91 -62.42
-24.22 -72.01
19.25 57.29
-16.01 -46.7
23.43 70.95
13.62 42.89
-3.37 -11.51
-9.22 -27.4
-8.84 -28.77
17.0 54.66
-18.53 -58.06
-5.68 -18.09
9.08 25.94
-4.52 -13.66
-3.46 -12.83
-8.43 -25.37
-16.39 -49.99
-7.79 -25.57
-17.1 -50.16
5.5 15.36
-23.2 -69.1
11.07 34.25
15.76 46.72
-6.09 -17.48
19.59 56.29
-22.08 -65.24
-23.29 -70.71
20.65 62.74
20.03 61.62
-9.3 -27.12
-12.88 -39.83
-19.34 -59.32
9.77 30.53
-23.87 -72.15
11.98 36.52
-8.92 -27.02
4.31 14.01
3.29 9.87
-7.35 -20.85
-7.35 -21.09
-19.17 -56.06
8.83 27.22
22.79 68.6
-3.4 -11.23
-18.13 -53.85
14.0 39.8
14.19 42.27
-2.27 -7.9
16.85 49.35
14.25 42.15
-6.41 -18.39
17.15 52.14
-4.95 -15.4
-13.78 -42.47
-16.02 -50.36
1.58 3.41
10.54 32.07
6.45 19.37
0.16 -0.3
-22.13 -65.82
-10.02 -30.5
-14.97 -45.14
24.31 74.01
21.03 62.86
20.84 64.48
-12.55 -37.82
-20.89 -61.31
-23.5 -69.63
-3.9 -12.56
-5.66 -16.39
-8.63 -25.72
10.59 30.88
-10.51 -31.97
-1.84 -6.12
15.07 45.94
-5.29 -16.07
-21.46 -64.82
-23.75 -71.08
-1.54 -3.62
22.29 66.22
16.77 51.5
-5.75 -16.46
15.1 45.94
-1.84 -6.13
7.09 21.57
24.68 75.13
3.91 12.16
-23.08 -69.72
1.47 4.22
-10.76 -32.24
-10.17 -31.28
24.57 73.31
-18.84 -56.55
-2.45 -8.51
-4.97 -13.98
-12.57 -37.62
3.97 11.96
3.49 10.53
-1.73 -4.87
11.58 34.49
-17.81 -54.0
-3.57 -11.99
1.2 2.54
24.98 75.7
23.84 74.11
14.79 44.03
-4.44 -12.06
9.91 29.35
-5.07 -14.27
-17.87 -54.75
-21.83 -65.67
-4.89 -16.54
12.51 35.25
-22.43 -66.62
-13.44 -40.75
13.27 40.3
-23.83 -70.3
0.55 0.99
-13.61 -41.72
-4.88 -14.61
13.23 39.13
-0.48 -1.02
-9.65 -28.32
13.18 40.08
19.61 59.58
-6.4 -19.15
7.21 22.05
15.23 45.79
9.34 28.04
4.51 14.03
24.66 73.53
22.42 66.73
-11.01 -33.02
-22.68 -67.82
-5.84 -17.4
-21.85 -68.0
-0.49 -1.91
15.52 45.59
-4.44 -13.22
13.36 40.95
13.71 40.12
16.47 49.5
19.1 57.94
4.26 12.2
-10.08 -29.84
23.19 69.75
-4.84 -13.68
8.38 25.08
23.86 72.1
15.95 47.52
-15.98 -47.89
12.12 36.73
3.51 10.06
11.2 32.98
-8.12 -24.0
-20.81 -62.38
-8.46 -25.15
9.2 27.57
3.82 13.28
24.03 71.71
-18.05 -53.67
7.03 20.72
2.44 6.67
18.55 57.23
6.26 19.19
-20.63 -59.36
-17.89 -53.04
8.37 24.41
23.76 73.32
1.89 7.07
0.93 3.25
-21.53 -63.64
-23.88 -72.42
14.85 44.03
13.15 41.18
-15.1 -46.0
22.84 69.37
2.64 8.61
-6.91 -19.91
-4.91 -16.26
-13.97 -42.34
-4.26 -12.9
-12.77 -40.62
9.36 26.91
23.94 73.77
8.48 26.28
10.65 31.36
-8.2 -25.25
-13.57 -39.89
1.08 5.23
-19.9 -60.04
16.46 48.72
10.75 32.53
-16.35 -48.81
-12.04 -35.74
-2.11 -7.95
-6.0 -16.93
10.53 32.52
13.02 39.6
-12.01 -37.02
7.9 23.09
14.42 42.9
-16.27 -50.56
12.61 37.15
-14.55 -43.44
16.32 48.23
13.12 39.1
-17.51 -50.78
18.35 54.12
-7.27 -19.8
-0.47 -0.43
-21.16 -64.06
-3.91 -12.31
19.91 59.47
-22.31 -67.5
-9.79 -29.8
-7.77 -23.59
-16.38 -47.85
-13.32 -40.44
-23.32 -70.48
23.15 69.37
-11.33 -33.1
-7.52 -23.86
16.97 51.36
-11.74 -36.08
-17.28 -52.63
2.2 5.15
-2.93 -10.57
9.58 28.56
4.87 12.59
12.79 38.77
0.52 0.26
13.39 40.91
-0.22 -0.55
10.28 31.13
21.57 63.04
-11.78 -35.71
21.82 64.69
-8.35 -23.89
19.07 58.57
-2.64 -7.6
18.01 53.55
-10.32 -30.24
-11.08 -33.7
3.76 12.26
-12.82 -38.57
-24.56 -73.24
23.77 70.24
-22.2 -67.53
-5.31 -16.28
