11.92 11.2
-14.43 15.26
-25.01 -24.07
25.86 -26.75
-25.38 -26.2
-10.88 10.61
0.81 2.56
-8.28 -7.33
-3.44 -4.25
-29.15 -29.1
-20.49 20.23
23.0 21.91
-6.57 -5.77
14.38 15.41
-6.64 -7.61
26.75 26.37
29.5 29.47
-21.33 -21.57
-14.99 -14.53
21.16 21.17
23.91 -23.53
17.03 -17.54
25.21 -27.34
27.06 -27.39
-17.02 -18.14
26.15 26.44
16.92 18.04
28.88 28.05
11.88 -10.81
-17.35 -18.18
21.08 -21.49
2.48 2.27
24.18 -24.8
14.6 -11.83
16.52 16.89
-4.01 4.78
-15.26 -15.44
-9.97 -10.62
1.34 0.93
23.71 21.13
4.96 -3.3
29.63 -29.94
-28.28 27.7
-7.8 8.49
3.25 -4.62
14.55 14.76
-26.07 -26.69
-21.68 -22.75
-14.61 -13.17
14.06 14.33
-17.48 -18.63
11.93 -11.34
23.99 -21.64
-12.44 9.44
-10.69 -10.45
-6.52 -6.62
13.98 -14.21
14.04 14.96
3.82 -3.38
-18.3 17.32
-0.61 1.45
10.97 -11.34
7.83 -7.13
6.54 5.71
-20.54 18.69
20.29 -19.13
-29.56 -31.25
-13.83 -15.07
-26.23 27.53
-29.63 31.42
11.49 9.02
-0.8 0.88
25.36 26.01
-8.74 7.63
-12.97 13.65
-29.6 -28.49
-19.4 -19.92
-17.77 17.14
8.01 -8.62
-23.16 23.46
22.94 -24.0
15.7 17.65
16.31 -16.66
-16.33 -18.17
-7.54 -7.04
18.43 -19.04
-14.91 15.77
2.96 1.95
-26.55 28.24
-26.94 -26.97
23.21 -24.27
-9.59 -9.37
11.89 -12.33
5.03 5.82
-20.13 -21.03
-3.88 -4.27
-6.57 -7.74
20.01 19.52
21.84 21.01
24.6 24.01
-8.13 -8.44
9.98 9.23
-8.06 6.68
-7.81 9.7
18.11 -18.45
4.51 -4.49
17.53 -17.33
-25.46 -27.25
-14.75 -14.84
5.79 4.71
-6.59 5.89
-23.9 24.63
-19.27 18.69
12.79 -12.8
25.73 -26.92
-24.71 -24.95
26.98 25.48
-9.91 10.44
6.88 8.77
11.84 12.27
23.53 24.16
-3.25 5.5
-0.22 -1.2
-18.12 -17.5
-4.38 4.28
-24.51 24.17
28.89 30.28
18.85 -17.59
13.33 12.17
22.06 -22.15
-8.79 -8.98
1.1 0.26
16.17 -15.82
-24.18 -22.56
-20.27 -19.51
28.9 -31.14
-21.02 20.35
-16.79 -16.32
19.69 -21.08
-1.6 -0.69
-21.89 21.97
-4.5 -3.54
1.08 1.59
-21.09 -19.61
-11.17 -10.9
17.85 17.74
-0.03 0.06
16.71 17.72
-10.13 -10.29
11.8 -13.07
-2.97 2.98
-0.08 1.01
-1.64 -2.74
-27.33 26.65
23.9 24.6
-13.38 13.95
14.74 -13.48
12.65 -12.8
-15.73 -15.85
-24.83 -24.22
7.22 6.78
29.96 -29.95
16.01 -15.99
18.2 19.14
2.46 0.69
24.56 -26.22
-25.55 -23.87
-10.13 11.11
22.01 -21.5
8.53 -7.46
-11.21 10.22
-6.57 -5.88
10.28 10.3
-2.17 -3.6
-18.84 -17.21
-19.07 17.11
-13.44 14.0
18.71 -17.32
-0.29 -0.78
-22.44 -21.54
-0.33 -1.21
1.09 2.03
-10.95 10.85
9.25 10.54
14.72 -14.16
4.95 -5.82
27.5 29.4
-12.11 -12.18
25.72 24.44
-10.67 9.85
15.46 -16.02
11.34 -8.84
-1.86 3.31
-29.31 29.66
15.07 -15.27
9.75 -10.5
21.26 -21.05
18.88 19.17
3.38 -4.01
26.62 -25.66
24.01 -24.52
20.13 -20.79
3.34 -2.17
-6.12 -6.84
-4.71 5.31
-6.89 6.39
9.25 9.08
26.91 27.62
27.08 -25.21
8.43 -8.25
-17.37 -18.61
23.18 22.9
29.95 -29.4
-19.97 20.78
-28.12 -26.66
-17.63 -18.39
0.53 -0.57
11.08 11.86
-20.45 -20.63
6.69 5.77
-14.72 -12.51
7.62 -8.28
-11.46 12.98
28.73 28.54
21.69 23.92
-29.33 -30.43
-26.63 -26.35
20.44 20.6
13.27 -13.62
-5.37 -6.21
-14.91 -15.92
21.37 20.28
-7.06 -7.85
-26.84 -26.91
9.48 -9.4
7.65 7.95
-2.86 2.85
-27.71 25.82
23.33 -23.0
-25.53 28.18
28.57 -29.9
1.87 -3.17
22.7 -21.86
27.67 26.38
22.64 -23.15
-13.01 -14.66
27.66 -26.2
-29.12 28.94
-16.37 -17.76
11.5 -10.42
15.9 -18.04
5.57 -5.59
-12.43 -13.17
22.33 -23.29
21.44 20.89
19.86 19.11
-9.51 10.16
-20.43 20.68
-18.4 19.52
-20.8 -22.6
-26.58 -26.06
-3.64 4.1
25.35 25.38
26.23 -26.19
-23.0 -23.0
4.74 3.42
3.7 4.72
-19.82 -18.19
10.65 -9.08
-13.71 11.94
8.41 8.16
-20.85 -18.94
-6.53 -5.56
-26.77 27.06
-18.97 -18.42
15.2 16.38
28.99 -29.16
14.49 -15.86
-3.49 3.54
2.37 -1.59
-17.08 16.13
-18.89 -18.32
17.12 -17.33
11.79 -11.1
-20.79 21.84
28.96 29.73
-13.46 -12.41
-15.52 15.79
-26.81 25.53
28.88 28.11
14.26 13.97
-24.42 23.61
-19.01 19.7
-27.35 27.64
-19.42 20.95
0.45 0.65
28.94 -29.04
27.33 -27.83
28.63 -30.41
-23.89 24.45
-19.78 -18.78
14.52 -15.85
11.18 -11.14
-23.94 -24.29
-10.12 11.09
-21.34 -20.7
6.25 6.55
27.51 28.13
-29.24 29.32
-12.86 -14.89
-15.17 15.89
15.65 15.35
17.58 -17.35
-14.11 -13.72
-23.67 -23.38
7.64 -7.9
-26.48 25.93
5.17 -2.7
-1.18 1.27
-9.72 -10.97
-2.84 3.49
28.25 27.78
-14.07 -14.71
-18.53 17.41
16.71 -16.14
-15.91 -15.9
24.99 24.38
-21.31 19.55
-1.92 1.35
-3.73 -3.21
12.63 -13.81
15.93 -17.5
1.5 -1.0
-25.71 -24.41
10.22 -10.88
11.48 12.04
2.4 -0.78
-27.49 25.99
-28.85 -29.16
-8.27 8.26
-25.23 -25.0
-16.37 16.51
-20.74 22.4
-10.88 -9.57
-11.31 -11.42
-2.99 4.98
26.15 26.72
-12.34 13.06
-21.36 -20.69
-17.76 16.14
2.17 2.77
-27.2 28.16
9.11 10.43
-9.0 9.04
12.11 12.95
24.09 24.84
-18.21 16.01
-16.5 -15.34
-5.26 -4.91
22.18 21.34
10.24 9.06
12.13 -10.81
12.25 13.56
-5.79 4.58
-22.04 22.88
8.36 7.48
22.46 22.76
16.78 17.28
-25.84 -24.35
12.5 13.63
12.4 -11.07
-9.48 10.55
13.39 13.56
20.72 19.74
5.26 3.88
11.35 -10.94
7.59 -9.96
-24.98 -26.46
-2.01 2.43
2.63 3.61
23.45 -24.33
-23.23 22.37
5.62 4.68
6.29 6.85
19.74 -19.04
-15.89 18.19
-21.08 23.59
18.97 18.95
-19.98 18.06
29.27 30.19
-23.89 -24.52
25.59 26.55
17.74 -17.25
-11.99 -11.52
-3.57 4.05
28.23 -27.24
10.05 -8.99
2.32 1.21
-18.97 -18.58
-22.35 -22.35
26.98 26.63
23.84 22.91
-24.25 -23.71
-26.9 -27.86
20.45 -21.38
14.98 -14.84
-21.82 21.79
21.82 -20.55
-10.46 9.44
20.51 -20.85
17.36 -18.72
-27.66 27.27
8.67 7.84
6.64 -7.19
-7.36 8.82
-6.76 7.2
-16.14 16.66
-11.66 12.73
22.05 20.58
23.41 24.39
18.26 -17.79
-22.76 22.46
-6.22 -6.09
-18.67 19.15
-24.02 -23.67
27.34 -28.64
29.88 -30.16
-23.24 21.17
-16.9 -17.11
-18.07 -17.94
28.59 -28.51
10.88 10.28
8.36 -7.83
-12.7 -11.22
-23.28 -23.46
14.44 13.11
1.29 -2.99
-29.3 -27.75
-26.38 26.56
-22.9 22.28
-16.78 -17.8
24.81 -26.76
13.47 11.32
-3.22 -2.0
12.46 -11.68
24.38 -24.71
-11.87 -13.61
-11.93 12.2
-6.58 7.01
-17.4 -17.05
29.68 28.78
3.96 4.0
-27.8 -27.52
-17.39 -18.18
17.13 -17.53
-20.16 -19.36
28.08 28.11
-9.54 9.62
4.55 -4.92
27.61 27.67
18.8 -18.39
-29.95 30.88
-26.29 26.5
5.6 6.03
-10.33 -9.19
-26.34 26.54
-22.61 -22.51
16.28 -17.23
-22.81 -23.75
-5.64 -7.91
-4.67 -4.4
0.83 -0.96
-15.84 -16.92
-4.08 -4.24
-2.03 3.5
-23.3 22.41
13.53 14.26
-25.32 -25.81
2.9 2.75
15.81 -16.03
-0.31 1.32
-15.73 17.64
8.17 8.94
19.47 19.08
-3.11 -3.12
11.93 -11.75
16.37 -17.31
-20.81 -21.57
-3.48 -3.87
-3.98 -4.93
6.1 -6.17
1.87 1.08
-5.14 -4.07
24.86 23.09
-14.92 -17.36
2.54 -2.41
-15.13 -14.65
-5.29 3.29
-15.78 14.75
21.35 -20.05
27.61 -25.5
12.67 13.46
-29.92 -31.06
-7.86 7.9
18.6 18.43
-2.96 -1.94
12.64 -11.78
-19.83 21.16
-19.76 -20.97
-21.23 -22.18
-11.7 12.98
23.45 22.17
19.04 -19.44
22.52 20.9
27.52 27.48
29.3 -28.56
-3.58 2.84
-10.97 -10.73
-14.6 -16.04
-23.71 -23.23
18.04 18.9
-18.17 -18.71
29.3 -28.97
22.16 -22.63
-1.29 0.56
26.59 26.67
19.54 -20.57
-9.95 10.1
-21.2 20.07
-6.03 -6.43
-28.35 -29.22
-7.8 8.24
14.74 15.2
9.88 -7.52
28.29 29.23
-9.94 9.8
29.46 -27.9
16.39 -16.6
-1.3 -1.36
-1.88 0.5
-20.64 19.18
-19.93 20.55
-17.37 17.02
8.59 -8.01
-1.26 3.02
-11.19 -10.82
-11.03 -12.26
-27.97 -28.44
28.82 -30.32
-21.92 -23.14
-9.08 -9.53
-5.52 5.26
1.23 -1.02
11.1 -11.04
-0.86 1.77
7.03 7.14
-8.36 8.48
10.8 -10.06
0.11 0.65
-7.64 -8.67
29.55 -29.63
-4.96 3.52
-7.7 8.38
-16.65 16.81
9.51 7.53
5.8 5.7
-4.37 4.24
14.68 -15.92
-2.57 -0.29
-4.11 -2.76
16.13 -16.59
28.86 28.61
9.39 -8.74
26.56 -23.88
-28.72 -28.94
0.88 -1.2
21.21 -21.47
-24.23 -23.04
6.54 5.95
14.52 13.54
-19.46 18.84
-4.32 -4.05
7.02 10.05
-5.12 -5.65
-24.13 23.11
16.19 17.56
22.41 -20.39
-21.14 -21.31
15.17 -15.33
28.52 27.13
-5.65 -5.42
27.02 27.57
-24.36 23.6
0.74 -0.03
-14.95 15.02
-14.23 14.19
17.95 18.43
8.95 10.75
12.69 -12.3
20.24 21.15
