29.96 -29.95
-0.8 0.88
12.65 -12.8
20.29 -19.13
-14.91 15.77
-11.66 12.73
1.5 -1.0
20.13 -20.79
7.83 -7.13
-8.27 8.26
-9.51 10.16
-19.97 20.78
-26.34 26.54
-22.04 22.88
17.53 -17.33
14.98 -14.84
-15.78 14.75
-10.67 9.85
11.79 -11.1
-1.86 3.31
-10.88 10.61
-13.38 13.95
-3.49 3.54
-9.91 10.44
10.97 -11.34
-7.36 8.82
-6.59 5.89
24.01 -24.52
-2.99 4.98
10.65 -9.08
29.3 -28.97
8.01 -8.62
15.46 -16.02
-19.27 18.69
23.33 -23.0
-26.29 26.5
-9.0 9.04
-4.71 5.31
28.57 -29.9
-29.63 31.42
-12.97 13.65
22.64 -23.15
28.99 -29.16
28.94 -29.04
3.38 -4.01
-9.54 9.62
-15.89 18.19
-0.86 1.77
22.33 -23.29
16.01 -15.99
-24.36 23.6
19.69 -21.08
-21.08 23.59
16.17 -15.82
-10.12 11.09
18.71 -17.32
12.63 -13.81
28.9 -31.14
18.85 -17.59
9.48 -9.4
4.55 -4.92
-23.24 21.17
11.8 -13.07
-19.07 17.11
-17.08 16.13
10.05 -8.99
2.4 -0.78
9.88 -7.52
22.16 -22.63
23.45 -24.33
4.95 -5.82
5.57 -5.59
-29.95 30.88
-1.88 0.5
24.18 -24.8
29.55 -29.63
-7.8 8.24
11.34 -8.84
17.74 -17.25
-12.34 13.06
28.59 -28.51
-4.37 4.24
-2.57 -0.29
0.83 -0.96
29.46 -27.9
28.63 -30.41
-10.95 10.85
11.93 -11.75
27.08 -25.21
-2.97 2.98
2.54 -2.41
25.21 -27.34
-7.8 8.49
-2.01 2.43
23.21 -24.27
-27.35 27.64
3.82 -3.38
-19.46 18.84
8.43 -8.25
14.68 -15.92
10.8 -10.06
23.91 -23.53
-26.81 25.53
22.01 -21.5
-11.7 12.98
-19.01 19.7
-18.21 16.01
16.28 -17.23
-19.98 18.06
-9.94 9.8
12.79 -12.8
9.75 -10.5
16.37 -17.31
27.33 -27.83
11.5 -10.42
-1.92 1.35
27.61 -25.5
14.52 -15.85
17.03 -17.54
1.23 -1.02
-23.16 23.46
-1.29 0.56
17.58 -17.35
20.45 -21.38
-11.46 12.98
-27.33 26.65
-16.65 16.81
21.26 -21.05
22.41 -20.39
-3.25 5.5
-0.31 1.32
-7.7 8.38
16.31 -16.66
19.74 -19.04
7.59 -9.96
20.51 -20.85
-20.43 20.68
16.71 -16.14
29.3 -28.56
0.88 -1.2
12.64 -11.78
-18.53 17.41
-28.28 27.7
-29.12 28.94
16.39 -16.6
-4.01 4.78
22.7 -21.86
29.88 -30.16
28.23 -27.24
-23.23 22.37
-5.79 4.58
-13.71 11.94
-6.89 6.39
-2.03 3.5
8.59 -8.01
-19.42 20.95
-15.52 15.79
21.82 -20.55
-1.26 3.02
14.6 -11.83
-8.36 8.48
-20.54 18.69
19.54 -20.57
6.1 -6.17
-12.44 9.44
17.36 -18.72
-17.37 17.02
-0.03 0.06
13.27 -13.62
-26.77 27.06
-25.53 28.18
-2.84 3.49
18.8 -18.39
18.26 -17.79
-14.43 15.26
14.49 -15.86
12.13 -10.81
13.98 -14.21
23.99 -21.64
-23.3 22.41
-29.31 29.66
-23.9 24.63
-11.93 12.2
18.11 -18.45
25.73 -26.92
27.34 -28.64
18.43 -19.04
25.86 -26.75
-20.79 21.84
-3.64 4.1
-14.95 15.02
-14.23 14.19
-19.93 20.55
-1.18 1.27
-20.49 20.23
-8.06 6.68
15.93 -17.5
-5.52 5.26
-22.76 22.46
4.96 -3.3
-27.66 27.27
17.13 -17.53
15.17 -15.33
-20.74 22.4
-18.4 19.52
11.1 -11.04
27.06 -27.39
1.87 -3.17
2.37 -1.59
-24.42 23.61
-24.51 24.17
7.62 -8.28
-27.71 25.82
-2.86 2.85
-21.82 21.79
-21.2 20.07
-4.96 3.52
10.22 -10.88
-9.48 10.55
21.35 -20.05
-3.58 2.84
-26.23 27.53
-8.74 7.63
-26.48 25.93
-7.81 9.7
12.69 -12.3
26.56 -23.88
-16.37 16.51
-21.31 19.55
-27.49 25.99
15.9 -18.04
17.12 -17.33
-13.44 14.0
-26.55 28.24
7.64 -7.9
11.18 -11.14
26.62 -25.66
-26.38 26.56
12.4 -11.07
-17.76 16.14
21.21 -21.47
-24.13 23.11
3.34 -2.17
-16.14 16.66
-9.95 10.1
-4.38 4.28
1.1 0.26
3.25 -4.62
5.17 -2.7
12.46 -11.68
-21.89 21.97
-18.3 17.32
27.66 -26.2
-10.13 11.11
11.93 -11.34
4.51 -4.49
-19.83 21.16
22.06 -22.15
0.53 -0.57
6.64 -7.19
-5.29 3.29
9.39 -8.74
28.82 -30.32
-0.29 -0.78
-18.67 19.15
-22.9 22.28
1.29 -2.99
-15.73 17.64
-10.46 9.44
-23.89 24.45
22.94 -24.0
21.08 -21.49
24.38 -24.71
16.13 -16.59
14.74 -13.48
-7.86 7.9
29.63 -29.94
24.81 -26.76
-27.2 28.16
-17.77 17.14
11.88 -10.81
29.95 -29.4
-20.64 19.18
14.72 -14.16
8.36 -7.83
15.81 -16.03
-6.58 7.01
-3.57 4.05
19.04 -19.44
-6.76 7.2
-21.02 20.35
8.53 -7.46
-11.21 10.22
11.89 -12.33
26.23 -26.19
-29.24 29.32
-15.17 15.89
15.07 -15.27
24.56 -26.22
11.35 -10.94
