-9.08 -9.53
-11.19 -10.82
27.67 26.38
-6.53 -5.56
2.9 2.75
-1.64 -2.74
23.53 24.16
-16.37 -17.76
21.37 20.28
-17.48 -18.63
-24.71 -24.95
-18.89 -18.32
18.88 19.17
-12.86 -14.89
-13.83 -15.07
-7.06 -7.85
9.98 9.23
-18.97 -18.42
-5.64 -7.91
-14.61 -13.17
-20.81 -21.57
2.63 3.61
2.96 1.95
-15.26 -15.44
-11.17 -10.9
10.28 10.3
-0.22 -1.2
-1.6 -0.69
20.72 19.74
6.88 8.77
7.22 6.78
-17.4 -17.05
-21.36 -20.69
14.52 13.54
-8.13 -8.44
8.67 7.84
12.67 13.46
-14.07 -14.71
-16.78 -17.8
14.44 13.11
14.26 13.97
-10.88 -9.57
-14.91 -15.92
-29.15 -29.1
-3.73 -3.21
21.44 20.89
19.47 19.08
-21.34 -20.7
-26.58 -26.06
-17.37 -18.61
-18.97 -18.58
18.04 18.9
5.62 4.68
-19.78 -18.78
-28.85 -29.16
29.5 29.47
-16.5 -15.34
-22.44 -21.54
-4.08 -4.24
3.7 4.72
11.92 11.2
8.41 8.16
-5.65 -5.42
-10.13 -10.29
-26.94 -26.97
17.95 18.43
-29.92 -31.06
4.74 3.42
22.46 22.76
5.6 6.03
6.69 5.77
-9.59 -9.37
16.71 17.72
-6.03 -6.43
-3.11 -3.12
-24.18 -22.56
7.65 7.95
-16.9 -17.11
8.36 7.48
24.86 23.09
-23.28 -23.46
5.79 4.71
-25.46 -27.25
26.59 26.67
27.02 27.57
-3.44 -4.25
0.45 0.65
11.08 11.86
-21.33 -21.57
-6.12 -6.84
26.75 26.37
-23.71 -23.23
26.98 25.48
20.44 20.6
13.47 11.32
5.26 3.88
23.71 21.13
-11.99 -11.52
-20.85 -18.94
14.04 14.96
-16.79 -16.32
-28.72 -28.94
2.46 0.69
10.24 9.06
-25.32 -25.81
-23.0 -23.0
-24.98 -26.46
1.09 2.03
6.54 5.95
-25.38 -26.2
10.88 10.28
-4.11 -2.76
-5.12 -5.65
2.48 2.27
-15.91 -15.9
-20.45 -20.63
28.08 28.11
28.86 28.61
9.51 7.53
27.5 29.4
-14.75 -14.84
-18.84 -17.21
8.95 10.75
17.85 17.74
-2.96 -1.94
15.7 17.65
-15.73 -15.85
-14.99 -14.53
-14.6 -16.04
-3.88 -4.27
-10.97 -10.73
-3.98 -4.93
-25.71 -24.41
-11.31 -11.42
-8.28 -7.33
-17.02 -18.14
28.88 28.11
-8.79 -8.98
29.27 30.19
23.41 24.39
-15.13 -14.65
23.45 22.17
-0.33 -1.21
-0.61 1.45
26.15 26.72
-6.57 -5.77
-21.68 -22.75
18.97 18.95
19.86 19.11
-20.8 -22.6
-17.63 -18.39
-21.14 -21.31
-23.67 -23.38
16.19 17.56
-6.64 -7.61
-20.16 -19.36
9.11 10.43
-14.11 -13.72
-12.11 -12.18
23.84 22.91
-29.33 -30.43
23.0 21.91
28.73 28.54
-27.97 -28.44
5.8 5.7
-21.09 -19.61
-13.46 -12.41
-23.89 -24.52
-23.94 -24.29
-9.72 -10.97
-25.01 -24.07
5.03 5.82
22.05 20.58
-6.57 -7.74
2.17 2.77
16.52 16.89
6.54 5.71
-26.84 -26.91
-24.02 -23.67
12.5 13.63
26.15 26.44
27.52 27.48
-29.56 -31.25
28.88 28.05
18.2 19.14
28.25 27.78
-21.23 -22.18
18.6 18.43
24.99 24.38
-14.92 -17.36
0.81 2.56
22.52 20.9
16.78 17.28
2.32 1.21
14.38 15.41
29.68 28.78
24.6 24.01
25.35 25.38
25.59 26.55
25.72 24.44
20.01 19.52
-7.54 -7.04
25.36 26.01
-10.33 -9.19
21.16 21.17
15.2 16.38
-4.32 -4.05
-4.5 -3.54
-17.35 -18.18
-27.8 -27.52
-22.35 -22.35
27.61 27.67
-17.39 -18.18
13.39 13.56
-26.07 -26.69
13.33 12.17
28.52 27.13
-21.92 -23.14
9.25 10.54
26.98 26.63
-24.25 -23.71
28.96 29.73
7.03 7.14
-2.17 -3.6
22.18 21.34
-3.22 -2.0
0.11 0.65
28.89 30.28
11.84 12.27
-16.33 -18.17
-13.01 -14.66
1.87 1.08
-25.84 -24.35
-4.67 -4.4
-29.3 -27.75
-24.23 -23.04
1.08 1.59
-9.97 -10.62
26.91 27.62
-5.14 -4.07
-26.9 -27.86
-18.17 -18.71
-5.26 -4.91
-25.23 -25.0
-29.6 -28.49
0.74 -0.03
21.69 23.92
-0.08 1.01
-6.52 -6.62
12.11 12.95
6.25 6.55
7.02 10.05
-19.4 -19.92
-1.3 -1.36
-12.7 -11.22
-18.12 -17.5
-25.55 -23.87
3.96 4.0
-11.03 -12.26
-15.84 -16.92
-7.64 -8.67
14.06 14.33
21.84 21.01
9.25 9.08
24.09 24.84
-22.61 -22.51
27.51 28.13
20.24 21.15
6.29 6.85
11.49 9.02
23.9 24.6
-26.63 -26.35
-19.82 -18.19
-14.72 -12.51
8.17 8.94
-5.37 -6.21
-6.57 -5.88
15.65 15.35
-20.13 -21.03
-24.83 -24.22
-12.43 -13.17
23.18 22.9
-19.76 -20.97
1.34 0.93
-3.48 -3.87
-10.69 -10.45
-28.35 -29.22
16.92 18.04
-11.87 -13.61
11.48 12.04
14.55 14.76
-6.22 -6.09
-18.07 -17.94
12.25 13.56
13.53 14.26
-28.12 -26.66
14.74 15.2
-20.27 -19.51
-22.81 -23.75
28.29 29.23
