15.28 -40.21
7.33 -34.78
1.07 -31.82
12.84 -38.14
15.48 -40.25
11.15 -36.58
9.62 -34.58
18.03 -41.57
0.21 -29.23
10.95 -37.12
15.82 -39.4
16.01 -38.37
0.82 -30.99
18.9 -40.19
2.3 -32.64
0.33 -31.05
5.13 -32.59
17.52 -41.45
12.46 -39.88
10.86 -36.81
13.82 -37.43
10.93 -36.96
0.71 -30.4
1.54 -31.24
16.43 -39.32
17.61 -39.73
5.01 -33.17
18.09 -39.14
15.28 -39.52
8.45 -35.53
6.12 -33.46
14.61 -39.06
13.3 -38.33
9.42 -36.04
12.47 -37.41
0.56 -30.83
4.76 -31.85
18.47 -40.93
7.13 -32.5
12.17 -40.38
11.0 -35.53
16.59 -38.88
9.66 -36.45
14.06 -38.15
6.42 -32.72
2.33 -30.91
6.78 -33.4
2.85 -32.39
6.62 -33.37
10.72 -37.31
14.02 -38.24
0.72 -30.33
18.22 -42.25
16.64 -39.64
3.29 -32.53
18.38 -41.07
1.92 -30.4
1.84 -30.66
4.75 -33.07
1.56 -32.19
19.71 -41.23
3.18 -32.09
15.77 -40.43
7.29 -35.25
7.39 -35.21
16.88 -40.81
18.63 -40.46
16.35 -39.1
15.25 -39.65
6.8 -33.43
10.69 -34.88
9.55 -35.03
10.22 -35.31
0.0 -28.98
0.98 -29.35
8.2 -34.19
16.67 -40.67
19.41 -42.94
16.84 -38.79
6.25 -33.11
15.06 -38.07
0.7 -28.35
13.8 -39.27
4.01 -32.91
11.33 -36.46
7.85 -34.67
5.82 -35.78
15.48 -39.07
4.49 -32.24
3.81 -32.11
6.11 -33.9
17.22 -38.68
8.8 -35.69
19.98 -42.5
4.95 -30.95
13.79 -39.05
9.92 -36.06
2.52 -33.04
13.24 -39.61
12.99 -36.46
5.82 -34.28
15.82 -39.7
6.31 -33.44
15.9 -39.05
0.52 -31.46
5.71 -33.46
16.43 -39.58
0.07 -30.67
12.77 -37.34
11.24 -36.33
4.2 -34.0
18.13 -42.47
16.93 -40.03
0.54 -29.39
11.67 -35.98
12.2 -37.48
10.6 -35.96
19.45 -41.66
1.9 -30.35
4.6 -31.18
7.84 -33.61
7.56 -35.2
16.89 -41.55
19.22 -39.7
9.59 -36.45
4.29 -31.55
11.6 -37.04
18.07 -40.74
12.28 -36.51
7.52 -35.33
13.3 -38.42
12.38 -36.65
11.0 -35.72
15.9 -41.07
13.39 -38.29
14.32 -39.0
12.01 -36.68
5.92 -33.31
9.4 -36.6
9.48 -34.98
5.13 -31.55
1.03 -30.77
10.68 -36.0
12.08 -36.98
9.86 -34.16
11.29 -35.65
14.76 -40.42
7.19 -36.07
19.63 -40.11
4.3 -32.39
8.17 -32.82
2.12 -31.82
11.61 -36.12
5.18 -34.08
16.02 -40.51
6.86 -34.14
19.59 -42.77
10.55 -36.32
14.22 -40.13
12.41 -36.66
5.87 -35.11
7.89 -36.53
17.5 -39.88
13.34 -38.51
13.64 -38.75
16.03 -40.86
15.79 -41.97
2.39 -33.02
12.92 -36.41
6.85 -33.62
15.69 -38.95
7.63 -35.08
6.57 -32.88
10.17 -36.0
11.81 -39.02
19.39 -40.78
13.32 -37.79
11.74 -36.53
16.79 -38.42
10.92 -36.24
11.11 -35.83
15.08 -38.21
12.45 -38.71
2.82 -31.66
1.89 -30.49
7.0 -34.54
18.44 -39.92
9.29 -35.32
14.16 -38.29
11.16 -39.35
18.26 -40.38
13.66 -37.53
8.5 -36.51
1.04 -31.5
18.86 -41.86
9.88 -35.35
6.18 -32.59
5.94 -35.45
5.33 -34.02
18.95 -42.71
