9.08 39.28
7.61 -51.37
6.12 -4.24
19.25 4.9
0.03 20.84
10.44 -53.37
0.07 -30.67
13.3 -38.42
5.01 -33.17
18.54 -14.07
2.34 -50.72
9.85 -15.24
9.88 -52.12
4.2 -34.0
13.43 45.62
11.33 -36.46
12.81 -14.68
14.65 -14.35
7.29 -52.96
6.86 -52.03
7.58 -14.19
19.57 4.37
9.1 -3.15
0.46 -9.36
13.03 -54.53
11.13 -16.11
6.8 -15.44
7.16 -14.85
6.78 -33.4
9.46 39.44
16.45 52.92
16.64 -39.64
14.39 -54.89
5.82 -35.78
5.5 -5.42
15.32 -13.83
5.14 -51.26
3.4 -6.31
11.16 -39.35
4.91 -14.38
6.35 -51.64
4.0 26.76
3.06 -16.29
7.81 37.01
12.69 46.17
12.38 -36.65
9.75 38.24
19.22 -39.7
9.16 35.8
2.37 -51.11
13.3 -38.33
18.82 57.57
12.22 -2.39
9.32 39.96
17.92 53.59
18.03 -41.57
16.4 -54.09
6.1 -51.69
16.18 5.12
5.71 -33.46
4.0 -5.67
13.0 46.79
19.63 -57.05
12.24 -2.39
14.76 -40.42
17.18 4.27
13.68 -15.68
19.71 -41.23
19.26 -14.4
16.67 -40.67
6.25 -33.11
15.88 -53.07
3.26 -15.5
0.64 21.06
6.52 -50.33
6.81 -50.24
7.31 -50.51
11.47 -55.37
13.61 46.67
14.11 0.68
10.08 38.17
6.65 31.26
0.22 -8.6
7.82 36.07
11.61 -36.12
5.13 -50.62
6.8 -33.43
6.41 -51.89
0.82 -30.99
8.66 -15.19
5.26 -50.64
1.76 -7.13
3.12 -49.46
16.93 -55.6
0.98 -13.75
6.83 -51.6
0.29 -8.98
12.53 0.06
15.16 49.79
16.89 -41.55
5.13 -32.59
3.55 -17.04
5.94 -35.45
8.2 -34.19
19.29 56.53
0.79 -8.79
15.44 1.28
14.13 -16.57
15.41 -54.22
16.65 2.53
15.38 0.64
2.52 -5.69
5.66 -2.69
0.98 -8.13
13.79 -39.05
2.03 23.64
15.39 50.3
1.46 23.96
12.47 -15.59
6.76 -4.15
2.87 -7.14
11.15 -36.58
10.86 -36.81
13.32 -53.1
4.81 -4.38
13.03 0.75
14.16 -38.29
4.3 -32.39
10.78 -17.12
5.24 -51.5
10.14 40.3
18.26 -40.38
11.24 -36.33
0.7 -28.35
18.38 -41.07
0.54 -29.39
6.23 -52.62
5.31 -15.75
2.73 -50.71
3.33 -16.15
10.12 -53.71
18.5 5.27
15.06 -0.2
7.22 33.68
19.62 5.77
0.71 -49.79
7.37 -16.26
16.66 -14.45
19.5 -56.13
13.64 -38.75
10.92 -36.24
15.82 -39.4
5.44 -5.51
11.41 45.3
15.76 -54.73
17.1 -54.89
2.68 26.16
16.92 3.11
1.95 -51.57
3.81 -32.11
19.24 -54.74
13.3 47.41
11.3 -1.04
6.39 -17.34
2.91 25.26
9.42 -36.04
12.45 -38.71
7.27 36.11
1.95 22.0
3.03 -5.86
9.87 -53.22
18.95 -42.71
15.05 50.5
12.23 43.87
4.75 -33.07
5.08 30.29
2.82 -16.5
16.59 -38.88
12.77 46.6
4.43 -50.5
11.81 42.47
3.57 -49.73
13.05 -15.13
7.04 33.6
15.88 52.74
13.64 -14.76
14.61 -39.06
19.07 2.44
16.34 -15.19
9.3 39.71
3.39 -6.62
10.19 -14.22
13.92 -15.97
7.62 -51.8
3.77 -14.07
12.2 -37.48
5.06 30.05
9.62 -34.58
14.22 -40.13
6.72 -53.27
4.96 -6.95
18.59 4.08
19.94 -55.93
9.18 -15.62
16.96 53.54
3.23 27.62
2.03 -14.84
14.02 -38.24
7.04 34.0
7.52 -35.33
16.28 -56.24
0.3 -51.59
2.83 27.09
19.83 5.85
14.27 48.51
12.08 -1.5
11.54 0.71
1.54 22.5
7.63 -53.28
17.74 -53.94
13.82 -37.43
13.99 47.85
2.0 -51.77
11.83 43.76
14.32 -39.0
15.85 51.49
3.61 -52.31
9.66 -36.45
7.24 33.44
18.71 -16.62
15.48 -39.07
13.62 46.59
17.22 -38.68
12.01 -36.68
18.47 -40.93
9.88 -35.35
7.21 -50.71
4.66 29.22
0.17 22.24
13.35 46.7
18.85 4.24
9.27 -15.49
8.73 36.76
6.56 -3.22
3.93 26.25
18.9 -40.19
1.43 -14.87
0.39 -14.29
14.28 1.98
0.87 -15.7
6.62 -33.37
3.52 27.08
9.98 -15.12
11.4 41.46
0.2 -50.64
12.43 -53.79
8.8 -35.69
5.18 -34.08
17.34 56.43
5.95 -5.53
16.68 2.53
7.33 36.1
18.69 3.42
1.89 -30.49
9.29 -35.32
7.79 -2.75
13.24 -39.61
6.96 -52.47
8.32 -14.89
7.86 -51.6
9.13 37.11
10.15 39.03
8.52 -52.32
19.45 -13.63
12.88 1.31
13.8 -39.27
5.31 -15.37
3.67 -14.92
11.06 -16.43
15.08 -38.21
3.18 -32.09
18.3 3.5
5.25 -50.83
16.52 -14.04
4.39 -16.09
3.57 -6.05
5.3 31.24
12.25 -54.17
7.56 -35.2
9.81 -54.05
16.72 53.44
15.79 -41.97
15.69 -38.95
16.62 -53.52
7.63 -35.08
3.55 -5.95
6.18 -32.59
6.0 32.25
6.79 -3.62
6.09 -5.81
14.38 1.27
13.33 45.84
11.81 -39.02
13.56 -54.63
5.02 30.55
18.55 -12.35
13.72 1.59
13.69 -54.17
12.98 46.22
3.71 -4.41
4.37 -14.35
19.21 -11.95
13.39 -38.29
13.11 -53.56
18.58 -55.34
0.69 22.33
6.87 -3.67
5.75 -4.96
0.59 -9.33
13.33 46.96
7.08 -4.62
5.29 -14.73
0.21 -29.23
18.0 -53.8
7.39 -35.21
9.25 -54.6
1.31 -13.78
7.11 -14.44
9.14 -52.8
16.76 2.64
15.34 -15.66
14.65 0.79
8.58 -3.42
3.62 -51.69
12.52 -0.51
1.28 -50.29
9.38 -2.57
15.48 0.76
10.08 -52.57
10.32 -51.92
8.01 -2.67
2.85 -32.39
13.34 -38.51
19.34 4.35
14.2 -56.03
7.4 -4.41
2.04 -7.95
16.03 -40.86
13.39 1.63
7.84 -3.09
8.06 -15.45
13.6 -13.59
0.05 -8.41
7.33 -34.78
6.17 -2.52
8.58 36.86
8.24 37.52
13.32 -37.79
13.78 1.42
6.31 -15.11
3.31 -52.06
7.16 -51.94
1.88 -15.22
8.35 -52.63
12.85 45.44
19.35 60.57
10.37 -54.88
12.17 -40.38
16.66 2.25
4.14 -51.62
2.3 -32.64
11.56 43.16
2.32 -7.2
6.56 -4.36
2.88 26.42
4.18 -6.07
3.97 -16.1
5.62 -5.55
1.08 -7.59
0.77 21.07
1.52 -13.35
8.62 35.44
9.34 36.47
0.37 -13.05
7.13 -32.5
2.71 -14.34
2.7 -5.92
1.9 -30.35
10.95 -37.12
19.09 -16.23
5.04 30.5
4.19 28.09
17.64 4.04
16.0 -55.34
17.1 5.5
3.71 -16.29
13.39 46.25
14.77 -53.57
12.08 -36.98
15.75 51.5
0.48 -13.3
18.01 -15.32
8.48 -1.33
18.09 -39.14
9.85 -53.62
15.28 -39.52
14.16 -14.45
11.6 -37.04
8.14 35.77
11.67 -52.9
17.67 4.21
4.76 -31.85
4.16 -14.72
5.66 -13.62
5.13 -31.55
17.62 54.32
8.1 -14.48
15.54 -15.24
9.74 -15.47
9.86 -34.16
8.03 -50.98
11.0 -15.13
1.21 22.33
18.03 -15.21
19.99 61.1
4.52 -5.89
5.76 31.34
15.82 -39.7
4.92 -7.36
2.31 -8.13
15.9 -39.05
1.16 21.32
1.79 -8.58
7.34 -51.61
19.98 59.54
2.95 -13.65
9.97 38.97
1.84 -30.66
13.11 -53.15
4.01 -32.91
6.11 -15.21
9.59 -36.45
9.89 -15.3
16.05 -0.02
10.23 41.44
17.87 -55.14
10.59 -2.29
9.4 -36.6
15.06 -38.07
0.69 -50.77
1.79 -51.61
13.47 -15.57
1.82 -15.49
7.68 -12.87
5.17 30.06
8.17 -32.82
12.76 46.94
9.16 -53.46
1.92 -30.4
10.13 -51.81
15.1 -54.35
8.5 -3.01
8.43 -15.26
7.78 -3.84
13.17 -15.11
18.59 58.61
4.49 -32.24
7.17 34.59
7.67 -3.08
15.22 49.56
11.63 -12.94
3.64 -6.04
14.04 -15.77
17.07 55.05
19.51 -15.68
8.23 -1.87
5.87 -35.11
10.67 -54.0
2.21 -6.63
0.52 -31.46
2.86 -8.71
17.48 3.75
15.43 -54.32
1.18 -14.53
5.38 -13.12
19.63 -40.11
7.69 37.71
4.29 -31.55
12.36 -51.61
2.34 -49.62
11.2 0.62
6.43 32.23
1.95 22.79
18.98 59.05
17.42 54.62
8.45 -35.53
16.01 2.53
17.8 -55.6
8.92 37.08
2.39 -33.02
3.41 25.76
18.65 -11.93
9.31 37.74
2.07 -15.52
16.19 -54.41
16.02 -40.51
14.54 -53.67
18.86 -41.86
3.86 29.08
4.23 -52.06
10.19 41.01
14.9 49.12
12.0 43.81
2.69 -15.15
3.81 -13.82
12.36 -1.09
4.34 -15.86
15.9 -41.07
7.09 -14.17
16.39 -14.36
19.0 3.26
5.8 -3.55
9.82 41.18
14.37 48.27
7.41 34.39
12.9 0.71
11.97 -1.67
7.67 -14.5
0.38 -7.8
16.85 -56.3
10.17 -36.0
14.79 1.1
1.86 23.16
13.66 -37.53
18.2 3.73
11.3 -16.05
6.44 -15.29
1.7 22.77
19.79 -13.97
10.05 -14.84
5.46 -3.68
4.43 -51.1
10.77 41.25
0.84 -13.49
16.43 -39.32
17.94 -15.09
11.29 -35.65
8.5 -36.51
7.62 36.32
7.52 34.4
5.34 -51.05
1.51 -50.26
0.98 -29.35
3.51 -51.09
13.57 46.81
16.7 -55.16
19.01 4.57
19.25 57.54
10.53 -15.8
17.23 3.46
2.04 -50.74
14.46 49.14
1.15 23.02
13.95 48.31
7.89 -5.07
12.46 -39.88
15.06 0.6
11.85 43.07
0.72 -30.33
18.13 -42.47
2.12 -31.82
18.74 -14.84
19.08 58.51
12.92 -36.41
8.24 -3.28
1.07 -31.82
7.29 -35.25
3.33 -49.99
19.29 -12.7
17.33 -13.73
15.65 -52.8
10.22 -35.31
3.97 -6.1
12.38 45.35
6.02 33.65
7.98 -3.75
19.73 -55.69
0.69 21.45
8.11 -3.57
0.0 -28.98
11.11 -35.83
12.77 -37.34
2.33 -15.2
8.36 -15.04
6.05 32.41
17.7 56.38
10.3 40.28
12.96 -54.97
16.35 -39.1
4.96 -49.96
15.34 51.19
3.89 29.05
14.93 0.29
7.3 -13.94
13.11 0.0
11.0 -35.53
19.76 4.59
10.35 -13.42
2.24 -49.43
5.05 -16.11
2.09 -49.98
19.74 -58.07
14.21 -54.95
14.51 -55.18
1.89 -16.52
10.23 -15.78
17.33 54.58
12.41 -36.66
13.46 -14.68
15.21 -52.59
1.56 -32.19
14.19 -14.69
13.23 -54.26
17.19 53.2
2.49 -7.02
19.59 -42.77
15.76 -15.94
6.28 -51.89
4.24 -51.94
18.68 58.9
1.62 -6.8
13.24 -14.44
4.95 -14.95
2.06 -50.43
0.82 20.52
1.04 -31.5
11.46 -53.12
10.72 -37.31
12.28 -36.51
7.38 34.37
3.28 -6.55
13.01 -55.34
9.62 -52.48
10.97 -54.15
19.32 -55.59
7.19 -36.07
8.7 -1.68
17.21 54.67
6.12 -33.46
13.22 -54.1
6.25 -15.34
5.69 33.0
0.59 -8.84
17.4 -54.02
7.57 -13.35
18.13 58.42
17.52 -41.45
0.73 20.01
13.38 0.08
2.33 -30.91
1.2 -50.99
7.41 -16.18
16.74 4.15
9.87 -14.82
16.93 -40.03
15.94 -15.99
12.45 -14.93
0.44 -13.9
7.84 -33.61
16.77 2.63
4.6 -31.18
14.61 50.77
11.6 -53.73
15.55 51.41
13.01 44.86
16.88 53.63
18.43 2.49
8.79 38.66
6.11 -33.9
11.44 -14.8
7.16 36.76
3.52 -50.36
2.18 -14.14
1.74 -51.02
2.05 -8.37
17.41 1.58
9.66 -53.72
3.73 -51.9
14.31 -0.2
15.5 -12.74
13.26 46.68
0.84 21.02
7.65 -51.57
14.06 -38.15
6.17 34.64
15.25 -39.65
10.55 -36.32
19.41 -55.18
7.74 -14.72
1.16 22.84
6.93 -52.85
4.42 -5.25
1.03 -30.77
2.25 -13.83
14.3 -16.12
5.23 29.37
13.84 -56.5
14.56 -16.62
8.28 35.53
0.22 -13.66
15.63 0.81
18.35 -13.97
3.67 28.0
16.77 -16.78
1.54 -31.24
8.56 -51.5
4.08 -7.07
11.0 -35.72
14.54 -55.19
5.44 -13.99
1.89 21.66
0.29 20.62
17.7 4.02
18.69 -15.04
19.39 -14.2
13.63 -53.67
10.62 -53.82
2.28 -51.01
18.22 -42.25
4.58 -5.51
16.15 -14.31
7.96 -51.6
15.28 -40.21
10.77 -54.53
19.71 4.63
18.47 57.73
2.82 -31.66
0.24 -9.11
12.47 -37.41
2.93 -50.26
12.49 -16.94
18.17 -16.4
5.08 30.89
2.29 -14.66
4.25 -14.54
1.07 -14.62
3.29 -32.53
4.59 -51.29
19.78 4.8
8.72 38.03
1.84 -15.42
9.26 -53.93
9.01 -14.28
15.23 51.83
16.43 -39.58
6.57 -32.88
16.66 -13.45
15.39 51.23
8.28 -13.63
0.97 21.28
9.66 -51.92
9.5 -2.74
16.45 -14.76
5.99 -50.44
4.52 -5.68
10.68 -36.0
2.52 -33.04
18.85 5.29
5.92 -33.31
11.44 -53.8
14.04 -55.24
3.12 -6.11
9.27 -53.88
18.04 3.62
16.14 50.97
13.3 47.77
7.97 -52.94
3.01 -6.17
17.68 -14.28
8.86 38.49
18.44 -39.92
11.16 41.23
6.73 -2.96
18.77 -14.35
8.97 -2.55
19.5 4.89
17.96 -56.16
14.57 3.06
3.89 -7.23
15.13 48.88
18.63 -40.46
19.97 -15.45
9.96 -55.14
7.76 -14.98
6.86 -34.14
7.85 -34.67
17.87 2.35
19.41 -42.94
2.25 -49.99
11.67 -35.98
3.67 -47.78
10.79 -0.65
13.9 -14.68
9.95 -1.59
18.01 -55.81
11.04 -14.76
18.45 -55.15
1.95 -8.46
19.98 -42.5
4.04 -51.97
10.28 -2.62
15.61 51.63
18.75 -56.32
9.48 -34.98
8.76 36.8
19.45 -41.66
17.76 -15.11
5.42 -51.28
9.65 -12.84
16.25 -54.94
13.91 0.79
12.31 -54.0
0.57 -14.49
19.39 -40.78
6.33 -51.82
18.07 -40.74
13.69 2.67
9.92 -36.06
0.41 21.75
16.35 -15.19
3.44 26.49
7.38 35.16
19.07 6.46
4.51 27.87
16.25 52.89
6.72 -15.75
9.2 -2.01
19.45 -13.72
18.69 -55.89
6.42 -32.72
7.0 -34.54
3.59 28.25
4.85 -53.02
0.33 -31.05
3.0 -6.32
9.41 -14.47
13.97 1.2
15.37 -55.76
8.65 -51.94
5.01 -7.48
7.29 34.44
1.92 -49.14
18.99 4.15
10.24 -3.45
3.48 -14.81
3.0 -15.66
10.93 -36.96
14.17 -54.46
10.43 -52.23
12.27 44.17
15.48 -40.25
11.99 -53.1
19.65 -54.83
10.99 -54.27
12.8 43.0
18.02 -14.43
7.62 36.06
7.75 -52.84
6.01 -3.29
13.79 0.0
16.35 -53.27
9.55 -35.03
9.1 -15.2
13.79 -53.34
17.54 -55.2
2.82 -15.04
3.81 -13.46
0.62 -15.13
12.88 -1.42
16.88 -40.81
8.47 37.32
5.72 -3.8
16.9 -15.65
8.55 -52.44
10.95 -12.65
9.35 -53.47
10.34 -54.32
12.99 -36.46
12.84 -38.14
11.74 -36.53
10.19 -53.4
15.83 1.42
7.36 -2.27
13.41 0.31
5.82 -34.28
5.31 -15.61
11.37 42.43
8.54 -15.74
2.82 -15.91
5.33 -34.02
7.95 -13.25
8.43 36.85
0.05 -51.57
0.97 -8.69
0.98 -15.3
11.25 -52.7
14.39 49.39
16.79 -38.42
11.2 -14.79
10.21 -1.31
18.29 57.63
6.86 34.2
4.95 -30.95
7.91 -2.77
15.36 -15.13
12.65 -1.47
15.25 50.62
11.01 -2.09
12.91 -14.36
0.81 -49.55
18.33 -56.59
10.84 41.1
12.37 -1.46
18.64 -13.66
3.46 -51.25
16.84 -38.79
2.65 -15.59
0.99 -14.67
0.15 19.21
7.89 -36.53
14.64 -15.94
17.61 -39.73
12.3 -52.58
0.68 -14.23
14.23 -15.08
7.12 -13.57
10.21 -55.31
5.16 -4.67
6.31 -33.44
7.6 -3.59
8.47 36.66
17.5 -39.88
4.98 -52.23
6.94 -15.15
10.69 -34.88
7.79 35.75
5.95 -5.93
1.51 -8.25
11.11 -16.05
1.04 -11.03
14.25 -54.1
11.48 -14.23
6.85 -33.62
4.91 29.98
7.38 -5.95
16.01 -38.37
11.91 0.31
7.69 -2.34
13.34 -53.54
9.81 40.87
5.78 -51.6
0.94 22.3
1.49 -15.17
10.6 -35.96
0.71 -30.4
1.43 -8.18
16.03 -54.58
7.55 -4.95
9.13 -2.54
10.26 -15.65
7.13 -14.79
10.73 -14.13
14.22 -15.05
6.3 -52.43
11.95 -14.78
11.75 43.67
9.08 39.81
8.78 -15.31
8.11 -14.97
12.39 -54.17
12.22 -0.38
8.53 -4.23
4.7 28.97
8.83 38.6
11.6 -15.09
12.72 -15.61
7.34 -16.47
9.55 -4.35
8.67 36.02
17.39 -14.74
0.56 -30.83
9.26 -53.8
17.43 3.53
13.86 -55.08
0.93 -50.94
15.77 -40.43
2.7 -7.28
16.37 2.07
16.25 -56.19
11.59 -0.77
