29.75 2.18
30.22 -16.44
-29.63 7.95
7.1 -9.22
19.75 2.15
-23.44 -5.51
22.45 -22.34
-11.91 -9.02
-3.61 11.99
1.01 -16.23
-20.22 6.34
25.48 4.08
30.13 -2.86
-3.62 -1.87
-11.33 19.13
-12.97 13.41
9.71 21.23
-17.91 1.79
-29.32 -0.21
-14.46 10.81
-4.45 -5.77
-27.22 7.68
2.06 -1.42
25.22 -7.94
-27.92 14.33
1.9 -2.62
-31.03 1.39
-33.41 -0.81
-4.18 8.13
27.34 -20.62
-7.32 -2.43
13.58 -4.27
11.32 3.21
-4.87 5.87
4.63 1.8
27.17 -19.92
-15.51 16.88
19.56 -6.6
-26.94 -2.84
3.99 -16.8
3.28 5.0
-24.63 4.21
14.96 -20.89
-33.28 23.9
10.96 3.63
19.35 -2.4
8.95 -4.17
20.07 -12.96
-8.41 -0.59
-19.46 4.11
-12.74 1.77
7.01 -8.99
-29.26 1.48
-28.04 -2.6
2.45 8.69
29.35 -11.79
15.48 6.73
-3.3 7.35
-1.95 -0.37
4.27 18.83
7.36 -10.49
-15.77 3.41
11.83 -8.98
9.8 -5.07
2.62 -4.5
-2.84 -9.84
-3.37 8.55
5.65 4.87
-27.2 -1.96
-16.91 0.28
3.02 11.08
6.56 -19.97
-6.51 12.55
-2.7 -4.78
14.63 -0.33
-5.9 13.58
-10.88 -1.38
-18.42 -2.41
36.11 -15.47
33.12 -6.38
-16.09 2.63
9.54 -11.93
-3.22 5.08
12.79 -2.0
-17.33 15.11
17.58 -3.67
3.03 -5.84
6.17 -10.44
17.43 -0.22
5.16 -13.4
-29.51 0.41
-25.98 16.81
0.9 -10.2
-5.43 0.3
18.43 -3.92
-19.61 -0.67
30.36 1.04
2.38 0.1
-16.26 -0.51
30.89 -3.02
-3.1 -2.53
-7.65 -2.57
28.98 -4.06
19.79 13.54
4.91 1.06
-3.56 -9.87
-25.18 10.21
-17.13 -2.71
-20.01 -7.23
0.04 -0.72
9.71 -6.23
4.07 -19.34
-9.32 3.61
17.85 -12.93
25.06 -16.18
-11.6 4.4
-24.44 -1.85
1.53 -6.26
-18.63 6.96
-2.03 -5.02
-7.31 7.49
-6.61 -16.06
-31.84 -2.27
18.03 -7.73
28.62 1.68
10.59 -9.91
-14.59 -12.93
0.37 -6.87
-23.1 -0.27
-14.03 -4.75
23.39 5.96
-1.46 4.34
22.24 6.28
7.71 1.94
9.82 -8.65
4.03 -0.52
-7.08 0.78
24.33 -11.25
-4.13 -9.29
30.4 0.83
-16.95 3.35
25.46 0.27
-12.81 14.44
-4.66 -3.9
-6.84 -0.49
5.32 4.71
-14.61 1.81
1.69 23.9
26.29 -5.58
34.86 2.5
-5.51 0.35
34.06 -6.63
31.51 -11.83
23.97 -7.3
-5.76 -16.2
17.63 -25.47
-14.61 15.92
-0.21 -10.66
-25.07 8.79
22.96 -4.56
12.54 -7.89
6.62 -9.77
-14.8 13.18
19.92 0.96
18.91 -17.93
-27.42 11.57
13.69 -5.63
-9.63 1.76
-3.26 -12.0
-4.44 -3.97
25.67 -7.98
-14.16 9.89
7.36 -13.77
21.44 -9.94
-27.77 -9.87
-31.54 4.67
-18.26 12.28
-23.24 -4.25
-7.33 -1.5
-0.25 -4.98
-1.6 6.75
19.66 -5.62
-32.17 -1.18
2.34 9.2
30.95 -16.46
3.53 -15.23
8.31 -3.91
24.38 -11.85
-0.41 9.42
20.01 17.53
7.27 1.14
29.05 -0.29
-9.38 -5.91
-25.67 1.22
32.47 4.77
-5.39 20.07
25.64 -21.82
-12.96 5.14
-9.61 -5.82
-4.82 8.3
18.79 -13.7
-32.72 6.14
-11.09 1.69
-16.99 13.14
-28.88 -10.85
2.24 -11.79
26.75 3.22
1.45 -5.08
-18.62 11.63
33.09 4.87
4.96 3.34
-14.45 4.79
28.37 -23.94
-15.95 12.65
-6.8 -15.2
-22.93 -1.78
-7.2 1.91
-31.56 7.98
-23.05 15.51
24.08 -16.51
-5.78 8.15
-6.15 3.19
-5.65 -0.71
36.61 12.08
-25.13 -13.23
7.03 0.75
-17.03 21.27
-13.03 -1.72
-30.0 7.11
-33.5 17.72
-12.0 -16.15
6.03 20.39
5.47 -4.94
-15.26 -1.63
35.47 -8.12
-29.97 -5.19
8.86 -10.72
4.14 12.04
35.17 -11.73
-4.89 3.8
3.18 -6.87
36.88 10.35
-18.15 -5.04
30.47 -9.75
-25.34 -3.52
-10.12 4.76
18.15 3.67
7.38 -3.55
-26.39 14.58
-7.37 7.32
25.2 -2.45
-15.15 3.0
-20.62 15.44
-32.75 11.2
5.7 -5.05
-26.5 9.76
-8.09 7.84
-1.88 -1.0
-11.47 6.9
36.85 -9.07
26.76 -12.19
-12.51 1.23
-21.13 8.07
-23.18 -4.74
4.44 5.41
1.27 -3.3
32.09 -14.74
1.57 15.58
-14.97 -22.21
9.12 -12.82
-11.31 -1.64
16.04 -6.94
-25.54 0.44
23.63 2.74
-3.23 3.57
9.27 0.45
-6.24 0.82
-33.24 3.34
-17.01 -1.83
2.71 8.48
-21.91 4.86
16.69 -17.47
32.54 -0.22
23.94 -11.87
14.85 -8.27
-10.05 -9.07
-26.12 8.61
24.56 -3.18
18.96 10.93
-24.51 12.87
-18.58 12.17
-1.0 6.43
-19.82 1.74
-3.79 -5.56
15.41 -10.05
-7.58 -4.11
15.06 -1.82
-29.78 14.02
20.13 -1.13
1.96 -12.52
-1.58 -15.19
33.47 -26.98
9.94 -20.29
-17.27 24.39
36.74 -2.04
7.61 -8.58
-17.65 -0.59
34.45 3.05
0.21 -5.38
-14.86 9.85
24.23 -6.88
16.04 0.84
-22.63 3.67
20.37 9.52
8.71 5.56
-5.36 4.48
28.98 -19.86
9.17 5.41
-32.56 5.34
36.2 9.23
14.86 -6.84
-26.53 11.32
35.27 -22.49
-6.24 -12.45
35.95 0.44
18.46 2.99
-30.94 1.48
-24.18 19.88
-5.61 6.78
17.81 -7.06
0.3 -13.06
-33.87 5.76
36.26 -2.43
10.37 -7.44
30.76 -6.47
-25.67 -3.85
33.07 -2.76
-1.1 4.35
2.63 10.2
-7.1 15.27
30.08 -5.25
32.68 -18.94
-28.23 7.72
-28.45 -0.8
-22.62 3.01
-15.76 9.51
-2.67 -6.94
29.84 -1.43
-26.04 22.3
-14.42 3.71
4.4 5.36
-21.35 -5.4
4.76 -11.71
-7.69 -0.59
7.94 -6.53
6.22 8.33
9.85 -5.92
-28.85 -0.71
-16.33 9.48
-28.84 3.91
-3.55 -3.47
3.46 -10.84
-22.93 13.0
-6.44 10.0
-18.82 5.33
30.3 -9.65
-33.17 -6.47
34.63 -5.74
-16.29 12.14
-6.38 4.88
5.88 -12.61
10.06 -5.41
-25.66 -4.57
34.8 -5.68
-23.19 -20.77
20.28 6.08
18.31 9.03
-33.08 -9.94
33.01 -7.82
-12.56 3.47
1.51 -9.82
20.41 7.87
-9.57 -4.86
37.5 -4.05
7.57 -1.64
8.41 5.71
-0.88 -1.47
-3.22 3.27
-7.38 -5.0
10.64 -4.65
1.39 -5.8
-12.61 10.11
-0.02 7.64
-24.27 3.75
28.44 -12.82
12.9 3.34
-31.54 7.72
0.89 -12.78
5.36 -6.7
30.36 -9.35
5.56 1.97
32.16 -21.12
-22.93 1.71
7.39 -13.51
32.93 7.91
24.51 -9.57
-22.86 15.82
16.15 -17.5
-17.24 6.62
-9.05 0.09
22.27 2.69
28.46 -7.26
17.55 7.5
-12.58 16.5
24.7 0.78
22.59 -5.78
29.38 -13.23
-16.22 -1.26
25.72 6.53
-32.04 10.16
-32.16 12.55
-0.88 -8.54
-30.15 19.31
-1.55 -13.2
21.17 1.21
13.05 2.99
0.91 18.63
-18.76 7.16
24.8 1.37
25.57 -7.12
-26.67 0.2
-8.18 9.81
19.05 -3.64
-8.35 4.12
-23.62 15.46
-9.86 4.86
27.1 -2.72
22.21 -3.51
-26.12 0.18
-4.61 5.14
37.09 -2.37
-6.87 9.35
28.96 -20.57
12.03 8.75
23.83 -7.22
-18.22 -10.91
32.22 11.77
-28.58 9.8
-20.39 2.55
-11.89 8.61
-28.26 8.11
-23.65 12.97
6.04 -0.16
13.41 -5.49
4.66 -8.61
-9.14 8.32
-13.42 -2.36
4.84 -8.55
-12.93 1.86
-7.08 -7.18
-22.34 7.5
-21.54 9.55
-24.49 -6.58
-10.26 -7.01
21.97 6.91
-23.82 4.88
-28.36 7.71
-31.34 11.5
15.86 -6.72
37.36 -24.38
8.15 -3.69
-9.5 0.41
-12.01 -7.33
-18.87 9.62
-31.19 5.08
-9.25 19.65
4.47 3.47
13.24 -5.12
-4.58 10.09
-26.65 -4.96
16.79 -0.93
36.37 10.12
14.26 10.6
-5.83 2.51
22.45 -4.84
11.92 1.77
-16.33 -2.73
-15.36 12.23
15.53 9.09
-14.14 15.64
23.95 -11.43
-17.89 1.17
37.36 -6.83
31.93 -15.52
-8.3 2.79
-15.56 15.88
34.56 -13.45
-0.76 -15.52
-19.44 -0.04
21.94 12.93
