13.23 -22.17
-17.39 36.36
-33.04 73.59
6.29 -8.29
-11.06 20.84
7.01 -13.02
-21.14 24.06
34.09 -53.98
-12.91 24.19
-29.55 47.47
22.58 -52.85
7.95 -1.05
9.46 -16.93
-19.86 52.96
-18.69 30.81
-15.56 30.88
27.66 -48.4
13.53 -35.32
-9.66 13.74
23.04 -45.55
-25.21 37.62
14.06 -21.29
-24.41 56.35
-22.83 36.9
-28.77 73.57
1.47 -12.46
-28.32 55.92
6.26 -17.0
18.22 -35.97
-32.54 68.53
-12.3 31.8
-8.71 16.72
30.78 -70.73
-22.07 46.82
-30.25 60.54
-28.87 62.2
15.53 -24.48
-5.98 0.89
21.11 -39.97
35.17 -66.27
35.36 -70.16
2.19 -0.03
-3.8 9.85
21.87 -31.78
6.26 -14.51
24.12 -48.92
-15.06 35.11
-22.0 27.94
-5.5 17.98
-25.12 49.11
-17.82 42.47
-1.37 5.12
25.54 -35.36
27.56 -65.66
-28.58 54.02
-27.54 58.75
29.18 -56.96
-23.69 47.89
-7.44 10.1
28.97 -59.35
-25.97 66.24
-31.63 73.04
29.35 -50.39
36.81 -75.09
14.9 -25.69
-5.77 17.0
2.08 -1.17
37.57 -77.4
-8.8 1.57
21.36 -45.8
1.42 4.29
-2.73 -5.4
18.45 -39.81
-10.99 19.61
-31.39 60.71
-33.77 62.34
-24.68 35.01
-17.99 25.88
3.67 -0.65
33.15 -70.54
36.64 -82.96
10.69 -20.92
-30.91 63.61
31.95 -77.99
2.15 -0.14
36.05 -79.71
16.89 -27.24
0.76 -3.49
36.64 -74.72
10.78 -14.83
6.72 -11.7
30.23 -64.44
-27.9 68.61
29.31 -60.11
5.79 -12.11
-2.7 12.28
18.39 -34.2
-1.94 0.51
-23.98 50.46
10.21 -20.64
-33.5 58.6
-8.79 9.56
12.08 -14.02
24.39 -41.09
35.76 -59.54
-16.13 32.25
-21.05 22.16
-27.96 53.1
-18.56 33.84
-14.99 24.12
-20.32 58.61
-22.34 62.94
2.49 -19.27
19.11 -31.89
11.71 -22.69
-28.91 69.69
19.01 -38.88
-6.92 19.77
-20.07 43.03
5.81 -15.68
4.85 -3.51
-18.05 37.14
4.87 -26.6
-20.84 39.03
21.25 -48.03
-6.95 18.04
37.87 -70.47
-26.65 72.06
-9.34 17.4
-18.09 33.77
-11.28 18.27
15.18 -11.78
-1.45 11.21
11.85 -33.83
17.26 -10.68
-6.44 10.38
-1.16 -5.43
13.76 -33.05
-26.26 45.4
23.85 -43.74
18.41 -37.06
19.96 -30.34
-10.1 20.58
-3.4 11.61
35.27 -75.29
-3.83 8.82
25.82 -48.94
-17.83 23.09
21.09 -32.89
-27.2 71.21
-14.78 40.31
-28.97 58.42
-28.17 61.3
12.76 -23.8
23.1 -37.77
11.39 -30.2
-24.59 44.89
-28.01 62.11
37.67 -75.29
-15.55 26.16
-27.94 45.11
11.42 -25.57
-16.73 50.55
35.7 -60.27
-21.29 51.34
-18.02 20.42
13.17 -32.45
-3.53 3.97
1.54 4.14
-12.61 21.32
1.91 -7.06
3.55 6.19
18.92 -46.18
37.94 -80.02
-2.54 11.39
-9.23 24.01
15.79 -41.48
13.68 -19.66
16.88 -30.0
-17.55 15.49
-28.79 61.04
0.53 -7.07
12.86 -20.49
24.35 -51.9
14.93 -22.1
14.33 -30.74
14.17 -20.57
-7.37 4.03
-16.11 42.03
-22.15 44.0
27.58 -60.0
-15.09 27.18
35.14 -78.61
-9.74 16.16
22.42 -49.54
36.04 -84.24
-1.96 -0.31
37.46 -69.39
25.75 -34.8
2.49 16.38
5.34 -9.36
-27.12 69.45
9.95 -13.11
9.07 -16.21
16.81 -28.36
19.0 -31.21
24.95 -58.48
15.16 -37.65
37.97 -83.42
15.1 -32.31
15.68 -13.69
-22.87 43.13
-10.97 28.42
-13.52 15.75
-8.54 11.43
-1.33 2.23
12.05 -15.64
-6.33 9.93
-22.15 49.12
36.82 -61.39
-26.33 53.29
-23.99 43.74
12.98 -36.05
-14.69 14.57
19.07 -51.13
-29.24 59.61
-29.37 79.18
37.93 -73.75
-22.6 44.01
10.22 -16.78
23.52 -54.6
-21.0 45.14
-27.78 59.18
16.09 -41.7
30.16 -68.86
-5.71 27.21
6.77 -1.09
35.2 -78.4
-22.47 44.85
8.43 -12.0
-2.5 -10.81
32.72 -70.13
-4.93 0.33
25.1 -52.38
-21.47 49.37
-19.93 40.66
-31.19 64.47
9.23 -28.79
35.42 -60.5
33.36 -86.27
-26.54 53.2
-17.5 34.12
25.34 -39.62
11.08 -14.63
-0.08 -4.42
2.29 -5.17
-10.61 24.2
26.32 -52.93
-7.75 29.11
-33.94 69.58
-21.5 44.55
31.64 -51.43
23.41 -40.28
19.85 -30.47
0.76 -4.72
3.97 -17.25
22.57 -38.66
-29.36 53.53
-20.07 38.22
9.52 -20.5
32.68 -61.24
12.37 -17.44
10.29 -12.92
-26.15 50.11
4.45 -9.09
28.88 -70.76
-31.59 67.6
30.13 -58.63
-4.88 -3.4
25.53 -46.11
-25.37 42.81
30.52 -71.83
12.91 -30.0
10.95 -16.93
-21.83 47.7
19.61 -40.39
17.18 -34.37
0.09 2.99
-26.85 55.14
-12.05 41.48
17.14 -23.62
-18.67 35.31
-13.89 18.43
-27.03 55.08
15.41 -26.17
29.59 -60.39
3.51 -12.01
-3.86 35.11
-8.23 25.73
3.44 -9.81
32.94 -74.78
29.47 -54.88
33.62 -69.9
25.93 -35.03
15.58 -17.5
-23.66 54.66
-3.73 25.54
-26.96 53.94
35.87 -49.21
25.36 -53.76
-10.04 9.92
32.82 -67.94
7.66 -18.82
-15.14 25.34
0.08 -9.63
-14.66 29.74
-10.94 28.82
35.5 -77.36
33.42 -88.32
6.33 -23.24
-6.53 13.16
8.45 -13.41
33.9 -71.68
34.5 -53.91
11.14 -25.09
24.16 -36.26
7.55 -32.19
17.85 -37.29
-15.22 23.37
-7.38 27.13
-9.67 17.0
-9.65 34.59
-12.42 23.61
13.4 -31.06
31.99 -61.56
-21.07 49.72
-19.6 45.68
-5.17 20.46
-5.84 10.76
-1.99 13.29
14.18 -29.85
-28.35 61.5
-26.42 48.91
17.14 -28.18
11.57 -19.28
-29.09 48.58
34.27 -70.67
-25.58 56.08
-7.28 20.3
8.8 -22.26
-0.74 0.12
33.81 -77.62
-28.69 48.85
24.77 -54.66
15.69 -32.77
31.54 -56.47
20.57 -39.04
7.37 -29.19
25.06 -44.57
-31.01 82.58
25.57 -53.49
10.16 -10.63
4.28 -5.49
19.47 -41.22
-26.69 57.2
30.05 -57.57
2.95 -9.34
21.59 -32.54
26.24 -64.48
27.41 -60.19
12.64 -31.26
5.39 -1.14
-14.03 34.14
29.71 -63.48
-16.98 42.72
-22.06 55.37
-9.8 9.48
34.36 -56.34
-32.9 77.68
4.53 -3.87
15.55 -30.17
-33.04 76.79
10.84 -20.23
7.57 -16.97
16.45 -31.69
-1.77 5.69
-26.1 45.75
-12.04 19.18
-16.83 22.82
26.17 -45.97
-13.17 29.01
-13.28 25.98
-28.23 63.51
29.89 -58.94
-30.91 73.0
35.11 -64.92
-29.18 65.29
-12.55 13.97
11.47 -22.69
4.87 -15.42
29.73 -58.9
-26.69 49.56
25.23 -33.54
-29.16 50.8
29.75 -58.46
33.8 -65.86
-1.84 6.93
-11.26 20.37
34.58 -59.5
33.11 -66.76
14.21 -28.77
35.51 -81.55
22.77 -44.39
-2.91 11.93
-5.67 10.65
30.13 -53.48
11.2 -19.59
-31.42 66.28
21.38 -21.24
19.29 -50.72
28.18 -61.49
33.84 -68.92
4.62 -5.28
-32.65 64.48
-28.57 66.73
12.92 -27.78
-24.96 42.91
37.39 -66.88
-0.85 -3.94
18.94 -37.19
23.94 -43.48
-7.04 10.25
17.17 -30.28
2.58 -26.5
17.3 -23.08
14.49 -41.18
25.59 -38.25
15.44 -15.38
5.56 -16.59
-16.62 41.66
-13.13 9.16
18.95 -46.21
4.96 -25.27
21.45 -35.64
-0.23 4.27
5.54 -9.3
-23.34 51.93
24.67 -30.18
-18.48 45.19
12.66 -39.93
-30.16 70.36
-27.37 41.83
11.58 -20.62
20.7 -22.37
-32.02 69.36
-18.3 27.86
9.38 -10.9
9.94 -24.67
-18.3 31.54
25.92 -56.68
-4.73 5.04
15.58 -41.01
-9.25 17.09
-1.08 15.37
-27.45 41.66
7.08 -11.14
-18.44 30.36
15.87 -20.36
-26.3 49.18
-11.5 17.44
-19.52 41.38
-6.51 11.45
25.76 -59.17
-14.96 30.23
11.42 -30.82
-29.01 64.25
-6.66 18.66
-25.7 55.96
-9.15 30.1
-3.57 10.26
17.45 -27.43
-7.23 14.62
-13.39 30.35
-7.0 15.18
-8.98 15.58
11.41 -14.88
-3.4 -8.93
30.77 -63.82
16.12 -38.5
28.03 -60.68
-25.76 65.96
-29.96 90.39
36.68 -80.15
-23.75 44.53
3.07 0.09
-12.54 28.53
-19.32 32.09
8.29 -9.75
-11.76 9.77
5.49 -14.29
