-15.06 -45.64
15.81 45.66
-26.41 -71.94
25.51 82.42
-22.51 -59.76
-26.77 -63.9
36.58 96.96
-29.55 -84.33
-18.62 -68.99
32.88 90.16
-22.8 -64.81
-12.82 -45.85
-33.45 -88.22
-2.78 3.82
6.63 27.29
-20.32 -72.59
-0.39 0.89
35.3 94.52
37.24 107.07
-10.98 -36.05
-12.57 -38.59
-26.44 -66.04
-0.63 -16.13
26.38 85.04
-16.46 -44.52
-29.17 -76.88
-16.71 -62.1
-13.8 -44.43
-9.36 -11.82
12.6 36.2
-1.34 -7.76
9.29 21.8
-13.42 -37.64
-29.3 -86.35
10.15 27.05
-21.13 -49.84
-14.5 -35.54
-18.34 -75.87
34.85 101.43
-16.95 -46.06
14.65 27.0
-2.89 -5.56
26.75 56.28
-27.82 -82.64
11.0 39.72
11.28 37.76
21.72 57.52
-2.84 2.97
36.68 108.44
-16.53 -54.18
0.53 17.7
31.76 92.04
-29.48 -75.51
20.29 62.38
15.95 50.51
-23.26 -63.88
-16.17 -44.14
19.31 52.44
-18.95 -65.29
-13.04 -29.83
34.86 124.04
-22.13 -63.1
-29.74 -92.21
-31.32 -98.46
21.79 79.17
-15.94 -45.88
-1.62 -16.74
23.02 56.17
-1.47 14.52
-4.21 -6.88
-13.82 -41.69
-13.85 -29.88
36.45 102.45
16.17 61.36
20.43 62.5
2.11 -2.17
-24.75 -80.04
22.85 92.18
21.93 66.65
6.33 20.84
-17.22 -42.51
-25.16 -87.34
26.45 77.38
-1.79 -4.33
-0.89 -4.53
11.73 43.49
4.55 7.95
14.05 30.07
-5.53 -23.87
-25.91 -78.29
26.18 91.48
26.4 77.12
1.85 6.01
22.88 59.45
1.88 1.98
31.56 102.69
-26.74 -98.16
-21.2 -70.84
-2.72 -0.4
22.52 63.69
-23.67 -84.67
33.96 102.09
-5.13 -13.05
-21.52 -63.03
11.22 28.75
-33.02 -100.64
31.28 78.23
-6.69 -21.32
11.37 30.91
-2.08 3.91
-17.14 -55.28
-32.83 -95.79
-19.82 -77.57
31.27 99.52
4.0 26.48
-31.19 -109.15
26.35 69.37
7.84 20.7
-12.81 -28.8
-25.01 -81.61
11.95 30.79
-22.47 -85.03
20.96 84.67
-2.94 -18.48
31.52 79.42
-15.05 -35.88
27.11 76.78
-15.23 -59.11
-12.11 -33.6
-20.76 -56.31
-0.34 -1.23
8.52 44.67
-24.85 -72.63
18.97 39.05
-7.25 -17.32
-25.49 -67.06
12.09 25.54
27.66 92.34
-31.16 -105.4
-18.43 -63.9
14.93 58.71
5.19 9.68
21.93 76.1
34.45 103.65
-28.13 -99.14
-33.59 -93.96
1.37 12.71
-14.19 -48.53
37.33 121.0
-17.17 -51.77
16.79 74.13
-13.88 -31.05
-33.5 -88.82
35.47 122.61
29.98 79.34
-22.17 -57.45
12.08 42.86
-20.97 -63.79
22.77 64.11
-32.69 -95.97
-1.21 8.26
30.95 95.13
-2.55 -9.06
21.08 56.48
32.98 121.57
4.4 20.29
18.49 46.56
-1.95 -3.17
35.96 113.1
19.33 47.62
25.74 85.26
14.37 56.02
-24.94 -78.79
-2.42 -8.08
8.74 19.73
-26.08 -66.94
-15.17 -60.21
13.68 41.95
9.92 41.67
-23.34 -56.39
37.14 113.34
-21.56 -65.17
-20.71 -50.26
14.32 42.73
-16.65 -35.88
-18.71 -43.21
-15.36 -54.39
2.42 11.81
-6.78 -35.4
2.63 9.44
-13.71 -50.42
-33.17 -91.35
3.99 19.72
13.32 39.16
11.06 9.63
-14.37 -46.87
-27.23 -95.05
-31.01 -90.49
18.85 60.28
32.44 99.5
-20.46 -56.65
-8.07 -23.48
-20.56 -63.86
22.9 65.77
-29.98 -89.17
0.76 -5.23
-9.17 -27.48
29.18 87.73
21.2 56.39
8.45 10.87
-3.06 -17.81
9.6 19.87
21.04 65.53
11.85 56.7
-28.47 -86.43
-15.14 -49.99
-4.63 -4.25
-14.89 -48.53
16.11 54.83
30.35 86.16
-12.54 -38.18
16.21 47.5
24.15 60.01
-5.07 -11.96
-5.94 -18.62
-19.01 -51.06
33.01 93.33
-21.55 -68.51
2.72 -2.76
-25.57 -75.0
33.07 87.43
-20.05 -49.99
-28.66 -85.33
20.1 75.6
15.06 51.46
-4.04 -13.52
-27.89 -81.19
-33.47 -117.1
-31.28 -92.95
13.47 24.37
-30.02 -99.87
33.92 103.97
-26.76 -83.66
12.46 48.4
35.7 106.87
-0.16 -16.91
18.45 56.67
-4.45 -24.74
9.28 32.44
29.7 95.12
25.96 79.86
-3.32 -11.73
30.37 87.33
-23.41 -70.77
-6.57 -29.76
35.76 116.42
-11.1 -25.78
-2.15 4.29
2.87 19.1
7.51 12.52
33.07 91.09
-0.56 3.71
4.03 2.4
-21.74 -56.66
32.21 100.61
-26.74 -77.64
9.47 29.09
16.7 62.09
-11.94 -38.3
-15.55 -49.29
0.38 9.96
27.06 80.69
0.7 -7.79
3.99 9.34
-8.75 -29.89
14.03 48.46
30.7 101.25
-1.6 -1.16
0.06 -2.4
-0.51 -3.36
16.09 54.02
5.86 11.19
-6.47 -21.0
-8.96 -27.9
0.83 -9.73
36.13 105.15
11.19 23.72
-5.89 -9.05
-25.56 -63.83
22.22 58.9
9.96 42.35
33.01 93.49
35.44 100.52
-10.45 -33.1
9.06 17.56
-0.7 5.89
-6.83 -13.43
21.12 57.18
-23.94 -97.59
-11.45 -23.73
-30.09 -103.49
22.74 51.21
-25.65 -85.66
28.53 92.8
1.23 3.42
29.15 94.03
-1.34 -12.01
22.94 70.62
-31.95 -98.83
-11.77 -36.57
-20.53 -39.83
11.59 33.89
2.21 -5.85
20.03 77.35
-26.33 -86.58
-5.12 -6.77
10.97 21.52
-20.72 -71.59
31.16 108.96
3.71 27.02
-4.13 -13.4
-11.2 -42.14
-3.12 -0.37
28.56 80.81
-24.95 -66.09
36.03 105.88
36.36 108.88
29.1 87.19
34.2 91.3
6.43 12.7
29.83 73.68
-22.57 -53.28
34.81 92.56
-8.12 -24.72
-32.89 -99.49
12.57 44.54
-15.51 -35.53
-18.54 -65.49
-32.96 -93.98
-4.04 -27.13
33.47 103.92
28.5 75.02
36.85 94.59
-22.36 -77.65
-26.0 -73.72
1.62 14.84
-15.35 -34.53
11.15 42.56
-32.39 -99.69
15.6 53.14
27.9 71.08
17.14 67.24
36.45 92.51
35.02 92.19
-15.04 -50.61
-7.86 -43.4
8.5 28.2
-20.69 -85.23
6.98 8.44
30.65 92.27
-17.28 -51.28
24.82 98.78
29.52 87.26
10.89 34.71
27.74 73.46
-21.05 -79.93
5.67 34.3
18.02 58.81
-33.84 -106.57
-0.41 -2.34
-5.68 -5.61
-33.08 -102.83
18.04 55.16
-18.25 -56.01
-5.68 -21.85
17.53 64.12
-17.72 -51.46
-20.03 -58.62
-17.96 -41.5
35.14 98.98
-28.21 -96.61
12.72 42.24
31.58 90.84
-12.02 -20.49
24.03 81.7
37.1 107.89
-5.76 -32.01
27.98 83.21
33.99 97.2
20.0 74.74
29.63 89.41
9.79 37.51
-7.83 -19.01
31.74 92.14
8.25 39.78
-14.79 -44.48
-8.56 -29.48
-34.0 -106.1
-15.34 -58.79
-31.21 -96.09
11.44 23.84
-26.79 -87.33
20.75 60.75
19.63 58.39
30.04 92.02
1.43 10.0
9.06 30.76
-13.63 -55.24
-33.21 -87.31
36.92 108.81
0.3 19.68
-24.9 -81.34
0.6 21.06
10.24 37.42
14.38 40.45
32.36 99.81
-31.37 -95.29
-30.11 -94.89
16.0 58.77
-5.51 -17.28
-9.7 -23.3
-33.75 -98.23
-28.7 -92.36
-20.75 -69.04
-5.41 -15.24
-1.99 -9.46
-24.51 -65.63
21.81 60.53
2.71 19.56
17.87 53.63
-2.25 -2.47
-18.02 -64.2
-1.64 -2.71
-0.13 7.24
13.13 26.98
16.01 60.13
-0.21 2.18
36.93 120.12
-18.67 -55.79
32.37 103.24
18.91 46.65
-24.43 -78.65
-20.14 -68.53
9.33 13.4
7.05 15.92
13.87 46.51
8.52 12.7
-21.07 -45.71
-18.53 -55.08
-31.41 -91.55
37.6 101.3
-17.84 -59.15
28.33 76.27
-11.05 -31.98
17.19 49.67
-5.32 -26.32
-23.99 -74.75
-8.02 -10.33
-7.12 -17.04
11.91 18.38
-9.28 -31.08
-32.23 -81.53
-7.47 -20.07
2.27 18.13
-20.69 -60.45
10.6 10.26
4.06 4.65
25.75 68.33
19.61 65.62
-31.12 -92.73
5.0 8.04
2.45 1.02
-20.4 -65.71
29.71 80.9
-27.83 -92.24
18.45 61.09
34.04 94.72
-31.24 -85.54
31.93 93.95
28.79 103.46
31.57 116.53
-33.59 -89.53
-16.41 -57.06
21.36 61.05
22.4 54.16
37.5 120.81
31.34 100.18
-1.18 -5.48
-23.9 -78.69
-12.27 -44.32
-28.63 -78.46
20.02 55.58
2.3 -1.14
7.84 26.3
-16.35 -59.88
27.58 78.66
27.35 70.85
17.81 55.57
-12.52 -36.43
-17.57 -76.39
