Execution time: 190.81446862220764
mse: 8.495196395009932
Regression coefs:
	[array([0.67324436]), array([-1.58693453]), array([0.]), array([1.96272703]), array([0.75428513])]
Regression interception:
	[np.float64(-8.694193178112222), np.float64(-25.405143636361544), np.float64(-14.873015075376882), np.float64(20.383081606249792), np.float64(-55.15604603068518)]
Clusters:
[3 4 0 0 3 4 1 4 1 2 4 2 4 1 3 1 2 2 4 4 2 0 0 0 1 2 2 2 1 3 3 4 1 1 0 2 4
 0 1 2 4 3 2 3 3 1 3 4 3 4 4 3 0 3 3 4 1 4 0 1 0 3 1 0 4 0 2 4 2 4 1 1 2 3
 4 4 4 4 3 0 3 3 0 3 1 4 1 4 1 2 4 0 4 1 2 4 0 0 3 4 1 2 1 1 3 0 0 2 1 0 0
 0 0 0 4 3 3 3 2 0 0 1 1 1 0 0 4 1 2 4 3 4 1 1 4 1 4 2 4 2 4 0 0 3 0 4 2 2
 1 4 1 4 0 3 1 1 3 0 4 1 1 3 0 2 3 1 1 3 3 0 4 4 3 3 1 3 2 4 3 4 3 4 2 3 3
 2 4 0 2 3 0 2 2 4 2 1 3 1 4 4 0 0 1 2 3 3 2 4 3 1 1 4 3 0 3 0 0 3 4 1 4 3
 4 3 4 3 4 1 3 2 4 3 4 1 4 1 4 3 3 3 0 2 3 0 3 4 2 2 0 2 1 3 2 3 4 4 1 1 3
 0 0 3 0 1 1 0 4 4 2 4 3 3 4 2 0 4 2 2 2 4 1 0 4 2 2 0 3 4 1 4 3 4 4 1 1 0
 1 3 0 0 0 3 1 1 3 2 0 1 3 0 2 2 4 1 1 3 0 0 0 3 0 2 1 1 1 4 2 2 4 0 2 0 0
 4 0 4 0 0 4 4 0 1 4 0 1 0 0 4 0 0 2 2 0 1 0 3 3 4 0 2 4 4 2 4 3 3 4 1 0 4
 1 3 0 0 3 0 2 0 0 3 2 3 3 2 1 2 0 1 1 2 3 3 0 1 0 2 3 1 1 3 2 2 0 4 4 4 2
 1 3 4 0 1 2 2 1 3 2 2 2 1 4 2 3 2 3 0 3 4 0 0 4 3 0 4 3 2 3 1 1 1 2 1 2 0
 3 1 0 1 4 4 4 2 2 2 3 1 3 4 1 4 1 0 2 0 2 3 1 3 0 3 2 0 2 3 2 0 1 4 0 1 0
 0 1 2 2 4 3 1 4 4 0 3 3 3 3 1 0 1 3 1 3 2 3 2 1 4 1 4 3 4 3 3 3 2 2 0 2 4
 2 2 0 0 3 3 3 0 0 2 0 1 1 0 3 4 0 2 2 3 2 2 0 4 3 2 4 2 1 1 3 3 4 4 1 4 3
 1 0 3 2 0 4 3 3 3 0 1 0 3 1 4 1 2 3 4 0 1 1 4 2 2 1 1 0 3 3 0 1 3 0 1 1 4
 2 2 3 3 3 1 4 4 3 3 0 2 0 1 0 2 4 2 4 1 1 1 2 2 3 1 2 1 1 2 1 3 0 4 2 4 4
 3 0 2 2 4 3 1 4 1 1 3 0 1 4 4 1 1 0 3 1 1 2 3 0 1 2 3 4 3 0 1 4 2 0 2 4 2
 2 2 1 0 1 3 4 3 3 3 0 3 1 2 3 4 2 4 0 0 4 4 0 2 3 3 4 4 3 4 1 1 2 3 4 0 1
 2 2 3 1 2 3 2 0 2 3 2 1 4 0 1 1 2 3 3 0 2 2 1 4 4 4 0 2 4 4 4 0 3 1 0 1 4
 2 2 3 2 2 2 1 4 0 3 2 4 2 3 4 1 2 3 2 3 4 0 2 4 0 1 1 0 1 4 1 0 4 0 3 3 4
 0 2 3 4 3 0 2 0 0 1 0 0 3 4 2 4 2 1 1 0 4 4 1 4 0 2 0 1 2 1 0 4 4 0 3 1 1
 3 4 2 4 2 1 0 4 2 4 4 4 0 1 3 2 3 3 0 3 3 2 0 2 1 1 1 3 4 1 0 2 0 1 4 0 3
 4 0 0 2 2 1 1 4 3 4 4 1 4 3 2 3 4 0 0 1 1 2 1 1 2 2 2 0 4 3 0 2 4 2 4 4 4
 4 1 4 0 0 0 1 2 3 2 2 1 2 3 4 0 2 4 3 4 2 0 3 3 1 0 2 0 3 0 2 4 1 3 0 2 4
 4 2 2 3 1 2 4 4 2 2 2 4 0 1 0 3 4 4 2 1 3 0 0 2 0 1 2 1 3 0 4 0 0 1 3 4 3
 2 1 1 0 1 0 0 2 2 2 2 4 2 3 3 2 2 4 0 0 3 3 2 2 2 0 3 2 1 4 0 1 4 4 0 0 1
 0]
