Execution time: 25.10687494277954
mse: 11.726918033457284
Regression coefs:
	[array([1.09382033]), array([0.]), array([2.04999632]), array([0.])]
Regression interception:
	[np.float64(7.339579865340434), np.float64(27.887750000000004), np.float64(59.20749446381951), np.float64(-8.92735)]
Clusters:
[1 0 3 3 2 0 0 1 3 3 1 3 2 0 2 0 1 0 2 3 2 0 0 1 1 3 0 1 0 3 1 2 1 3 0 0 0
 2 2 1 3 1 0 0 0 2 2 0 1 2 1 3 2 3 0 1 0 2 3 3 1 3 1 0 0 3 3 2 0 2 0 1 1 1
 2 0 2 0 3 1 2 1 1 1 3 2 3 3 0 3 2 2 1 3 1 1 3 3 1 2 2 0 1 2 2 3 1 2 2 3 2
 1 3 3 1 0 2 3 1 3 2 0 2 2 0 3 1 0 2 0 1 1 1 1 1 0 3 0 1 0 2 2 1 0 2 1 1 3
 3 2 0 1 2 0 1 0 0 3 2 1 2 3 3 2 0 3 1 2 1 0 1 1 2 0 2 3 3 3 0 3 2 3 3 0 1
 1 1 2 1 0 3 0 1 1 0 2 1 0 0 2 0 3 0 0 1 3 3 1 1 0 2 2 2 0 1 2 1 3 3 0 2 1
 2 2 3 2 0 1 3 1 0 2 1 1 2 0 2 2 2 3 2 3 2 0 3 1 2 0 2 3 1 2 1 0 3 3 3 2 1
 2 0 0 3 2 3 2 0 1 3 2 3 1 3 1 1 3 3 3 0 2 2 1 2 0 0 2 3 1 0 2 0 1 1 2 3 3
 3 1 0 0 2 3 2 1 0 3 2 0 0 2 0 0 0 3 0 0 0 1 3 1 3 3 0 2 0 0 0 3 0 3 2 3 0
 1 0 3 3 3 3 0 1 3 1 2 2 3 0 0 3 2 2 2 2 2 2 3 1 0 0 1 0 3 1 0 0 1 0 1 1 2
 0 2 0 1 3 0 2 2 1 2 3 3 1 0 1 0 1 0 2 0 2 1 1 0 2 2 1 3 3 2 1 2 3 1 1 2 0
 1 2 3 3 2 3 0 1 0 0 0 1 3 3 3 0 3 1 0 3 1 3 2 0 0 3 1 0 3 1 3 0 3 1 3 0 2
 3 0 3 3 2 2 1 3 3 3 2 2 3 0 3 1 1 0 3 1 2 0 1 3 1 3 2 1 3 3 2 3 1 3 0 1 3
 2 0 2 0 0 3 2 0 3 1 3 3 0 2 3 2 3 2 3 1 3 3 0 2 2 3 1 1 0 2 1 1 1 2 0 0 3
 1 2 0 1 2 1 2 2 0 0 2 3 0 0 1 0 3 2 3 2 0 0 2 0 1 2 0 3 2 2 0 2 0 3 3 3 2
 3 0 0 1 3 1 2 3 1 3 1 1 2 2 1 1 0 1 0 1 2 2 0 3 3 1 0 3 1 1 1 1 1 2 3 1 2
 1 0 3 3 0 2 3 0 1 0 0 2 2 1 2 2 3 2 2 1 2 2 0 2 3 1 3 0 1 0 0 3 3 0 2 3 2
 2 0 2 1 3 0 0 3 2 0 1 2 1 3 1 1 3 1 0 1 0 1 0 2 0 2 3 0 3 1 1 2 3 0 1 2 3
 2 1 2 2 3 3 0 3 0 0 2 3 1 2 2 0 0 3 0 3 3 0 1 1 1 3 3 3 0 1 3 3 2 1 0 1 3
 2 0 2 3 0 2 2 0 1 0 0 0 0 2 1 1 0 2 1 2 1 3 0 1 0 1 0 2 1 2 0 3 3 2 3 2 2
 3 3 2 1 1 3 2 1 1 2 1 3 0 1 1 1 0 1 0 1 3 0 1 2 3 0 3 2 2 2 2 0 0 2 2 1 1
 1 2 2 1 3 1 2 3 3 3 3 2 1 2 2 1 0 2 3 1 0 0 1]
