Execution time: 84.08591842651367
mse: 11.440924895724786
Regression coefs:
	[array([0.]), array([0.]), array([1.06927817]), array([1.51759874])]
Regression interception:
	[np.float64(27.83273631840796), np.float64(-8.636766169154228), np.float64(7.8235038226787035), np.float64(59.610030897374976)]
Clusters:
[2 0 0 2 0 2 2 1 2 3 2 1 0 0 3 3 0 2 0 1 2 2 3 3 3 0 2 1 1 1 2 1 0 0 0 3 3
 0 2 2 0 3 1 3 2 3 0 1 0 2 0 1 2 1 2 3 3 3 0 0 1 3 3 2 3 1 1 3 3 2 2 1 1 3
 3 0 1 2 1 1 0 0 0 0 0 1 0 3 0 3 0 3 0 2 2 1 3 0 0 1 1 2 3 0 3 3 2 0 3 0 0
 0 0 3 1 1 3 3 0 1 3 2 0 2 0 1 0 1 1 3 1 3 0 2 3 2 0 0 0 0 0 3 3 0 0 0 3 2
 3 1 1 1 0 2 0 0 3 1 0 2 3 1 1 3 0 1 1 2 0 0 0 3 0 2 2 3 1 3 2 3 0 2 3 2 3
 1 1 1 3 0 3 3 2 0 0 2 1 3 3 3 0 0 1 2 1 3 0 3 1 3 3 1 3 3 1 1 2 2 3 2 2 1
 1 3 2 2 1 2 3 2 0 2 1 3 3 3 2 1 0 1 1 1 0 3 1 1 0 2 2 1 3 1 2 0 1 0 0 3 0
 2 1 1 3 1 3 2 0 1 0 1 0 0 3 1 2 3 3 1 0 3 0 1 2 2 0 1 1 0 2 1 3 3 2 2 1 0
 2 3 0 2 2 0 0 3 0 1 3 1 1 1 3 3 0 1 3 0 1 0 3 0 2 3 1 1 0 0 2 2 3 1 3 3 1
 0 3 3 2 3 3 0 1 3 2 2 0 2 1 3 2 0 2 2 2 3 0 2 0 0 2 0 1 0 2 0 2 0 0 1 2 2
 2 2 0 0 1 0 3 1 0 2 2 0 0 2 0 2 2 3 3 1 0 1 2 2 2 3 2 1 1 2 2 3 2 1 0 0 2
 2 3 2 3 3 1 3 3 1 2 2 1 0 2 1 1 1 1 1 1 1 3 2 2 3 1 3 0 2 1 1 2 0 0 3 1 3
 1 0 3 3 1 3 0 3 3 0 2 2 3 0 0 2 1 1 0 0 0 3 1 2 2 2 0 2 0 1 1 0 3 3 2 0 2
 1 1 0 2 2 0 3 1 0 0 0 1 2 1 0 3 1 3 1 2 3 3 1 3 0 2 2 0 1 2 3 1 3 2 3 2 2
 2 3 2 2 2 0 0 3 1 3 1 1 0 2 3 0 3 2 2 2 0 2 3 2 1 3 3 1 0 2 2 0 1 2 3 0 3
 0 2 0 3 3 2 0 1 1 2 1 1 1 2 0 1 2 3 1 1 3 0 1 3 2 1 1 0 1 1 1 3 1 1 0 0 1
 3 1 2 1 0 3 3 0 3 0 3 2 1 3 3 2 0 2 3 1 1 1 3 0 1 2 3 0 2 2 3 0 2 0 3 1 1
 0 3 1 3 0 0 2 1 1 3 0 0 0 0 3 1 3 3 3 2 1 1 3 0 0 1 2 1 2 0 3 3 2 0 1 3 0
 0 3 3 2 2 0 3 2 2 0 0 2 2 3 0 1 3 1 1 1 2 3 2 1 2 0 0 3 1 1 0 2 1 2 3 3 1
 2 1 2 0 2 2 3 1 3 0 2 1 3 2 2 1 1 1 1 1 2 2 1 0 3 1 2 0 2 1 1 2 0 0 0 2 3
 1 2 2 3 2 2 3 0 0 2 2 3 3 2 2 2 1 1 1 3 0 1 3 2 0 1 3 2 3 3 3 3 2 0 3 1 3
 3 1 0 0 1 3 3 0 0 0 2 2 1 1 1 1 0 3 0 1 2 2 3]
