Execution time: 255.17073965072632
Best model k: 4
Best model train mse: 3.1063339266426744
Best model test rmse: 25.468299640165206
Regression coefs:
	[array([2.34058128]), array([0.36915022]), array([0.]), array([3.34264299])]
Regression interception:
	[np.float64(8.175976730869454), np.float64(-8.898119806781732), np.float64(27.962592592592593), np.float64(59.88002841264047)]
Clusters:
[0 0 1 2 2 0 3 0 0 3 2 3 2 1 0 1 2 0 1 3 1 2 3 2 1 2 2 2 3 3 2 2 1 2 0 2 1
 0 2 2 2 2 0 0 0 0 3 1 0 2 1 1 3 1 3 0 2 1 3 3 1 3 2 3 3 1 3 2 2 3 3 3 2 3
 2 2 2 3 0 0 1 2 2 3 2 2 3 0 2 3 3 1 3 0 2 3 3 1 2 0 3 3 3 0 0 3 0 3 3 1 2
 0 2 3 0 1 1 3 3 0 0 0 2 3 1 0 0 3 2 0 1 1 3 2 0 2 1 1 1 0 1 3 0 0 1 0 1 2
 1 0 3 0 1 2 0 2 0 1 0 1 2 2 0 2 2 2 2 2 2 2 2 3 1 0 1 1 2 0 2 1 0 1 0 3 3
 0 0 0 1 2 1 1 0 1 1 1 3 0 1 0 3 1 3 0 3 1 1 0 1 0 0 0 1 0 0 0 1 0 3 3 2 2
 0 2 0 2 3 1 3 0 2 2 3 1 0 1 2 1 2 1 1 2 0 2 0 1 1 3 0 1 0 1 2 1 1 2 3 2 1
 0 3 1 3 0 3 2 3 3 1 1 3 2 2 1 1 3 3 2 0 0 2 3 2 2 0 3 0 3 2 0 2 0 1 0 3 2
 2 3 0 3 2 2 2 3 1 1 0 1 2 0 0 1 1 1 3 3 1 1 1 2 3 1 1 2 3 3 2 1 1 3 2 2 3
 0 1 2 3 3 0 1 2 2 0 3 3 2 3 0 3 0 3 3 0 0 0 0 3 3 0 0 0 1 1 2 3 3 3 3 1 3
 3 3 2 0 3 2 2 1 3 0 3 0 2 1 1 3 2 0 0 0 0 3 1 2 3 2 2 2 1 2 1 0 1 3 2 1 1
 1 0 2 3 0 1 3 0 1 1 0 3 1 2 1 2 0 1 3 0 0 1 3 2 3 2 2 1 1 3 2 3 2 3 3 1 3
 3 0 0 1 2 1 1 3 2 2 0 1 0 2 0 3 3 3 0 0 2 3 3 1 3 0 2 1 1 0 2 0 3 2 2 3 3
 1 2 0 2 2 1 1 1 3 2 0 1 3 3 3 3 1 1 1 0 3 3 1 1 1 1 2 1 1 0 0 0 2 1 1 1 3
 3 2 0 0 0 1 0 3 0 3 1 1 3 3 0 1 1 0 0 2 0 3 0 2 0 3 0 3 2 0 2 0 1 0 3 2 0
 0 0 2 3 1]
