Execution time: 7.194744825363159
mse: 1.0555146950231
Regression coefs:
	[array([1.99628056]), array([0.70400618])]
Regression interception:
	[np.float64(-0.12361770682803508), np.float64(-8.939189835831792)]
Clusters:
[0 0 0 1 1 0 1 1 1 1 0 0 0 1 0 0 0 1 1 1 1 1 0 0 0 1 1 0 0 0 1 0 0 1 1 0 0
 1 1 0 1 0 1 0 0 0 0 0 1 1 1 1 1 0 0 1 0 1 1 0 0 1 0 0 1 1 1 0 1 0 0 1 0 0
 1 1 0 1 1 1 0 0 1 1 1 0 1 0 0 0 0 1 1 0 1 0 0 0 1 1 1 0 0 1 1 1 1 1 1 0 1
 1 1 0 0 0 1 0 0 1 1 0 0 1 0 1 0 0 1 1 0 0 0 0 1 1 1 1 0 1 0 1 1 1 0 1 1 1
 0 0 1 1 0 0 0 1 0 0 1 1 1 0 1 1 0 0 1 0 1 0 1 0 1 0 1 0 1 0 1 1 0 1 1 0 1
 1 0 0 1 1 1 0 0 0 1 0 0 0 1 1 1 0 0 1 1 0 1 1 1 0 0 0 0 1 1 0 0 1 1 0 0 1
 0 1 0 0 0 1 1 0 1 1 1 0 1 0 1 0 1 1 0 0 0 0 0 0 1 1 1 1 0 0 0 1 1 0 0 1 0
 0 0 1 1 1 0 0 0 0 0 0 1 1 0 0 1 0 0 0 1 1 0 1 0 1 0 1 1 0 0 1 0 0 1 0 1 0
 0 0 0 1 1 0 0 1 0 1 0 1 1 0 0 1 1 1 1 0 1 1 1 0 1 1 0 0 1 1 0 0 1 1 1 0 1
 0 0 0 0 0 1 0 0 1 0 0 0 0 0 0 1 0 0 0 0 1 1 0 0 1 1 0 1 1 1 1 1 0 0 0 1 0
 1 1 0 1 1 0 0 1 0 0 1 1 1 0 0 1 0 1 1 1 1 1 1 0 1 1 1 0 0 0]
