Execution time: 3.9400882720947266
mse: 0.9691345650190667
Regression coefs:
	[array([-0.99651185]), array([0.9964671])]
Regression interception:
	[np.float64(0.032199938918858195), np.float64(0.03934164549111818)]
Clusters:
[1 0 1 1 1 0 0 1 1 1 0 1 0 0 1 0 0 1 1 0 0 0 0 0 1 0 0 0 1 1 1 1 1 1 0 1 0
 1 0 1 1 1 1 0 0 0 1 0 0 0 1 0 1 1 1 1 1 0 1 1 1 1 0 0 0 1 1 1 0 1 1 0 0 0
 0 1 0 1 1 0 0 0 1 1 1 1 0 0 1 1 1 0 0 1 1 0 1 0 1 0 0 1 1 0 1 0 0 1 1 1 0
 1 1 0 1 0 1 0 1 1 1 1 1 0 0 0 0 1 0 1 0 1 1 0 1 0 0 0 0 0 1 1 0 0 1 0 0 1
 0 1 1 0 0 0 1 0 1 0 0 0 1 1 0 0 1 0 1 1 1 0 1 0 0 0 1 0 1 1 0 0 0 1 1 0 0
 1 0 0 0 1 1 0 1 1 1 1 0 0 1 0 1 1 1 1 0 1 0 1 1 0 0 1 1 0 0 1 0 1 0 0 0 1
 0 0 0 1 0 1 1 0 1 0 0 0 1 0 0 1 0 1 0 1 1 0 0 1 1 1 1 1 1 0 1 0 0 0 1 1 0
 1 0 1 0 0 1 1 0 1 1 0 1 1 0 0 0 0 1 1 0 1 0 0 0 1 1 0 0 0 0 0 0 1 0 1 1 1
 1 0 1 1 1 0 1 1 1 1 0 1 1 1 0 1 0 1 0 1 1 1 1 1 0 1 0 0 0 1 1 1 1 1 0 1 1
 1 0 0 0 1 1 0 1 0 1 0 1 0 1 0 1 1 1 0 1 1 0 1 0 1 1 0 1 1 1 0 1 1 1 0 1 0
 1 1 0 0 1 1 1 0 0 0 0 0 0 1 1 1 1 0 0 1 0 0 1 0 1 0 0 0 1 1 0 0 0 0 1 0 0
 1 1 1 0 1 1 0 0 0 0 1 0 0 1 0 1 0 1 1 0 1 0 0 0 0 1 1 1 0 0 0 0 1 0 1 1 0
 0 0 1 1 0 0 1 0 0 0 1 0 1 1 0 0 0 0 1 1 1 0 0 0 0 1 0 0 1 1 1 1 0 1 1 1 0
 1 0 1 0 0 1 0 0 1 1 0 1 0 1 0 0 1 0 0 0 1 1 0 0 0 0 0 0 1 1 1 0 1 1 1 1 1
 1 1 0 1 0 1 0 0 0 0 0 1 1 1 0 0 0 0 0 0 0 0 1 0 0 1 0 1 0 0 1 1 1 0 1 1 0
 1 1 0 1 0 1 0 1 1 1 1 1 1 0 1 0 0 1 0 1 1 1 1 1 0 0 0 0 1 0 0 0 0 1 0 1 1
 0 1 0 1 0 0 0 0]
