-4.27 -8.15
-3.05 -3.12
2.84 14.93
-4.29 -7.18
1.98 9.66
-2.72 -3.67
4.94 19.8
2.91 12.6
-3.64 -7.23
1.94 8.62
-1.72 0.84
3.08 13.12
-4.13 -6.95
0.48 5.08
-4.6 -9.5
-0.69 1.71
-1.57 0.21
3.82 15.87
4.97 20.63
-0.81 3.87
4.27 18.23
-3.56 -4.4
4.69 19.55
0.45 6.44
-4.7 -9.86
-3.83 -6.99
-2.3 -1.09
-4.51 -8.66
-1.44 1.73
-3.79 -6.95
1.94 11.35
3.42 14.43
-4.68 -10.36
-3.19 -3.36
-3.58 -6.79
-3.37 -5.21
-3.49 -3.63
-2.56 -2.88
-1.25 1.48
-0.05 4.08
-4.9 -7.84
4.11 16.1
0.56 8.17
-1.24 1.42
0.74 7.86
-0.95 1.36
-3.14 -3.99
-0.76 5.61
-3.6 -6.19
1.96 12.03
2.92 12.43
-3.94 -5.81
1.27 9.8
0.08 5.21
3.52 14.83
1.05 9.04
3.29 17.7
2.22 13.25
1.18 8.58
3.64 15.91
3.44 16.7
3.74 16.36
-0.83 2.99
3.04 16.06
0.17 5.29
-2.77 -2.98
4.51 20.11
-3.09 -2.94
4.74 17.78
-4.81 -8.2
-2.55 -3.59
0.79 7.92
-1.58 -1.4
-1.76 -1.53
-1.97 -0.35
4.3 19.58
2.31 11.99
-2.01 -0.88
3.42 14.73
-3.95 -7.26
2.38 10.85
-2.73 -3.59
3.35 15.27
-3.0 -3.9
-0.53 3.74
3.26 15.79
4.07 16.26
0.03 6.07
-3.0 -5.35
-4.95 -11.3
1.8 10.2
4.47 16.68
1.44 7.38
0.75 8.32
-0.55 2.38
-4.3 -9.04
3.41 15.5
-2.89 -3.62
0.6 8.73
1.57 11.95
-2.73 -3.35
3.71 17.96
-3.47 -5.98
3.4 14.98
1.43 8.72
4.37 16.94
4.75 20.27
2.63 12.29
0.15 4.52
-2.12 -0.93
1.78 9.64
-0.8 1.78
-1.3 1.4
-1.51 0.16
-0.43 4.95
3.97 16.8
1.9 10.41
-1.43 0.35
-4.47 -8.39
1.68 9.38
2.18 10.86
-1.9 0.2
4.14 17.21
-4.49 -8.63
2.35 10.39
-1.16 -0.19
3.5 14.99
4.86 20.5
4.02 16.49
3.22 14.63
1.3 11.13
4.69 18.14
-2.06 -1.34
2.51 13.84
3.99 15.54
2.98 14.21
3.16 14.1
3.32 15.82
1.96 11.01
2.52 10.84
-2.06 -2.41
1.0 8.63
1.63 10.03
1.09 8.6
-0.26 6.49
-0.94 3.27
4.53 19.72
2.69 14.06
-2.05 -2.17
1.62 10.3
-0.14 3.68
-3.59 -5.69
1.98 12.22
0.89 6.84
4.87 18.41
-4.06 -6.65
-3.43 -6.18
1.83 9.92
3.18 15.64
2.05 11.65
-2.95 -5.54
-4.36 -8.41
1.49 9.78
-4.14 -7.76
-4.27 -7.72
3.2 16.42
-3.9 -4.7
0.64 6.34
-3.4 -5.05
4.43 18.72
2.26 11.81
-1.13 1.01
-1.06 0.95
4.26 18.38
0.8 8.56
3.8 17.8
3.1 14.18
3.78 15.33
-2.45 -2.76
-4.46 -7.48
-2.06 -1.7
1.96 11.46
2.04 11.19
0.6 6.0
2.26 9.4
-2.89 -4.69
-0.96 3.25
-2.35 -0.87
3.59 14.34
-4.19 -6.91
-4.92 -11.17
-3.39 -5.02
-3.57 -6.3
4.17 16.5
-1.2 -0.09
-2.47 -1.79
0.16 5.13
-4.68 -10.5
-1.41 1.39
-0.83 3.14
-3.77 -6.99
-2.88 -4.27
-4.35 -8.71
2.28 11.2
-1.15 4.3
2.85 15.31
3.0 13.18
-4.53 -7.56
1.65 11.68
-3.64 -7.07
-4.1 -8.51
2.69 12.9
-3.2 -3.54
0.27 7.27
-1.26 1.5
-2.46 -2.74
-3.42 -6.03
-4.84 -9.4
-2.35 -1.88
-4.07 -5.91
1.49 10.61
-0.02 4.47
-3.87 -8.0
-1.02 1.25
1.57 10.28
3.05 14.3
1.76 9.86
-2.43 -3.14
4.9 18.74
-2.57 -3.72
-3.24 -4.61
3.78 15.72
-2.6 -2.66
0.15 5.61
2.29 10.76
-3.14 -3.72
-4.29 -7.51
4.47 17.92
-0.82 1.5
-4.59 -9.64
2.11 10.18
-1.34 -0.47
-3.91 -7.51
-2.63 -2.98
-2.13 1.39
3.84 17.22
-0.09 5.14
-0.38 2.76
-0.03 5.72
-1.36 1.04
4.62 19.13
3.03 14.88
-2.14 -2.54
-1.11 3.6
3.93 17.13
2.16 11.68
-1.3 0.57
-3.77 -6.38
0.8 8.78
-0.74 4.69
-0.65 1.88
-2.5 -4.02
-3.07 -3.61
2.08 11.56
-4.62 -9.24
4.87 19.79
-1.48 1.78
3.36 15.22
-4.29 -9.74
4.99 18.45
-0.9 3.8
-0.68 0.24
1.27 8.7
-1.16 2.26
4.13 18.01
1.93 10.58
0.0 4.14
-0.29 6.14
4.07 16.25
-0.1 4.98
-1.97 -0.92
-1.56 0.1
2.77 12.59
3.03 16.88
0.49 6.06
-1.72 -1.8
1.85 9.37
-1.58 0.41
-3.66 -5.55
0.07 5.03
0.68 5.7
3.67 18.97
3.83 18.1
2.13 13.62
1.01 8.96
2.81 13.64
4.06 15.54
0.19 5.03
1.4 8.79
1.25 8.38
