Execution time: 24.87212896347046
mse: 1.530236159577123
Regression coefs:
	[array([2.78537246]), array([2.75261426])]
Regression interception:
	[np.float64(5.020258696970699), np.float64(-1.109034234383468)]
Clusters:
[1 1 1 0 0 0 1 0 0 0 0 0 1 1 1 1 0 1 1 1 1 0 0 1 1 1 0 0 1 1 1 1 1 0 1 0 1
 1 0 1 0 1 0 0 0 1 0 1 0 0 0 1 1 0 1 1 1 1 0 0 0 0 1 0 0 0 1 1 1 1 1 0 1 0
 0 1 0 0 1 0 0 0 0 1 0 0 1 0 0 0 1 0 1 1 0 0 0 0 1 0 1 1 1 0 1 0 0 1 1 1 0
 0 0 0 1 1 1 1 0 1 1 0 1 0 0 0 1 1 1 0 0 0 0 1 0 0 1 1 0 1 0 1 1 1 0 0 0 1
 1 0 0 1 0 0 0 1 1 1 0 1 1 0 0 0 0 1 0 1 0 0 0 0 1 1 0 0 0 1 1 1 0 0 1 0 1
 1 0 1 0 0 1 0 0 0 1 1 1 0 0 0 0 1 1 0 0 0 1 1 0 0 1 0 0 1 0 0 1 1 1 0 0 0
 0 1 0 1 0 0 1 1 1 0 1 0 0 1 1 1 1 1 1 1 1 0 1 1 0 1 1 0 0 1 0 0 1 0 0 1 0
 1 1 1 0 1 0 1 1 0 1 1 1 1 1 0 1 0 0 1 0 1 1 1 0 0 1 0 0 1 0 1 0 0 0 1 1 0
 0 1 1 1 0 1 1 1 1 1 1 1 0 0 1 1 0 1 0 0 0 1 1 0 1 1 1 0 1 0 1 0 0 0 1 0 1
 1 1 0 0 1 1 0 1 0 0 1 1 1 0 0 1 1 1 1 1 0 1 0 0 0 1 0 1 0 0 0 1 0 0 1 0 0
 0 1 0 0 1 1 1 0 1 1 0 1 0 1 0 0 1 1 1 0 0 0 0 0 1 0 0 0 0 0 0 1 1 1 0 1 0
 0 1 1 1 0 0 1 1 0 1 0 1 1 1 1 1 1 0 1 0 1 1 1 1 1 1 1 0 1 0 1 0 0 0 1 0 1
 0 0 1 1 0 1 0 1 0 1 0 1 1 0 0 0 0 0 0 0 1 1 1 1 1 1 1 1 0 0 1 0 0 1 1 1 0
 1 0 0 1 1 0 0 0 0 1 0 1 1 0 0 1 0 0 1 1 1 0 0 1 1 1 0 0 1 1 1 1 0 1 0 0 1
 0 0 0 1 0 0 0 1 0 1 1 1 0 0 1 1 0 1 1 0 1 0 1 0 1 1 0 0 0 0 0 1 0 1 1 1 0
 1 0 0 0 0 0 1 1 0 0 0 0 0 0 1 1 1 0 1 0 0 0 1 1 1 1 0 0 1 0 0 1 0 0 1 1 1
 0 1 0 0 1 1 0 0]
