-6.95 18.04
33.12 -6.38
-12.81 14.44
-11.26 20.37
30.3 -9.65
10.69 -20.92
7.66 -18.82
9.06 17.56
-8.56 -29.48
-12.05 41.48
-1.47 14.52
2.72 -2.76
1.47 -12.46
-31.19 -109.15
-13.52 15.75
18.45 61.09
11.06 9.63
-29.78 14.02
-9.8 9.48
-20.46 -56.65
-0.23 4.27
-15.17 -60.21
6.26 -14.51
-22.87 43.13
-1.95 -0.37
-14.66 29.74
-24.75 -80.04
-3.79 -5.56
10.24 37.42
22.59 -5.78
-27.54 58.75
-26.69 49.56
-8.12 -24.72
9.27 0.45
-16.99 13.14
-29.74 -92.21
-24.68 35.01
35.11 -64.92
-2.89 -5.56
-2.7 12.28
-8.07 -23.48
-5.68 -21.85
26.75 3.22
-3.62 -1.87
-5.07 -11.96
37.94 -80.02
-18.05 37.14
-0.02 7.64
6.22 8.33
22.45 -22.34
-33.84 -106.57
32.82 -67.94
-33.04 73.59
-18.22 -10.91
21.04 65.53
-12.54 -38.18
-27.12 69.45
-17.01 -1.83
-10.61 24.2
13.4 -31.06
14.21 -28.77
-14.86 9.85
31.58 90.84
-24.96 42.91
10.97 21.52
9.8 -5.07
2.38 0.1
37.87 -70.47
-5.68 -5.61
26.4 77.12
12.64 -31.26
37.36 -24.38
3.53 -15.23
-4.04 -27.13
35.47 -8.12
30.13 -2.86
-17.27 24.39
-17.28 -51.28
36.92 108.81
-12.81 -28.8
12.03 8.75
-18.3 31.54
-18.42 -2.41
-15.95 12.65
19.31 52.44
24.33 -11.25
36.82 -61.39
12.86 -20.49
-7.69 -0.59
36.45 102.45
32.21 100.61
-3.86 35.11
9.52 -20.5
11.58 -20.62
-9.67 17.0
-28.23 63.51
31.74 92.14
34.8 -5.68
19.29 -50.72
15.87 -20.36
1.57 15.58
19.92 0.96
34.27 -70.67
-12.01 -7.33
-3.32 -11.73
-15.36 12.23
4.0 26.48
0.08 -9.63
12.91 -30.0
-6.69 -21.32
-12.96 5.14
24.51 -9.57
27.9 71.08
-31.34 11.5
5.34 -9.36
14.85 -8.27
-17.89 1.17
-1.34 -7.76
11.71 -22.69
-26.85 55.14
9.17 5.41
-18.26 12.28
29.7 95.12
7.38 -3.55
-14.89 -48.53
-20.56 -63.86
18.41 -37.06
7.1 -9.22
10.21 -20.64
-31.19 5.08
-14.61 1.81
12.72 42.24
-3.57 10.26
0.09 2.99
18.94 -37.19
36.2 9.23
20.0 74.74
11.44 23.84
-27.23 -95.05
-12.51 1.23
34.04 94.72
-2.54 11.39
-5.61 6.78
29.63 89.41
5.36 -6.7
-18.95 -65.29
-29.24 59.61
10.15 27.05
-6.57 -29.76
11.19 23.72
28.46 -7.26
-31.01 -90.49
-4.45 -5.77
3.71 27.02
15.06 51.46
0.3 -13.06
-28.21 -96.61
29.38 -13.23
2.63 10.2
27.74 73.46
-16.13 32.25
-20.69 -60.45
-18.62 -68.99
-17.65 -0.59
-18.44 30.36
-27.9 68.61
12.76 -23.8
30.77 -63.82
-15.34 -58.79
11.15 42.56
22.21 -3.51
16.01 60.13
-4.82 8.3
-10.99 19.61
15.6 53.14
-1.18 -5.48
-17.96 -41.5
-33.28 23.9
-0.74 0.12
-18.02 -64.2
-13.13 9.16
1.9 -2.62
-12.27 -44.32
-29.55 47.47
31.27 99.52
7.27 1.14
-8.09 7.84
11.08 -14.63
-23.44 -5.51
25.53 -46.11
26.35 69.37
11.83 -8.98
-32.16 12.55
4.4 5.36
-22.17 -57.45
3.28 5.0
-1.33 2.23
-27.2 71.21
-15.23 -59.11
-15.06 -45.64
-14.14 15.64
-22.6 44.01
24.95 -58.48
-8.54 11.43
-20.97 -63.79
-33.59 -89.53
-3.83 8.82
1.69 23.9
0.37 -6.87
-31.21 -96.09
-26.44 -66.04
0.3 19.68
-22.86 15.82
34.36 -56.34
-13.03 -1.72
-14.42 3.71
24.8 1.37
0.06 -2.4
13.13 26.98
-19.61 -0.67
-7.08 -7.18
33.96 102.09
25.46 0.27
-9.86 4.86
37.97 -83.42
13.87 46.51
-7.28 20.3
-30.11 -94.89
-17.55 15.49
21.93 76.1
-29.09 48.58
-4.63 -4.25
-14.03 34.14
11.39 -30.2
-33.5 58.6
-5.9 13.58
35.5 -77.36
-4.89 3.8
-12.58 16.5
-3.61 11.99
-15.04 -50.61
-7.2 1.91
-16.29 12.14
17.14 -28.18
-24.44 -1.85
-29.16 50.8
33.62 -69.9
19.63 58.39
-9.65 34.59
13.68 -19.66
-5.12 -6.77
8.31 -3.91
-28.36 7.71
3.07 0.09
25.57 -53.49
29.59 -60.39
9.94 -24.67
35.14 98.98
34.09 -53.98
14.93 58.71
-26.0 -73.72
-23.99 -74.75
30.13 -58.63
29.75 2.18
-18.67 -55.79
20.03 77.35
-4.58 10.09
-7.44 10.1
-33.5 -88.82
-24.51 -65.63
35.42 -60.5
35.36 -70.16
2.49 16.38
-16.35 -59.88
10.59 -9.91
-16.71 -62.1
-0.7 5.89
35.27 -75.29
20.7 -22.37
30.05 -57.57
-21.55 -68.51
21.08 56.48
27.17 -19.92
17.17 -30.28
-22.47 -85.03
-9.7 -23.3
21.45 -35.64
15.53 9.09
25.06 -16.18
25.64 -21.82
36.05 -79.71
8.74 19.73
-19.6 45.68
31.52 79.42
31.51 -11.83
27.98 83.21
-25.13 -13.23
-7.23 14.62
20.29 62.38
33.07 91.09
7.55 -32.19
16.88 -30.0
4.84 -8.55
-22.15 49.12
-17.33 15.11
16.0 58.77
-1.88 -1.0
-18.71 -43.21
-31.54 7.72
25.75 -34.8
25.72 6.53
-13.28 25.98
-31.16 -105.4
-20.01 -7.23
3.99 -16.8
-2.25 -2.47
-18.76 7.16
19.79 13.54
-15.06 35.11
-18.63 6.96
0.7 -7.79
-32.96 -93.98
-11.1 -25.78
0.53 17.7
-3.8 9.85
-20.22 6.34
-16.95 3.35
-25.67 1.22
6.77 -1.09
29.35 -11.79
6.63 27.29
-25.76 65.96
-31.56 7.98
-7.31 7.49
-22.06 55.37
22.45 -4.84
-25.07 8.79
0.89 -12.78
-8.71 16.72
-8.18 9.81
-6.8 -15.2
12.6 36.2
32.68 -61.24
-23.34 -56.39
-22.63 3.67
-25.91 -78.29
1.53 -6.26
15.58 -17.5
14.05 30.07
-1.77 5.69
-27.22 7.68
-9.57 -4.86
25.67 -7.98
-3.3 7.35
-9.63 1.76
-13.89 18.43
-5.51 -17.28
17.14 -23.62
23.02 56.17
-8.02 -10.33
-5.39 20.07
32.16 -21.12
-32.9 77.68
-17.84 -59.15
-15.14 25.34
12.08 -14.02
-28.58 9.8
-14.8 13.18
-7.83 -19.01
8.15 -3.69
10.84 -20.23
2.95 -9.34
-1.79 -4.33
31.56 102.69
-18.34 -75.87
-12.74 1.77
7.01 -13.02
-3.26 -12.0
35.2 -78.4
-33.41 -0.81
-17.17 -51.77
11.0 39.72
-24.51 12.87
32.09 -14.74
11.41 -14.88
-26.33 -86.58
-23.75 44.53
21.11 -39.97
4.03 -0.52
19.96 -30.34
-16.95 -46.06
-33.08 -9.94
-32.65 64.48
7.36 -13.77
19.33 47.62
36.45 92.51
-7.38 27.13
-14.16 9.89
21.09 -32.89
-7.37 7.32
-11.2 -42.14
-6.24 0.82
-19.01 -51.06
21.59 -32.54
15.06 -1.82
17.55 7.5
-28.88 -10.85
-22.07 46.82
30.47 -9.75
-8.96 -27.9
-10.1 20.58
-31.28 -92.95
18.45 56.67
-25.34 -3.52
-1.58 -15.19
12.08 42.86
-2.03 -5.02
-11.76 9.77
23.95 -11.43
18.39 -34.2
-5.13 -13.05
33.11 -66.76
17.85 -37.29
-10.94 28.82
30.08 -5.25
-15.22 23.37
-5.98 0.89
24.56 -3.18
-2.78 3.82
6.29 -8.29
-25.98 16.81
9.92 41.67
-0.88 -1.47
3.46 -10.84
37.46 -69.39
-26.79 -87.33
2.45 1.02
26.38 85.04
16.7 62.09
8.5 28.2
16.11 54.83
-20.62 15.44
-26.41 -71.94
5.56 1.97
-20.75 -69.04
-8.23 25.73
-25.66 -4.57
36.81 -75.09
-23.19 -20.77
14.86 -6.84
-0.76 -15.52
25.1 -52.38
-22.47 44.85
-20.05 -49.99
-14.46 10.81
13.68 41.95
-13.63 -55.24
3.55 6.19
-13.17 29.01
4.63 1.8
6.43 12.7
5.88 -12.61
-12.42 23.61
-12.54 28.53
-27.45 41.66
-18.43 -63.9
-9.66 13.74
9.46 -16.93
-26.77 -63.9
-6.51 11.45
-22.15 44.0
13.17 -32.45
21.36 61.05
14.9 -25.69
-17.99 25.88
24.38 -11.85
28.98 -4.06
17.81 -7.06
33.01 93.49
18.45 -39.81
-1.45 11.21
26.76 -12.19
5.0 8.04
18.03 -7.73
30.52 -71.83
-32.17 -1.18
-21.54 9.55
-9.28 -31.08
34.85 101.43
35.76 116.42
-10.05 -9.07
-4.44 -3.97
2.06 -1.42
25.96 79.86
-28.45 -0.8
27.66 -48.4
-21.56 -65.17
36.03 105.88
31.34 100.18
30.36 -9.35
-15.56 15.88
-10.97 28.42
-32.83 -95.79
25.92 -56.68
37.14 113.34
2.58 -26.5
32.22 11.77
29.75 -58.46
0.53 -7.07
19.11 -31.89
22.88 59.45
36.26 -2.43
-0.88 -8.54
-26.12 8.61
18.85 60.28
-14.79 -44.48
9.85 -5.92
20.96 84.67
-18.69 30.81
-19.82 1.74
1.88 1.98
-2.7 -4.78
6.03 20.39
31.93 93.95
29.47 -54.88
-7.58 -4.11
-15.76 9.51
-21.07 49.72
10.96 3.63
7.36 -10.49
31.28 78.23
-3.4 11.61
-29.55 -84.33
-5.36 4.48
20.57 -39.04
-22.34 7.5
21.44 -9.94
-0.41 9.42
-16.62 41.66
10.64 -4.65
29.15 94.03
-24.95 -66.09
-1.96 -0.31
17.87 53.63
35.47 122.61
29.18 87.73
-5.76 -16.2
9.96 42.35
24.23 -6.88
-32.02 69.36
-24.9 -81.34
-26.5 9.76
-11.91 -9.02
-1.34 -12.01
13.47 24.37
-18.3 27.86
37.39 -66.88
-22.93 -1.78
-5.65 -0.71
4.53 -3.87
12.92 -27.78
7.08 -11.14
-10.88 -1.38
-18.15 -5.04
-2.84 2.97
-30.16 70.36
34.45 3.05
1.45 -5.08
-7.32 -2.43
23.04 -45.55
-5.5 17.98
4.96 -25.27
-27.77 -9.87
-33.04 76.79
17.18 -34.37
-17.13 -2.71
30.4 0.83
20.07 -12.96
-30.15 19.31
5.49 -14.29
6.17 -10.44
23.39 5.96
-22.57 -53.28
-5.67 10.65
21.81 60.53
12.46 48.4
-7.86 -43.4
-29.26 1.48
25.51 82.42
-3.56 -9.87
-8.3 2.79
10.78 -14.83
4.45 -9.09
-8.8 1.57
-28.58 54.02
-29.51 0.41
22.94 70.62
30.65 92.27
17.63 -25.47
-26.74 -98.16
18.79 -13.7
9.54 -11.93
-16.41 -57.06
-31.37 -95.29
16.17 61.36
-10.45 -33.1
29.31 -60.11
-14.19 -48.53
-23.66 54.66
-8.35 4.12
36.85 -9.07
35.44 100.52
4.87 -26.6
-0.85 -3.94
8.52 12.7
23.85 -43.74
8.71 5.56
13.76 -33.05
18.04 55.16
-6.87 9.35
35.95 0.44
-12.0 -16.15
-14.59 -12.93
32.54 -0.22
-1.16 -5.43
-9.61 -5.82
-20.32 -72.59
-3.06 -17.81
15.1 -32.31
2.11 -2.17
20.41 7.87
30.35 86.16
-31.39 60.71
-5.41 -15.24
0.76 -3.49
33.01 -7.82
29.89 -58.94
-28.26 8.11
12.9 3.34
8.43 -12.0
36.64 -74.72
29.18 -56.96
-17.83 23.09
-30.91 73.0
-6.66 18.66
-11.28 18.27
36.58 96.96
6.33 20.84
9.6 19.87
-23.41 -70.77
7.84 26.3
10.37 -7.44
16.04 -6.94
-26.65 72.06
-5.94 -18.62
32.68 -18.94
-14.96 30.23
-26.67 0.2
-25.37 42.81
28.88 -70.76
18.02 58.81
7.51 12.52
-28.63 -78.46
30.23 -64.44
-9.74 16.16
-7.65 -2.57
36.68 108.44
17.19 49.67
-6.83 -13.43
-2.94 -18.48
3.02 11.08
21.79 79.17
-32.72 6.14
10.06 -5.41
-21.0 45.14
28.37 -23.94
-3.55 -3.47
28.96 -20.57
14.18 -29.85
-15.55 26.16
-26.39 14.58
30.13 -53.48
-25.57 -75.0
-28.79 61.04
-9.05 0.09
37.5 -4.05
14.37 56.02
-20.14 -68.53
37.57 -77.4
4.66 -8.61
-28.77 73.57
17.85 -12.93
-2.5 -10.81
36.13 105.15
-24.59 44.89
-13.8 -44.43
-5.32 -26.32
13.23 -22.17
-7.75 29.11
30.95 95.13
9.12 -12.82
-23.69 47.89
-28.84 3.91
10.95 -16.93
-29.37 79.18
-31.54 4.67
-23.9 -78.69
28.5 75.02
37.5 120.81
30.16 -68.86
35.27 -22.49
36.93 120.12
30.76 -6.47
0.9 -10.2
7.94 -6.53
-9.32 3.61
9.23 -28.79
5.65 4.87
32.36 99.81
-28.32 55.92
27.11 76.78
-23.94 -97.59
-1.99 -9.46
22.27 2.69
7.57 -16.97
19.0 -31.21
19.75 2.15
-7.47 -20.07
-3.12 -0.37
36.04 -84.24
-20.72 -71.59
11.28 37.76
20.01 17.53
-9.14 8.32
-28.87 62.2
-32.23 -81.53
18.15 3.67
30.36 1.04
17.53 64.12
15.53 -24.48
-29.48 -75.51
11.42 -30.82
-11.45 -23.73
-28.69 48.85
28.79 103.46
18.43 -3.92
4.44 5.41
31.76 92.04
-26.04 22.3
-4.87 5.87
-4.13 -13.4
31.64 -51.43
20.28 6.08
-6.51 12.55
-31.42 66.28
16.12 -38.5
-16.22 -1.26
11.85 56.7
5.56 -16.59
-31.01 82.58
-18.56 33.84
26.24 -64.48
5.54 -9.3
-18.53 -55.08
33.8 -65.86
-3.23 3.57
-16.53 -54.18
-26.26 45.4
-12.56 3.47
33.47 -26.98
-0.34 -1.23
19.61 65.62
-5.17 20.46
27.35 70.85
-22.93 13.0
-1.55 -13.2
-32.04 10.16
-24.94 -78.79
-14.99 24.12
7.01 -8.99
1.85 6.01
2.71 8.48
32.72 -70.13
-29.17 -76.88
32.37 103.24
-13.88 -31.05
-1.6 -1.16
-28.47 -86.43
0.83 -9.73
-17.24 6.62
19.66 -5.62
-16.33 9.48
-18.58 12.17
8.29 -9.75
-9.38 -5.91
31.93 -15.52
33.15 -70.54
23.41 -40.28
-0.39 0.89
13.41 -5.49
-7.1 15.27
31.57 116.53
-16.17 -44.14
-16.98 42.72
4.96 3.34
2.3 -1.14
19.35 -2.4
-21.52 -63.03
-16.83 22.82
21.97 6.91
-0.21 2.18
-1.64 -2.71
1.37 12.71
-19.52 41.38
-21.83 47.7
3.51 -12.01
7.61 -8.58
36.64 -82.96
18.97 39.05
6.33 -23.24
-18.25 -56.01
32.94 -74.78
7.37 -29.19
-9.23 24.01
-2.67 -6.94
9.94 -20.29
-26.1 45.75
-27.82 -82.64
27.06 80.69
-10.04 9.92
18.46 2.99
11.42 -25.57
-16.11 42.03
25.36 -53.76
-28.17 61.3
-17.22 -42.51
3.44 -9.81
36.37 10.12
-18.02 20.42
25.57 -7.12
-14.37 -46.87
5.47 -4.94
5.7 -5.05
23.94 -43.48
26.45 77.38
25.93 -35.03
-30.09 -103.49
22.24 6.28
-17.82 42.47
19.61 -40.39
-13.39 30.35
26.18 91.48
-21.13 8.07
-6.61 -16.06
-21.13 -49.84
-19.82 -77.57
6.62 -9.77
-7.0 15.18
-23.65 12.97
-19.32 32.09
2.21 -5.85
-26.74 -77.64
21.17 1.21
-3.37 8.55
36.61 12.08
-8.98 15.58
7.03 0.75
-27.92 14.33
23.94 -11.87
-17.5 34.12
-11.6 4.4
-12.3 31.8
28.98 -19.86
9.47 29.09
28.97 -59.35
-25.18 10.21
18.95 -46.21
5.32 4.71
-26.76 -83.66
-21.14 24.06
35.17 -66.27
16.21 47.5
15.79 -41.48
-4.18 8.13
14.33 -30.74
-4.93 0.33
-29.96 90.39
5.39 -1.14
28.33 76.27
11.85 -33.83
25.76 -59.17
1.23 3.42
24.15 60.01
-23.62 15.46
-15.05 -35.88
-30.0 7.11
-0.13 7.24
2.27 18.13
23.97 -7.3
-24.41 56.35
-5.71 27.21
30.78 -70.73
-23.82 4.88
33.47 103.92
11.91 18.38
37.09 -2.37
-11.33 19.13
-16.33 -2.73
22.4 54.16
7.71 1.94
35.76 -59.54
-21.29 51.34
-31.95 -98.83
-22.62 3.01
25.2 -2.45
6.98 8.44
-22.8 -64.81
23.83 -7.22
35.87 -49.21
-25.16 -87.34
-22.93 1.71
-18.09 33.77
8.95 -4.17
18.22 -35.97
14.17 -20.57
-14.78 40.31
11.2 -19.59
-6.53 13.16
-25.58 56.08
27.66 92.34
36.88 10.35
33.99 97.2
-0.25 -4.98
-21.05 -79.93
-1.6 6.75
15.58 -41.01
0.91 18.63
33.36 -86.27
-17.39 36.36
-1.21 8.26
-12.93 1.86
34.86 2.5
17.45 -27.43
-2.72 -0.4
7.84 20.7
-13.82 -41.69
-31.59 67.6
35.7 106.87
-8.79 9.56
-20.03 -58.62
37.6 101.3
-8.41 -0.59
-30.25 60.54
-9.5 0.41
8.52 44.67
-14.69 14.57
33.9 -71.68
-25.7 55.96
4.87 -15.42
34.45 103.65
19.01 -38.88
2.49 -19.27
11.32 3.21
-32.75 11.2
19.85 -30.47
32.44 99.5
-28.01 62.11
-5.51 0.35
-11.89 8.61
-19.44 -0.04
7.05 15.92
21.94 12.93
15.55 -30.17
-1.84 6.93
13.69 -5.63
2.08 -1.17
-33.17 -6.47
11.37 30.91
-26.42 48.91
18.49 46.56
-24.63 4.21
19.05 -3.64
14.03 48.46
24.7 0.78
-21.2 -70.84
21.38 -21.24
-13.42 -2.36
33.07 87.43
22.77 -44.39
-1.08 15.37
26.75 56.28
-9.25 19.65
33.92 103.97
-15.15 3.0
-28.04 -2.6
18.91 -17.93
8.25 39.78
-15.55 -49.29
-34.0 -106.1
35.7 -60.27
5.67 34.3
-13.71 -50.42
35.17 -11.73
24.35 -51.9
15.69 -32.77
-29.36 53.53
29.1 87.19
-4.45 -24.74
-28.35 61.5
5.79 -12.11
-6.78 -35.4
-31.41 -91.55
-6.44 10.38
28.56 80.81
-27.94 45.11
-30.91 63.61
-21.47 49.37
32.47 4.77
-7.08 0.78
16.89 -27.24
-11.06 20.84
33.09 4.87
1.42 4.29
-3.22 3.27
12.09 25.54
4.27 18.83
9.28 32.44
12.79 -2.0
22.9 65.77
2.15 -0.14
27.34 -20.62
-33.94 69.58
22.58 -52.85
3.99 9.34
-33.24 3.34
9.06 30.76
-6.44 10.0
26.17 -45.97
-12.02 -20.49
28.03 -60.68
16.09 54.02
-8.75 -29.89
-4.61 5.14
34.63 -5.74
9.95 -13.11
-23.18 -4.74
-11.31 -1.64
20.75 60.75
14.06 -21.29
20.02 55.58
-17.14 -55.28
-20.53 -39.83
25.82 -48.94
1.39 -5.8
20.13 -1.13
-28.23 7.72
-2.91 11.93
29.98 79.34
-13.42 -37.64
36.85 94.59
-20.32 58.61
-21.05 22.16
2.62 -4.5
33.01 93.33
8.41 5.71
17.43 -0.22
-26.33 53.29
12.05 -15.64
-23.26 -63.88
27.56 -65.66
24.08 -16.51
-25.54 0.44
-18.62 11.63
3.67 -0.65
6.56 -19.97
-1.62 -16.74
-21.07 -45.71
30.22 -16.44
17.3 -23.08
36.36 108.88
4.06 4.65
17.81 55.57
-23.34 51.93
-33.87 5.76
16.04 0.84
15.68 -13.69
37.1 107.89
1.62 14.84
35.51 -81.55
-23.98 50.46
-0.56 3.71
-7.12 -17.04
34.56 -13.45
9.71 -6.23
-15.94 -45.88
9.07 -16.21
-28.66 -85.33
-33.17 -91.35
11.14 -25.09
-18.82 5.33
-31.32 -98.46
-25.67 -3.85
1.43 10.0
25.59 -38.25
-16.73 50.55
-20.76 -56.31
1.96 -12.52
16.69 -17.47
-32.39 -99.69
16.15 -17.5
34.06 -6.63
27.1 -2.72
-4.73 5.04
-33.5 17.72
20.43 62.5
-3.73 25.54
8.86 -10.72
1.91 -7.06
-11.05 -31.98
-11.77 -36.57
-24.27 3.75
25.48 4.08
-1.1 4.35
-31.19 64.47
-6.47 -21.0
14.96 -20.89
-12.57 -38.59
26.32 -52.93
-15.56 30.88
-2.08 3.91
9.33 13.4
4.28 -5.49
20.1 75.6
-5.77 17.0
-5.84 10.76
15.81 45.66
-1.99 13.29
4.07 -19.34
13.32 39.16
16.09 -41.7
25.75 68.33
32.98 121.57
-15.09 27.18
-16.09 2.63
-9.17 -27.48
28.18 -61.49
-12.04 19.18
-0.41 -2.34
4.03 2.4
-2.42 -8.08
14.65 27.0
-3.53 3.97
-14.97 -22.21
11.73 43.49
34.81 92.56
-7.25 -17.32
-20.07 38.22
9.71 21.23
-13.85 -29.88
-6.84 -0.49
31.99 -61.56
-26.94 -2.84
8.45 10.87
-25.12 49.11
19.56 -6.6
-20.39 2.55
-26.53 11.32
37.67 -75.29
10.6 10.26
30.95 -16.46
15.41 -26.17
-33.08 -102.83
-23.24 -4.25
32.88 90.16
6.04 -0.16
30.37 87.33
2.29 -5.17
13.58 -4.27
35.3 94.52
-5.83 2.51
-1.46 4.34
21.87 -31.78
-31.63 73.04
29.73 -58.9
-27.89 -81.19
-20.07 43.03
-15.35 -34.53
37.36 -6.83
-24.43 -78.65
22.74 51.21
29.83 73.68
-31.12 -92.73
-32.89 -99.49
-26.12 0.18
22.77 64.11
-6.15 3.19
0.6 21.06
-23.99 43.74
5.19 9.68
4.76 -11.71
7.95 -1.05
-9.36 -11.82
36.74 -2.04
4.14 12.04
-0.63 -16.13
-10.98 -36.05
-26.08 -66.94
10.22 -16.78
29.52 87.26
-1.94 0.51
-18.87 9.62
-12.61 10.11
-21.5 44.55
23.1 -37.77
-12.91 24.19
14.63 -0.33
-5.53 -23.87
-11.5 17.44
-11.09 1.69
-30.02 -99.87
-29.32 -0.21
18.92 -46.18
1.54 4.14
-14.03 -4.75
-4.13 -9.29
21.2 56.39
-6.24 -12.45
10.16 -10.63
2.45 8.69
2.34 9.2
-7.37 4.03
35.14 -78.61
-33.21 -87.31
12.54 -7.89
14.49 -41.18
-25.21 37.62
11.47 -22.69
-12.55 13.97
24.12 -48.92
-18.48 45.19
-22.36 -77.65
23.52 -54.6
22.85 92.18
19.47 -41.22
15.86 -6.72
30.04 92.02
-16.91 0.28
25.23 -33.54
31.54 -56.47
-23.05 15.51
-25.01 -81.61
-29.63 7.95
-11.47 6.9
-1.37 5.12
-3.1 -2.53
17.26 -10.68
10.89 34.71
32.93 7.91
15.48 6.73
-33.77 62.34
-29.18 65.29
-28.91 69.69
0.76 -5.23
17.14 67.24
36.11 -15.47
-30.94 1.48
12.37 -17.44
24.77 -54.66
-33.75 -98.23
25.06 -44.57
12.98 -36.05
-1.95 -3.17
-4.88 -3.4
29.71 -63.48
0.76 -4.72
5.81 -15.68
-26.69 57.2
7.57 -1.64
35.96 113.1
24.82 98.78
4.4 20.29
16.79 -0.93
-0.21 -10.66
11.57 -19.28
-28.7 -92.36
-19.86 52.96
37.93 -73.75
-7.38 -5.0
-32.54 68.53
35.02 92.19
-28.97 58.42
-33.47 -117.1
-21.74 -56.66
1.27 -3.3
-9.15 30.1
22.42 -49.54
-23.1 -0.27
-25.56 -63.83
4.85 -3.51
-32.56 5.34
-22.51 -59.76
-15.51 -35.53
7.39 -13.51
22.52 63.69
12.66 -39.93
-25.49 -67.06
24.16 -36.26
9.29 21.8
0.04 -0.72
-3.22 5.08
21.93 66.65
1.51 -9.82
3.97 -17.25
10.29 -12.92
29.71 80.9
13.53 -35.32
29.84 -1.43
-4.21 -6.88
-17.57 -76.39
2.24 -11.79
25.54 -35.36
-2.55 -9.06
-27.03 55.08
2.63 9.44
-5.76 -32.01
11.95 30.79
-26.65 -4.96
-33.02 -100.64
31.95 -77.99
-26.3 49.18
-16.26 -0.51
5.16 -13.4
-12.97 13.41
-26.15 50.11
-32.69 -95.97
-33.59 -93.96
-10.12 4.76
16.81 -28.36
-28.13 -99.14
-28.85 -0.71
-18.67 35.31
14.32 42.73
-27.96 53.1
-16.65 -35.88
-12.61 21.32
15.16 -37.65
26.29 -5.58
-14.5 -35.54
-22.0 27.94
8.45 -13.41
-0.89 -4.53
4.47 3.47
-7.33 -1.5
-33.45 -88.22
-24.18 19.88
21.12 57.18
14.93 -22.1
-27.37 41.83
27.58 78.66
2.71 19.56
27.58 -60.0
15.18 -11.78
-24.49 -6.58
15.41 -10.05
-24.85 -72.63
-29.3 -86.35
33.81 -77.62
3.03 -5.84
34.5 -53.91
25.22 -7.94
-2.15 4.29
13.05 2.99
12.57 44.54
8.8 -22.26
23.63 2.74
6.72 -11.7
-0.16 -16.91
-0.51 -3.36
-13.04 -29.83
15.44 -15.38
-19.46 4.11
21.36 -45.8
-2.84 -9.84
25.34 -39.62
15.95 50.51
25.74 85.26
37.33 121.0
0.21 -5.38
20.37 9.52
-9.25 17.09
-4.04 -13.52
28.44 -12.82
24.67 -30.18
-6.92 19.77
-29.01 64.25
-28.57 66.73
28.62 1.68
0.38 9.96
-25.65 -85.66
-27.83 -92.24
30.89 -3.02
-22.83 36.9
16.45 -31.69
-21.91 4.86
-29.97 -5.19
22.96 -4.56
-15.77 3.41
18.31 9.03
24.39 -41.09
21.72 57.52
-18.54 -65.49
-26.54 53.2
-31.24 -85.54
-20.4 -65.71
22.57 -38.66
28.53 92.8
24.03 81.7
-17.03 21.27
-15.14 -49.99
-12.82 -45.85
2.87 19.1
31.16 108.96
-3.4 -8.93
11.22 28.75
-31.03 1.39
-2.73 -5.4
-6.33 9.93
29.35 -50.39
6.26 -17.0
18.96 10.93
-14.61 15.92
-19.93 40.66
17.58 -3.67
-4.66 -3.9
3.18 -6.87
-14.45 4.79
16.79 74.13
-9.34 17.4
2.42 11.81
-20.84 39.03
-20.71 -50.26
-5.89 -9.05
27.41 -60.19
3.99 19.72
-0.08 -4.42
18.91 46.65
14.38 40.45
-26.96 53.94
29.05 -0.29
19.07 -51.13
36.68 -80.15
21.25 -48.03
1.01 -16.23
-31.84 -2.27
9.79 37.51
-20.69 -85.23
-1.0 6.43
4.55 7.95
33.84 -68.92
37.24 107.07
11.92 1.77
34.2 91.3
-17.91 1.79
5.86 11.19
34.86 124.04
-12.52 -36.43
9.82 -8.65
-21.35 -5.4
-5.78 8.15
2.19 -0.03
-29.98 -89.17
14.26 10.6
-15.26 -1.63
-12.11 -33.6
-27.78 59.18
11.59 33.89
-6.38 4.88
-7.04 10.25
22.22 58.9
33.07 -2.76
-5.43 0.3
-15.36 -54.39
-22.13 -63.1
-17.72 -51.46
-10.26 -7.01
34.58 -59.5
-27.42 11.57
-27.2 -1.96
9.38 -10.9
-25.97 66.24
4.62 -5.28
30.7 101.25
-16.46 -44.52
-22.34 62.94
13.24 -5.12
33.42 -88.32
-11.94 -38.3
-23.67 -84.67
4.91 1.06
-15.51 16.88
