12.96 310.9
19.44 321.87
-4.74 266.66
21.34 325.52
-5.82 251.49
11.57 307.71
3.67 257.5
17.01 311.8
15.92 367.88
9.14 306.43
4.51 289.82
22.16 384.78
6.14 284.74
24.15 357.26
6.12 281.67
22.76 323.84
7.95 308.08
-1.1 273.37
4.64 248.35
22.37 381.46
-10.72 250.52
4.92 296.43
0.32 285.06
11.22 318.69
9.17 298.03
0.08 306.27
17.08 368.63
13.88 344.87
17.82 294.73
20.55 367.95
19.22 346.0
18.86 347.03
24.68 364.57
15.93 269.55
-0.24 279.72
16.67 327.73
1.18 250.13
21.11 347.95
6.88 345.11
-1.45 280.99
16.28 361.25
22.92 359.42
-4.84 249.35
-10.1 241.25
-11.99 239.9
-6.37 298.99
-7.9 260.84
-10.49 291.21
9.99 340.19
-9.24 232.31
17.77 310.7
6.38 330.04
19.71 416.81
8.64 269.92
-2.27 288.64
3.12 280.31
14.44 324.48
5.33 288.48
23.67 399.95
1.27 306.07
-1.46 288.57
3.8 300.22
2.58 317.85
4.08 291.7
2.78 286.35
-2.06 260.43
-9.13 187.43
-0.82 274.94
20.52 337.47
22.95 372.39
9.27 357.93
-8.5 263.16
1.99 255.84
-7.14 215.32
2.78 246.27
8.03 333.66
-8.27 240.56
-2.77 259.87
7.0 269.9
-6.66 287.54
-10.3 232.69
-3.96 278.23
-1.54 279.08
5.94 349.85
-0.03 245.98
8.13 308.38
11.04 319.05
-10.89 237.01
1.19 292.74
-6.93 306.46
-3.62 256.31
-2.49 303.65
-2.54 268.13
-2.22 281.33
19.96 362.57
-5.12 247.05
13.41 355.91
7.09 315.89
-2.21 253.58
4.89 284.72
24.4 370.9
23.65 349.15
4.41 309.44
2.23 291.56
18.52 360.6
-11.88 232.79
-10.48 230.15
18.96 405.26
-3.4 303.78
8.98 299.73
13.43 342.67
-11.33 243.4
21.93 329.74
-2.83 265.88
10.62 296.87
18.86 373.48
-10.14 264.84
-10.55 282.63
4.84 301.95
16.12 338.16
3.93 201.96
15.25 312.44
15.42 333.31
9.02 301.54
7.98 291.64
18.21 383.68
5.02 301.49
0.12 274.38
-8.52 244.19
13.76 285.9
4.95 337.41
-0.39 233.65
11.35 342.84
9.48 316.57
-9.33 239.88
0.35 282.23
-5.81 256.57
-9.33 242.96
-9.05 197.91
-6.75 236.62
-3.76 273.34
6.39 286.32
17.08 332.7
21.23 379.48
24.47 311.52
12.12 288.49
-4.73 227.79
4.37 298.94
12.76 323.44
10.4 293.29
1.12 289.25
10.01 324.99
18.9 379.7
10.51 330.46
0.23 304.74
18.84 375.61
-0.4 225.31
-5.53 305.67
5.49 285.95
13.13 291.5
22.64 403.56
1.09 295.32
-6.77 269.2
9.31 298.28
-2.17 224.89
21.13 345.65
9.58 342.76
20.16 365.65
-5.08 254.02
18.24 357.24
13.17 338.01
-1.57 277.15
-3.17 260.98
12.27 288.94
11.36 296.46
-5.71 225.03
-3.03 245.47
23.99 365.91
13.51 340.38
-9.77 222.77
10.01 301.01
12.03 277.22
9.38 270.74
9.48 297.04
-5.96 211.38
1.39 289.12
11.75 300.55
22.03 391.61
11.83 347.42
17.3 318.91
15.2 333.43
-2.18 287.42
4.48 282.17
23.94 340.37
8.7 288.53
15.54 364.68
9.13 277.18
-5.3 265.17
24.46 378.83
21.09 346.43
16.14 362.97
-4.05 266.26
-1.34 285.85
19.52 368.06
6.7 257.07
24.9 407.88
14.29 341.65
1.12 268.85
21.43 365.93
3.97 280.19
15.25 339.2
24.9 398.19
14.16 325.65
1.16 293.59
17.81 377.84
0.33 265.62
18.16 347.94
-0.06 218.52
16.05 298.83
18.76 324.7
16.27 297.93
-11.14 200.28
7.89 315.81
-8.13 266.06
-1.41 269.19
0.2 293.96
15.48 320.16
9.61 301.87
-5.97 293.4
-1.64 284.22
16.07 331.26
-5.45 245.83
1.91 262.98
19.5 323.38
22.59 405.81
-1.16 279.3
12.22 351.71
-2.24 295.0
-8.16 241.7
12.71 283.12
-6.86 319.75
0.9 334.15
-5.96 242.66
-0.06 261.21
-2.55 264.54
-8.0 205.94
19.62 378.52
-8.55 237.73
21.38 407.7
3.21 247.24
10.42 322.22
22.34 396.12
-4.53 291.39
10.37 358.1
4.08 290.15
0.49 302.93
8.61 358.24
20.15 356.99
-6.99 256.64
16.87 369.3
-7.9 271.2
7.3 318.57
-0.01 334.49
17.69 311.35
6.09 329.52
6.31 340.0
22.32 352.24
-4.79 268.85
15.26 369.01
9.34 326.76
18.83 374.71
20.58 381.16
-1.36 261.96
7.4 290.06
18.68 361.43
6.33 289.37
23.75 359.19
-2.33 262.98
13.84 338.73
2.09 295.72
-1.28 317.01
-7.01 236.21
-0.79 267.1
9.36 319.23
-1.93 304.25
18.94 351.3
-0.4 246.08
-3.79 293.42
17.3 371.12
15.25 333.46
18.41 386.18
13.34 365.77
2.27 263.82
-5.1 283.96
8.1 312.74
-11.38 224.97
-2.77 240.21
1.43 305.84
-5.95 240.88
24.19 424.45
8.49 345.91
3.94 263.17
-1.91 252.69
23.95 360.6
0.08 267.3
1.84 283.81
6.37 301.86
6.32 310.52
15.76 349.9
11.42 328.96
0.41 335.88
0.59 257.45
1.86 284.26
2.6 279.53
-4.38 300.38
22.97 387.31
17.51 346.86
-3.17 237.78
23.89 338.21
8.14 309.23
22.16 415.78
23.11 406.64
18.01 368.81
8.96 343.75
24.47 335.4
4.76 323.63
22.03 392.2
-6.95 237.86
24.45 379.13
-0.65 298.15
23.38 353.35
21.13 353.24
16.37 382.92
19.32 407.16
9.46 310.04
20.88 336.49
2.92 257.93
23.46 377.74
-4.5 270.82
15.47 355.27
0.39 252.93
8.06 318.14
-6.55 275.1
-10.49 230.1
-10.84 227.3
2.12 226.25
11.03 334.98
23.21 400.31
8.91 292.38
-1.92 253.96
-1.02 274.18
-9.35 245.92
19.67 346.2
17.37 294.07
6.87 305.07
21.14 345.89
4.16 326.04
-1.18 240.93
4.81 349.84
22.17 319.97
-1.34 252.37
6.64 291.58
-3.04 270.5
18.05 379.71
-8.57 238.86
21.9 361.59
4.33 307.73
-9.67 243.9
10.16 317.69
14.0 342.97
0.08 231.68
2.75 314.05
-11.71 236.72
21.39 355.39
2.79 289.74
17.72 345.77
24.45 385.31
22.58 366.5
-4.56 213.52
1.74 292.2
-5.87 239.81
-6.7 255.82
-1.71 220.96
-11.48 197.8
16.94 357.45
8.93 307.3
7.4 299.17
24.75 384.94
6.17 292.87
23.55 331.53
17.62 372.07
8.59 281.56
-3.27 270.08
-6.05 248.32
1.47 234.86
15.83 266.01
21.39 347.3
19.09 323.34
6.54 334.75
-6.11 222.57
-1.46 292.72
10.67 297.51
21.83 400.2
17.47 346.61
9.23 318.61
22.2 369.06
8.51 321.28
-5.58 255.09
14.68 340.07
23.07 404.93
14.14 305.98
12.18 313.27
8.8 327.55
15.69 336.18
4.33 271.4
6.83 302.7
12.82 366.36
11.51 306.27
15.62 344.92
10.55 315.88
4.74 281.04
21.33 385.02
17.61 325.53
9.93 326.61
13.67 302.39
22.82 391.77
15.11 317.75
-4.79 243.35
19.13 346.92
16.1 356.07
12.52 298.79
12.41 303.72
23.21 391.89
-9.9 218.59
-8.5 247.33
11.49 373.7
22.04 382.02
16.14 348.84
-4.42 225.38
-8.02 223.39
-1.48 304.7
3.81 300.07
24.25 407.15
21.83 348.16
-5.69 233.78
17.34 339.74
8.67 312.3
2.75 303.24
-4.92 238.69
20.34 321.7
-0.46 229.6
24.75 360.34
17.72 344.97
9.2 343.72
2.66 289.37
5.2 289.29
19.22 394.52
1.77 297.85
6.81 318.85
14.02 330.02
-4.38 265.59
18.54 393.4
10.53 329.93
14.85 334.02
-4.81 288.34
0.33 262.53
3.67 306.89
16.05 322.38
0.88 267.47
-1.88 296.95
19.42 287.96
15.87 307.46
2.13 326.72
-10.25 262.48
23.89 386.18
13.79 346.34
0.31 269.18
3.22 316.67
-0.85 257.18
-5.21 208.37
21.67 368.52
0.26 302.46
5.42 375.7
6.63 336.06
5.18 319.25
-4.93 256.6
-0.33 284.19
23.99 393.92
-9.36 284.68
1.15 285.6
24.84 374.67
21.85 337.53
-4.87 293.6
8.83 314.17
9.01 311.96
3.95 295.71
6.01 318.91
8.95 280.93
16.78 345.57
-0.38 268.22
-5.17 267.29
-10.47 223.24
-5.23 262.15
17.37 345.27
9.45 318.05
15.8 376.31
22.35 335.02
24.3 374.77
3.42 284.25
-9.56 248.06
8.09 322.41
5.65 313.62
9.81 293.07
14.23 310.59
9.14 297.3
20.4 316.04
22.68 351.61
2.1 287.77
16.35 320.55
15.77 332.65
-1.76 290.44
15.39 339.84
-8.42 211.0
7.19 292.16
8.12 310.85
-2.8 246.11
17.28 317.91
20.23 346.74
4.7 317.37
1.21 336.2
19.94 356.81
6.54 277.96
-4.15 314.64
13.46 299.12
16.67 321.38
-9.99 219.01
13.8 334.17
20.43 354.58
0.04 272.78
1.56 250.45
15.21 346.82
16.1 342.61
-9.18 236.55
-8.35 258.27
14.7 355.19
6.57 336.94
24.7 344.83
-8.3 254.92
22.92 364.11
7.66 290.63
-4.25 270.79
-9.86 239.31
2.85 313.71
17.55 381.05
8.21 342.3
0.01 243.68
20.37 393.63
9.08 312.77
-8.53 247.48
21.42 422.13
-5.05 242.96
-2.72 300.19
20.6 377.4
3.23 304.47
4.97 292.75
19.54 344.31
18.82 357.16
14.15 284.36
-5.67 240.76
17.61 374.39
-0.51 253.93
10.12 327.38
18.11 377.26
5.84 252.15
5.41 314.27
16.73 311.85
22.55 370.85
-1.4 287.49
-3.19 225.7
-1.2 253.9
4.82 259.28
15.54 333.46
1.37 337.82
-2.88 301.29
24.09 364.66
24.42 391.57
14.87 333.68
20.94 304.43
2.72 260.6
4.33 304.06
13.74 268.17
2.78 305.59
2.66 265.44
-10.36 219.34
1.03 279.88
10.17 290.21
-11.57 279.53
6.35 285.56
-11.06 224.55
5.15 309.35
-4.86 242.09
-3.57 232.78
-5.07 246.8
-6.97 237.27
21.29 375.77
0.11 295.87
-4.96 209.88
15.0 317.09
20.59 361.17
-0.62 311.89
4.42 296.37
22.2 343.47
-11.36 268.06
-2.58 277.66
0.41 315.23
6.62 321.32
3.01 305.14
0.82 320.48
-6.54 266.55
-6.6 235.25
13.04 301.33
19.15 399.67
5.18 318.68
10.31 352.24
9.02 305.6
1.08 262.74
15.7 361.05
-7.41 279.73
7.84 276.13
23.92 360.64
0.23 231.06
14.08 322.71
5.8 324.61
8.82 272.39
3.33 301.89
2.92 262.55
-11.47 281.1
17.73 409.52
17.92 357.23
9.8 346.88
-9.89 231.78
0.82 301.58
13.67 309.28
-8.78 235.05
8.04 350.64
17.01 377.17
3.34 293.23
20.4 362.79
1.3 274.67
-4.6 272.88
3.21 292.65
13.12 356.91
-0.91 278.91
24.77 420.28
6.49 259.01
20.57 337.22
4.7 310.43
20.31 365.98
12.32 322.03
6.69 264.53
13.56 322.46
-0.38 254.49
1.88 242.06
8.47 312.3
0.27 269.66
5.97 312.13
10.16 326.8
5.11 293.99
-7.65 264.22
5.51 296.72
7.71 306.92
7.13 298.59
23.16 356.05
17.92 360.4
14.66 288.2
2.1 277.31
-3.86 263.41
-8.3 257.89
-3.04 279.69
-10.34 267.73
2.61 273.53
-3.14 273.38
18.92 394.87
22.72 400.6
18.25 342.21
-10.58 251.56
12.99 362.61
-0.68 284.95
12.21 319.63
11.68 334.78
24.55 331.82
5.97 326.1
-6.66 239.98
-0.83 278.71
22.13 346.39
21.59 365.15
-6.51 205.86
18.08 302.32
-11.93 225.83
-3.18 230.27
22.83 358.04
-6.76 247.42
23.11 347.48
-3.42 238.79
-9.05 229.87
7.88 292.35
7.53 318.33
9.63 330.49
-10.04 217.63
-4.83 278.3
-4.81 229.2
0.53 302.95
21.47 338.43
22.59 306.66
24.78 368.21
18.89 324.43
16.87 348.67
3.46 278.5
12.94 316.3
15.83 351.95
-10.67 244.9
-7.98 185.3
6.02 299.05
10.57 284.76
-7.76 231.94
22.83 376.02
23.29 300.86
-4.25 243.4
23.87 346.59
9.87 339.12
1.78 297.36
20.89 371.59
3.07 292.99
3.76 332.65
-7.01 248.01
-8.82 294.36
16.91 353.2
-5.35 255.78
18.94 347.24
8.12 302.66
-10.14 262.9
6.38 278.3
-2.48 281.05
-11.3 250.92
23.02 343.31
8.09 285.6
-1.7 246.97
-0.29 243.21
-7.48 255.66
1.88 242.37
10.73 304.25
22.89 380.52
6.86 298.72
-1.07 279.71
23.16 393.44
-9.04 251.81
-6.01 260.36
-8.42 248.2
6.22 330.72
-6.98 293.46
10.15 337.46
22.82 377.52
9.07 326.76
4.64 273.68
19.13 369.67
-0.03 245.72
9.11 287.78
-5.15 264.17
23.12 387.52
-7.84 260.64
21.11 376.08
-6.7 178.43
-11.74 258.54
-2.91 301.18
14.61 339.32
-4.29 271.29
10.16 308.78
-11.53 224.09
3.71 309.17
-3.09 288.51
1.36 303.85
19.98 374.07
11.08 319.83
20.14 342.06
-5.57 256.23
2.78 251.42
14.93 346.63
-7.46 239.86
11.58 272.47
9.26 326.08
19.28 338.81
-6.53 280.06
-3.55 270.45
-9.7 262.45
0.43 303.77
10.69 306.07
20.73 331.79
-9.69 243.09
-10.56 228.68
11.99 363.83
8.52 299.62
-8.47 233.09
-2.79 306.93
13.3 324.3
-8.02 258.67
10.25 328.17
11.82 335.59
12.63 344.08
19.57 346.75
17.92 366.03
6.54 286.41
-3.62 246.16
-3.98 255.86
-6.1 283.55
6.04 297.64
13.55 326.82
-10.76 232.37
17.31 369.29
4.9 341.37
12.65 324.26
0.08 280.87
17.91 348.45
20.5 385.14
-11.54 260.87
-4.74 287.97
3.08 256.06
19.36 350.75
15.48 363.24
15.77 378.61
16.33 300.9
-7.03 286.91
-9.43 199.48
-7.81 241.86
-9.58 273.27
18.37 318.35
-0.44 285.87
-6.32 267.84
19.17 367.37
20.47 409.04
9.36 329.37
0.59 273.79
0.51 288.51
1.84 240.84
-6.19 259.34
-8.94 212.53
-6.89 219.91
23.07 334.25
14.27 358.24
-3.97 232.15
6.29 297.73
8.77 309.67
0.62 297.53
23.53 346.41
3.47 283.88
4.96 252.09
-3.75 254.01
3.18 270.11
-3.31 265.56
18.95 338.66
-11.02 239.7
10.63 302.92
16.27 354.85
-1.39 271.1
-0.25 289.68
-2.47 269.6
16.53 341.09
-7.6 232.96
24.13 368.84
23.09 339.5
-11.1 195.21
-9.49 222.7
-11.75 212.37
17.04 362.07
9.48 307.92
19.28 328.16
8.18 339.93
13.29 352.33
11.29 287.82
-11.58 220.49
-10.75 267.47
-7.2 202.06
-4.01 271.74
22.24 335.46
-5.24 255.49
10.86 326.16
11.7 349.16
13.84 326.18
-0.82 253.06
1.34 318.79
2.19 298.72
4.61 285.16
20.6 360.48
11.94 334.52
-8.35 241.76
9.34 327.31
5.17 330.91
7.09 287.45
24.72 401.84
-7.23 207.9
22.12 365.85
6.59 324.18
2.74 294.99
5.83 302.74
22.23 372.47
21.08 384.29
22.47 369.26
-2.75 306.8
-6.67 237.14
3.35 284.61
-3.87 249.34
17.84 344.91
0.54 281.41
-10.9 221.19
7.22 271.34
-7.36 222.98
5.66 322.46
10.67 296.04
14.6 324.84
9.76 300.58
15.97 344.89
-11.25 258.16
1.71 275.11
-11.94 234.37
7.81 316.86
-1.94 264.72
-5.67 220.29
8.57 314.64
24.5 381.93
8.34 298.89
23.23 410.82
15.0 308.2
8.43 329.47
16.34 331.24
16.77 308.93
-7.37 298.87
-3.64 276.13
14.2 406.48
3.29 280.76
-10.42 240.71
-10.22 305.72
9.61 358.49
-2.16 284.0
12.13 353.63
6.22 273.56
16.64 338.41
8.67 318.96
1.81 275.35
-6.18 294.85
13.26 325.31
12.84 394.04
17.66 375.24
-5.24 266.6
18.11 373.39
8.19 314.62
4.0 263.49
1.46 284.12
21.58 347.96
19.45 358.75
-9.65 234.0
-1.97 307.39
6.46 340.03
-6.49 260.07
7.49 325.9
3.96 293.54
9.42 323.15
16.86 356.87
23.0 395.32
13.72 302.13
1.82 292.05
-5.43 252.66
13.55 312.62
-9.16 258.44
3.72 276.78
4.79 323.5
-5.62 251.54
18.46 357.82
6.1 306.32
-3.38 256.18
15.16 324.18
-1.03 260.92
-6.98 281.2
11.68 327.17
19.99 351.47
12.45 309.0
-9.04 273.97
14.76 327.56
3.12 259.31
-7.09 273.32
-1.21 313.51
12.46 338.55
-7.1 218.33
-5.07 244.15
-5.48 229.87
-8.81 244.06
21.24 372.78
8.2 320.59
-6.15 203.82
6.09 309.62
16.13 320.52
-6.67 246.35
