-4.8 8.82
6.26 14.84
13.38 84.1
-1.17 2.34
-5.83 10.12
13.48 70.03
7.13 69.56
-7.57 -11.88
-3.41 5.97
-4.28 9.32
-0.82 1.83
-13.98 67.02
-4.01 -25.14
14.16 -29.6
5.08 69.47
-13.87 -65.3
4.0 39.86
-2.98 -20.99
-11.94 -31.46
2.87 69.63
-9.51 17.92
-13.03 -36.43
-0.54 19.17
-0.49 -11.18
9.7 -19.64
-9.79 18.45
-0.64 0.95
-12.91 -38.6
-3.27 10.51
14.43 69.52
-7.76 -40.89
-14.78 -68.78
-6.87 69.96
-9.97 69.66
-4.54 69.53
-10.78 21.98
-3.57 7.2
-4.83 10.74
-13.7 -65.52
8.01 21.66
11.86 -23.53
-14.81 -68.66
10.3 -20.44
-2.65 67.82
-7.12 -38.97
-3.44 7.3
-5.7 69.69
13.45 43.66
-14.18 -67.16
-9.91 19.44
11.99 -22.6
6.72 69.39
3.0 -5.39
-10.9 69.32
14.33 -29.75
-6.35 -5.73
0.96 -1.5
11.91 71.22
5.38 -11.67
-10.49 19.55
-13.27 -38.38
-1.4 -16.04
-3.72 -24.99
6.77 18.41
13.68 69.4
2.37 69.19
-8.73 -45.79
-10.41 -51.54
8.24 68.96
11.53 37.0
6.92 -14.33
-5.73 11.69
-5.54 -30.42
-7.83 68.61
3.57 -6.27
-0.2 68.31
-5.63 71.42
7.49 69.28
12.88 69.95
5.13 70.71
12.65 39.33
-5.78 69.44
1.55 -3.07
12.99 41.66
11.83 77.78
13.55 86.15
-11.88 -30.49
-3.05 5.23
8.24 24.14
5.24 10.04
14.33 89.14
8.68 65.35
-4.72 -28.08
-5.8 -33.18
-7.1 14.06
-2.85 9.37
6.13 -13.83
7.9 68.82
8.13 59.34
-13.87 -63.43
-5.53 -32.99
13.94 86.55
1.63 -4.23
0.3 -1.03
-6.05 11.3
5.72 50.7
-11.02 19.89
-11.05 -54.09
6.81 69.75
2.73 -0.0
-13.49 -66.06
2.19 31.75
3.12 -4.51
7.32 -13.5
-2.14 -19.33
2.07 -2.22
14.21 -28.12
14.16 45.63
-0.23 0.67
3.37 71.69
6.34 51.7
12.29 -25.33
13.48 85.75
-12.91 25.48
13.74 87.56
11.69 37.35
8.58 24.57
-7.39 -12.39
6.84 16.48
-1.86 3.12
-3.33 -23.62
-11.5 70.9
11.56 69.77
0.6 -9.29
-5.03 71.64
-7.03 69.58
-11.33 -28.37
-8.97 17.42
-4.68 -28.87
-1.62 14.18
1.99 69.29
7.78 -15.95
10.17 -20.07
-14.32 -44.05
-11.85 -56.91
-3.58 -24.68
-5.68 10.61
7.65 67.25
8.12 24.61
-12.84 -60.31
2.04 -6.41
-0.5 70.37
5.21 68.94
11.47 -21.3
-9.45 19.91
-11.53 24.09
12.67 81.03
-10.44 -24.42
-2.98 9.3
7.86 21.64
-3.14 -22.45
-10.46 -51.46
-12.85 -35.2
2.97 1.73
-7.77 71.07
5.01 10.51
-2.19 69.73
7.94 -15.56
-4.58 3.16
-12.41 -60.21
-0.3 69.85
-5.1 0.11
-1.73 5.34
-0.37 -10.09
-10.9 -27.92
2.14 70.29
2.4 -5.05
-14.95 -70.48
-3.28 5.97
-6.69 12.34
-14.09 28.51
10.23 69.65
1.02 67.78
-12.2 24.95
-0.94 -13.13
-12.79 -60.76
13.29 83.73
-8.4 -15.7
-9.09 -19.58
-12.37 69.72
-7.4 69.01
3.6 -7.92
12.2 71.36
-14.04 28.78
6.28 -10.1
-4.22 70.37
2.0 -2.15
-12.63 -36.3
-3.45 5.59
-11.37 -30.17
-10.16 -49.87
3.7 41.98
-0.49 21.96
-4.12 8.74
-14.77 -68.36
-6.59 -36.01
-8.71 -16.62
-9.32 -20.24
13.68 70.89
2.93 -6.26
-0.73 0.88
-6.06 -32.81
-3.65 70.81
-0.6 -13.19
2.1 33.05
7.77 -14.07
10.64 70.5
-2.51 68.7
-6.91 71.48
-10.54 -25.21
-2.99 5.9
-7.1 -10.39
11.8 70.31
11.22 32.84
5.52 -10.97
5.59 -11.78
-11.41 22.27
-1.93 13.67
3.78 4.61
-13.4 -62.37
6.24 14.81
7.89 22.35
0.05 1.64
8.71 -18.85
-8.86 17.27
11.05 -21.98
3.85 41.91
10.89 -18.63
9.78 30.35
5.81 -12.07
-3.49 70.46
-14.85 29.44
14.25 89.08
3.75 70.45
1.22 -1.75
8.44 70.47
4.04 71.98
-14.2 69.98
8.93 71.23
13.61 85.61
-1.18 -14.03
-4.83 9.62
10.16 29.33
-9.31 -20.68
-13.5 26.59
0.45 26.46
5.25 -10.51
-13.55 -38.68
5.37 70.42
-10.71 68.29
14.39 -29.39
10.97 32.89
3.87 39.68
-8.16 -15.32
10.95 33.71
-2.26 71.21
14.63 48.81
4.56 44.33
14.78 -29.1
-5.97 -35.41
7.65 -14.41
9.18 71.08
-8.48 14.73
4.82 70.01
0.13 69.79
2.9 1.9
-14.05 27.82
13.34 84.48
0.6 71.73
10.9 72.6
-13.34 -39.86
-14.8 -43.4
-4.92 10.71
9.75 -21.0
4.69 69.38
4.19 -8.42
-13.12 -37.7
7.0 -14.35
8.44 63.06
0.61 -6.88
-0.16 -11.76
6.13 49.38
-14.69 70.25
-1.22 17.6
-13.85 -39.85
5.99 12.46
4.22 70.98
-14.15 71.14
-2.63 71.01
12.03 71.0
-5.09 -30.84
0.32 -9.85
7.15 70.4
-9.09 -19.0
6.29 69.26
-0.12 68.28
2.73 69.88
10.02 70.66
-11.62 23.34
4.06 41.45
13.46 86.07
-4.16 70.9
4.06 -7.87
4.6 -9.69
-11.93 -32.02
4.61 9.39
-7.14 -38.59
-14.87 29.86
8.75 25.41
13.01 -26.49
-12.93 -36.6
3.89 3.98
-9.6 -47.39
13.37 -27.34
-9.41 69.6
13.48 -28.23
-4.16 -26.9
10.87 69.02
4.43 43.0
-13.99 -41.61
5.96 -12.08
7.19 68.03
-4.51 2.04
-8.77 -19.19
-13.16 71.33
7.54 20.68
-5.52 -2.04
8.24 69.04
-6.77 -37.66
-1.75 69.22
10.4 -20.16
-5.11 68.9
-13.98 -65.31
6.37 15.07
7.05 54.64
-8.49 71.0
-0.07 0.28
-5.94 12.17
-5.31 69.0
-11.58 -30.17
-7.79 -40.47
-0.93 1.58
-9.34 -20.34
9.99 69.81
-8.97 16.71
-7.12 69.48
-0.26 69.81
-7.36 16.83
-7.57 -40.23
12.15 77.64
-4.38 69.38
-9.19 -19.37
9.44 66.02
-2.6 69.57
-10.32 -23.36
-4.72 -27.91
-3.58 -23.57
-12.18 -32.91
-4.45 2.18
9.67 66.63
14.66 48.25
13.24 43.07
-14.02 28.88
-14.19 69.22
-6.08 70.34
-1.03 -14.54
3.59 69.4
14.13 68.6
2.6 67.39
10.41 -21.44
13.7 67.98
11.13 69.61
-9.4 -20.08
-1.58 70.5
9.3 65.94
3.81 4.22
14.01 44.51
-0.85 -12.99
-7.69 71.03
-14.88 70.05
-7.55 13.79
12.38 69.78
10.83 35.27
12.75 71.5
-3.61 70.13
14.78 -28.26
-8.34 15.88
1.36 -1.93
10.75 -19.28
-8.79 -15.31
1.15 -4.7
10.25 69.5
11.74 74.56
12.61 40.01
10.67 73.23
-11.87 -56.86
-14.91 72.06
-9.15 -47.22
6.65 53.02
7.81 -15.23
-11.87 -56.52
-0.38 70.51
-2.58 70.23
3.06 35.5
4.45 -9.31
5.83 12.44
-14.7 -45.41
-7.73 -41.13
-0.72 -11.87
0.17 -0.67
-10.13 18.76
4.93 10.15
-0.17 -10.38
11.17 69.2
8.26 -14.94
0.15 -1.09
13.79 -27.88
-2.39 71.03
13.35 69.14
-12.18 -31.77
-13.87 -66.11
14.6 90.95
0.82 -0.9
-11.03 70.89
-3.93 -25.01
-11.17 70.92
0.05 -8.43
-11.69 23.49
-9.38 67.81
14.63 49.0
9.87 -20.58
-1.02 1.84
-9.56 -48.54
7.39 57.61
12.45 39.77
-5.22 70.62
-1.87 -15.67
-8.93 20.58
-3.55 5.8
4.61 70.02
8.35 -17.05
0.41 69.99
-8.87 -46.24
3.41 2.75
13.48 -26.37
-10.64 71.41
0.06 21.16
-5.57 71.41
3.35 71.5
-7.4 -11.52
2.25 34.24
7.99 20.84
-6.43 -35.36
8.5 69.27
-10.5 -53.34
-4.26 8.86
10.65 -20.96
6.71 16.81
-1.25 1.81
-1.34 -16.07
-7.09 70.6
10.42 70.2
-3.69 6.63
9.59 64.96
-13.25 69.38
-5.91 11.71
-4.48 1.73
3.19 39.69
10.36 71.9
13.23 85.56
-4.42 9.3
-14.14 68.9
-11.59 -32.53
5.31 -9.96
3.11 -5.88
12.99 -26.67
9.81 69.83
7.82 70.21
-10.34 -25.23
9.11 -17.96
-14.83 -46.23
14.92 50.09
-9.06 69.85
-0.45 0.53
1.62 30.32
4.46 44.36
1.12 -5.72
-9.42 70.99
2.82 35.7
3.68 41.09
11.63 68.82
-2.44 70.38
14.24 -29.86
-9.14 20.33
14.57 91.08
3.21 39.51
-9.22 20.27
13.01 40.85
12.81 69.95
-0.38 -11.81
13.24 42.51
1.51 -5.71
8.38 71.0
-9.95 -48.11
-2.1 4.73
-11.32 21.4
-4.09 5.18
-4.95 -0.76
-9.77 18.57
13.31 68.82
-13.36 27.23
-7.09 -38.77
12.28 37.87
5.69 -11.12
5.45 48.55
-11.3 69.44
11.99 38.16
-4.94 -29.28
3.48 71.01
-12.81 25.24
14.8 69.28
-14.1 69.16
-4.6 71.17
10.0 69.24
10.41 67.71
7.92 60.74
7.23 -13.82
-9.67 -21.08
-4.96 70.67
-4.04 7.05
-12.29 70.05
3.26 38.73
-13.13 68.28
-10.24 19.64
-6.25 -34.75
-7.9 -40.39
8.46 61.87
-0.2 22.74
-2.89 71.3
4.46 8.79
-0.82 21.1
7.17 56.97
9.19 63.69
-8.41 15.76
-8.0 -13.81
-11.07 -53.37
-14.41 -68.11
-0.85 -12.13
-7.24 15.09
8.86 24.52
6.3 -11.8
-5.98 12.39
3.13 38.23
-3.53 -25.03
-10.78 -53.53
-13.45 -62.6
7.89 70.4
-6.95 -9.92
-0.7 1.79
13.17 69.18
-13.3 70.1
-4.95 -29.71
8.96 65.27
12.18 38.5
-9.14 19.39
-13.95 -65.68
4.36 7.17
14.64 91.61
-13.89 27.67
-6.95 13.83
1.06 -4.93
7.13 71.21
-2.77 70.61
-14.13 -41.5
8.0 59.35
9.77 70.03
1.32 30.51
8.29 59.43
7.28 19.04
7.01 -12.96
-7.96 70.52
14.11 -27.37
13.73 69.16
9.77 -18.95
-7.94 -13.64
-13.73 -66.88
-11.79 -32.56
-12.26 -58.84
4.86 46.13
-12.42 -59.36
-4.62 9.58
6.5 53.27
10.84 -21.91
14.51 -28.61
-1.03 17.0
7.62 70.51
7.58 18.52
3.28 38.5
13.8 86.39
9.82 70.64
11.83 -24.16
-8.82 18.73
9.64 66.38
2.49 35.8
-12.74 -35.49
-12.53 -35.43
-4.97 10.76
5.01 9.95
5.73 -10.61
-15.0 70.19
6.03 70.68
-6.69 14.17
6.79 54.79
13.1 42.01
-11.18 69.69
2.64 -1.15
-1.36 -13.84
0.59 -7.85
-2.39 71.0
-12.08 71.38
-7.61 68.39
-3.69 7.51
0.85 69.34
12.28 69.77
6.48 52.05
-2.14 5.51
-1.73 13.51
5.72 48.97
7.58 19.8
-12.11 -33.8
-3.73 69.62
10.57 -20.37
2.63 35.4
5.67 12.48
-3.96 7.97
-10.13 -51.24
-12.39 -32.84
0.66 69.05
-0.49 68.7
-2.92 10.23
-7.99 68.42
13.44 -25.82
-3.74 7.01
1.77 69.55
-3.97 4.98
-9.8 21.2
9.57 -19.18
0.65 24.51
-12.99 69.22
3.47 -6.64
-9.07 70.83
14.75 49.17
-8.46 -41.47
-7.66 71.25
1.22 28.79
-0.22 0.25
-10.94 -54.82
-6.42 13.38
9.48 26.2
-11.11 21.49
2.88 0.76
3.33 -6.23
6.72 17.36
-6.13 -6.66
10.63 29.8
12.66 -27.02
-5.64 -2.0
2.83 71.71
-13.48 -38.81
12.93 -25.29
10.77 35.16
-9.86 -21.68
-9.55 69.21
-5.12 7.93
1.89 30.83
-7.25 -11.99
13.88 -27.96
-13.6 70.72
-9.1 18.48
-14.3 -69.71
7.87 22.34
-10.59 18.89
-0.58 20.69
2.79 37.73
-10.4 67.05
11.21 74.6
3.11 37.9
-3.06 69.68
14.04 -29.15
9.61 -19.51
-4.81 10.43
1.18 28.69
0.31 24.56
-12.64 71.02
8.5 24.24
6.36 -12.03
5.59 -10.58
-1.02 2.49
-1.72 68.24
-8.1 17.39
11.82 77.34
-5.33 69.76
6.77 70.14
-11.16 -27.95
-3.06 -22.24
1.85 -2.69
-10.17 -24.95
12.4 38.6
9.86 67.83
11.29 75.19
-4.38 -27.93
-12.9 -59.52
1.45 31.28
1.82 30.65
-14.2 -65.05
-6.48 -6.31
1.05 70.87
-12.82 -61.36
13.85 86.46
13.11 69.59
-14.57 -67.96
11.05 34.5
-3.54 4.96
9.83 30.37
7.78 -15.37
6.24 51.13
4.46 8.14
-10.84 -26.54
11.22 71.25
-1.38 16.03
5.83 70.54
-14.19 -65.41
13.84 45.78
7.39 70.27
-0.88 -12.96
-5.37 -31.09
-12.98 70.85
-4.44 69.21
8.31 69.12
-13.76 29.28
-5.5 -30.13
-4.73 70.38
-13.26 -61.82
-12.51 -59.77
-4.77 -28.85
4.35 7.07
3.42 -6.31
0.66 -6.68
2.53 68.67
9.06 67.91
3.72 39.16
12.39 40.48
-14.32 -43.87
-2.92 70.37
-3.76 6.1
-3.64 69.99
11.51 36.66
-12.43 70.57
-5.53 -2.97
-1.32 68.9
14.58 92.17
4.68 69.36
5.7 48.23
14.25 46.8
-12.81 25.05
-6.48 -35.22
-7.78 -43.16
3.41 68.63
12.64 42.31
13.75 45.04
-9.29 -48.63
-5.49 -3.53
-7.88 -41.57
-4.13 3.59
0.08 -1.26
-8.1 71.38
-7.88 14.79
-11.99 71.24
-8.62 -43.95
6.69 69.41
13.51 85.61
0.09 -2.01
-1.81 3.52
-8.92 -16.71
9.2 27.99
-9.81 -19.69
13.48 69.95
3.24 70.99
-0.09 1.14
-3.23 5.27
-12.29 70.1
11.23 35.74
5.85 -12.94
-2.9 9.7
-11.66 22.66
5.72 -12.36
-4.66 9.9
7.99 59.58
11.59 70.68
6.11 69.99
-11.43 25.11
9.51 71.07
11.34 68.95
6.8 69.3
-14.03 -41.52
-4.2 69.29
8.94 70.58
-6.91 69.4
-10.97 21.1
8.43 -15.83
13.76 87.44
-1.59 -17.09
3.2 36.78
5.93 12.8
-14.0 -42.37
11.33 35.12
-14.8 69.14
13.49 69.54
-13.94 71.71
-5.96 -4.85
3.37 3.02
9.49 69.23
-9.11 70.04
3.38 -5.86
3.52 3.1
1.15 -2.56
-7.71 -11.04
-5.73 12.04
8.6 70.2
8.13 59.8
-6.48 13.14
7.1 56.4
-8.12 -43.66
-5.89 -3.43
13.66 69.33
14.59 89.17
3.98 -9.32
2.88 68.38
-11.9 24.27
-7.22 71.02
-12.9 69.49
2.97 1.48
4.17 43.75
12.42 -25.43
13.19 -25.25
2.89 36.65
4.27 42.9
2.8 1.72
12.41 81.4
0.19 69.25
-10.34 -51.25
-10.8 -53.13
8.09 -15.34
-3.8 6.91
3.17 36.98
-7.16 71.1
3.95 69.87
-14.3 71.14
-3.78 71.88
13.94 -27.01
-12.05 23.3
9.43 66.1
6.81 -14.34
-9.9 -49.35
2.98 70.0
-7.7 -39.9
-7.64 70.14
2.48 33.61
12.48 78.99
3.3 3.78
7.87 68.55
0.13 0.34
-11.83 -54.59
4.25 6.13
-14.91 -46.49
8.5 61.21
-4.27 6.03
8.37 70.8
7.21 -15.42
8.65 71.2
1.88 31.39
-9.23 -48.14
-6.04 13.25
-12.18 -33.26
10.24 70.72
-13.92 -41.35
10.07 -21.63
1.41 30.19
13.85 87.89
-7.98 -13.27
-0.94 0.76
-0.53 -12.27
-0.5 20.94
13.33 83.72
-1.86 14.84
-0.49 20.52
-2.36 3.73
7.55 69.86
-9.19 -19.31
-6.03 -36.57
-7.19 -9.65
-6.11 67.63
-7.29 -38.83
12.22 -23.98
6.41 15.85
11.92 70.02
-0.2 -12.13
-3.5 7.0
-13.89 27.76
-4.87 0.98
-11.41 69.37
4.15 70.89
-11.18 -27.12
11.18 -20.86
6.09 49.16
-6.44 12.68
-8.07 68.17
5.73 68.74
7.24 19.29
-2.43 70.24
6.72 68.38
6.76 -14.55
-9.28 19.44
-12.6 -35.1
0.54 24.64
-6.4 -6.65
-11.73 -30.72
7.81 20.13
4.54 44.6
-9.41 -48.25
-14.85 -68.64
-8.92 17.67
13.61 87.33
-10.67 -25.89
13.56 86.27
-9.78 70.08
-3.22 7.53
-5.9 -4.61
-0.86 0.94
2.1 -2.7
10.15 30.79
6.31 69.8
6.1 -13.32
-7.0 -8.58
0.34 70.03
-14.89 -70.07
14.47 -27.1
-0.41 70.13
-0.79 1.19
-14.83 -45.47
8.67 69.62
-6.63 -37.11
14.96 -30.04
-13.99 68.71
2.83 69.63
-11.23 -54.0
3.98 -8.2
-5.69 -2.98
-0.37 0.74
-14.97 31.2
-3.81 6.61
-8.66 19.9
-8.24 -16.04
9.37 69.09
2.34 69.28
0.61 24.24
-10.97 -27.64
11.54 74.45
10.58 32.28
6.98 -14.38
4.92 -10.92
-0.45 1.02
5.85 -10.53
1.96 -4.84
-0.86 19.42
14.18 -29.28
11.22 73.19
-8.05 69.03
12.39 41.83
10.01 69.99
-9.63 70.22
-11.19 70.58
-7.54 -39.65
-8.02 -41.22
7.39 -14.52
-14.97 -69.81
-8.77 16.34
4.47 44.93
-14.37 28.92
-8.56 -16.04
14.77 50.19
-13.54 -63.82
11.47 -21.99
-1.37 70.45
4.03 -7.26
-5.1 -29.46
11.76 -22.96
13.76 -27.06
-7.07 -37.8
13.36 70.92
8.4 59.77
-12.38 70.09
-11.4 23.44
-5.84 11.44
-5.44 -2.36
0.13 22.82
-12.92 -61.53
-6.93 69.68
1.34 -5.33
4.13 70.23
-1.05 68.8
-6.3 10.17
-6.19 -35.16
9.87 68.25
14.07 45.42
12.08 39.16
2.6 -6.27
-12.31 -33.34
-3.93 5.39
-7.23 -9.73
14.2 87.78
-6.43 -36.53
10.27 70.83
6.78 -14.07
3.17 70.83
-5.54 10.95
-10.29 -24.17
-8.52 16.99
4.22 69.54
8.62 70.37
-4.35 9.61
-2.37 70.41
-5.95 70.5
10.37 -22.12
2.05 -2.68
7.26 70.19
0.74 68.61
-10.22 -51.76
0.94 70.46
-11.8 -31.73
-5.74 69.43
-4.99 0.82
1.25 70.49
-2.02 70.22
3.02 71.09
-6.41 -37.53
-5.4 70.95
6.84 52.95
-5.86 12.05
-3.24 -22.32
9.06 25.5
12.35 39.67
-3.83 -26.65
0.67 25.25
11.43 -24.61
-2.51 71.55
14.23 70.64
1.16 -5.27
0.29 69.34
7.33 18.99
7.47 71.24
-4.11 9.17
7.95 58.4
-7.25 -39.82
10.77 72.28
-12.89 -60.42
-4.92 -29.87
-3.03 10.13
-9.79 70.21
10.44 30.47
10.82 73.43
-4.83 0.83
-9.59 69.69
7.33 69.29
-8.3 69.52
14.37 47.34
8.65 65.07
-6.24 -6.22
2.43 34.31
0.81 -3.12
-5.06 11.04
0.74 28.32
-9.64 -20.46
14.98 91.76
8.93 64.84
-2.36 68.29
-10.86 71.53
14.39 47.29
-9.2 70.83
0.72 -6.99
13.31 71.08
0.12 21.43
-12.9 26.17
-2.63 11.81
7.7 -14.52
-3.57 9.3
-13.01 -62.57
7.63 58.64
13.71 -29.72
-4.77 68.99
-3.65 8.62
5.45 49.87
5.47 11.77
3.44 37.72
-0.98 69.72
-6.69 -34.97
13.69 45.12
1.11 69.76
-6.89 -37.34
-14.67 -69.55
1.95 -4.55
2.7 0.26
14.64 -28.4
1.47 -5.44
5.01 70.24
-0.42 -10.47
-13.68 24.09
14.1 44.52
13.58 42.77
-7.41 -40.16
14.68 48.17
-12.06 25.17
7.78 -15.72
3.14 69.36
-5.56 -34.42
3.49 69.57
-9.92 18.39
-9.84 19.89
-10.94 -53.04
-13.98 -64.69
-10.84 -25.51
-8.27 -43.31
3.04 68.22
4.53 69.19
-1.29 -14.77
-11.31 -29.37
3.71 6.31
-0.7 19.15
5.06 69.72
-13.27 68.34
-3.24 -23.11
10.95 -20.75
7.33 55.3
-5.34 10.55
-4.35 70.87
-12.43 -60.03
0.4 -8.28
-6.43 -6.37
-13.98 -41.43
-9.99 19.08
-1.59 3.84
7.39 18.2
10.51 31.86
12.74 71.34
-7.89 -43.55
8.03 23.04
14.12 48.73
-12.82 -60.46
4.34 -8.31
3.09 70.82
-5.67 -32.58
2.71 69.17
-2.59 4.16
-6.11 -33.55
5.93 70.32
9.03 63.31
-13.83 -41.85
9.55 -17.88
5.66 13.58
12.7 69.06
-3.1 8.12
13.73 87.5
12.55 -24.96
4.32 -7.81
14.69 -30.68
-14.65 -70.66
-5.25 69.2
-6.91 -36.53
-9.16 69.85
-2.04 12.7
7.6 57.9
2.37 -1.77
7.31 69.39
-10.27 21.45
-10.31 68.76
2.37 70.96
1.92 31.82
1.82 -5.64
-4.07 -26.53
-10.12 20.29
