9.87 -20.58
6.13 -13.83
11.18 -20.86
2.04 -6.41
11.76 -22.96
1.15 -2.56
13.88 -27.96
5.81 -12.07
-1.02 1.84
-4.92 10.71
-11.9 24.27
0.82 -0.9
7.81 -15.23
14.39 -29.39
-3.96 7.97
-4.11 9.17
-10.13 18.76
8.35 -17.05
-4.27 6.03
-3.55 5.8
-5.91 11.71
-3.57 9.3
14.47 -27.1
-5.12 7.93
-4.66 9.9
-0.73 0.88
-14.97 31.2
0.09 -2.01
-6.05 11.3
5.96 -12.08
-8.77 16.34
-9.91 19.44
9.55 -17.88
-9.14 20.33
3.47 -6.64
-3.05 5.23
9.75 -21.0
11.47 -21.3
12.66 -27.02
14.78 -29.1
-2.14 5.51
5.38 -11.67
3.98 -8.2
2.6 -6.27
-1.25 1.81
-8.41 15.76
-4.04 7.05
14.78 -28.26
-10.78 21.98
4.34 -8.31
1.82 -5.64
-3.45 5.59
-9.84 19.89
14.51 -28.61
13.01 -26.49
-14.85 29.44
3.6 -7.92
5.52 -10.97
10.75 -19.28
-0.82 1.83
0.81 -3.12
7.0 -14.35
-0.37 0.74
10.95 -20.75
9.57 -19.18
4.03 -7.26
-7.55 13.79
-0.86 0.94
8.09 -15.34
0.3 -1.03
-7.24 15.09
1.95 -4.55
-10.27 21.45
-10.97 21.1
7.94 -15.56
9.77 -18.95
-2.59 4.16
-0.45 0.53
-5.34 10.55
13.19 -25.25
4.6 -9.69
10.3 -20.44
11.05 -21.98
-12.05 23.3
-14.05 27.82
-9.8 21.2
-5.98 12.39
13.44 -25.82
-6.3 10.17
13.71 -29.72
4.45 -9.31
-3.69 7.51
5.85 -10.53
-13.76 29.28
3.33 -6.23
2.4 -5.05
-3.65 8.62
-8.92 17.67
-11.02 19.89
-4.83 10.74
3.0 -5.39
-7.36 16.83
-4.42 9.3
-0.79 1.19
-0.09 1.14
13.48 -28.23
-2.99 5.9
10.07 -21.63
7.78 -15.72
11.86 -23.53
4.19 -8.42
3.98 -9.32
-14.87 29.86
11.83 -24.16
-5.73 12.04
-6.48 13.14
-9.77 18.57
12.99 -26.67
6.92 -14.33
10.84 -21.91
14.69 -30.68
-11.69 23.49
2.05 -2.68
-10.59 18.89
-6.44 12.68
-9.92 18.39
-8.86 17.27
-8.52 16.99
-8.82 18.73
0.13 0.34
11.47 -21.99
-5.54 10.95
-14.09 28.51
6.76 -14.55
-9.14 19.39
-12.81 25.24
-14.37 28.92
13.94 -27.01
7.65 -14.41
10.4 -20.16
14.64 -28.4
-9.1 18.48
-5.84 11.44
4.06 -7.87
-9.79 18.45
5.85 -12.94
-4.8 8.82
-5.86 12.05
12.29 -25.33
-1.81 3.52
8.26 -14.94
10.41 -21.44
13.48 -26.37
5.59 -11.78
9.61 -19.51
-4.35 9.61
-5.06 11.04
4.32 -7.81
0.08 -1.26
-3.28 5.97
-13.89 27.76
-3.41 5.97
7.01 -12.96
-6.69 12.34
1.96 -4.84
-9.45 19.91
-5.83 10.12
-0.93 1.58
0.96 -1.5
-0.94 0.76
4.92 -10.92
-7.1 14.06
-6.04 13.25
-5.73 11.69
-8.97 17.42
8.71 -18.85
-8.93 20.58
8.43 -15.83
7.78 -15.37
-8.48 14.73
-1.73 5.34
-10.12 20.29
-6.42 13.38
-0.22 0.25
3.12 -4.51
3.38 -5.86
-4.26 8.86
0.17 -0.67
-13.68 24.09
7.21 -15.42
-1.17 2.34
13.37 -27.34
-2.1 4.73
-10.24 19.64
-13.89 27.67
12.22 -23.98
11.99 -22.6
1.22 -1.75
5.69 -11.12
5.72 -12.36
1.36 -1.93
-12.06 25.17
-6.69 14.17
-6.95 13.83
-11.32 21.4
-3.22 7.53
-4.28 9.32
-0.45 1.02
10.89 -18.63
9.7 -19.64
10.17 -20.07
3.57 -6.27
-12.9 26.17
5.59 -10.58
3.11 -5.88
-3.81 6.61
14.21 -28.12
3.42 -6.31
7.7 -14.52
6.36 -12.03
9.11 -17.96
6.81 -14.34
-14.04 28.78
-3.23 5.27
-0.7 1.79
7.78 -15.95
7.32 -13.5
-9.51 17.92
-0.64 0.95
13.76 -27.06
-13.5 26.59
-8.97 16.71
-14.02 28.88
-11.62 23.34
14.24 -29.86
13.79 -27.88
14.04 -29.15
-3.44 7.3
-8.1 17.39
-11.43 25.11
5.73 -10.61
14.18 -29.28
5.25 -10.51
-8.66 19.9
-5.68 10.61
6.1 -13.32
-1.86 3.12
-4.81 10.43
-4.83 9.62
2.0 -2.15
-4.12 8.74
-9.22 20.27
-4.62 9.58
-11.66 22.66
10.37 -22.12
7.23 -13.82
-9.28 19.44
0.05 1.64
-3.57 7.2
14.16 -29.6
-12.81 25.05
-12.2 24.95
-11.11 21.49
6.98 -14.38
14.96 -30.04
1.63 -4.23
-7.88 14.79
-13.36 27.23
6.78 -14.07
12.55 -24.96
12.93 -25.29
-0.07 0.28
-11.4 23.44
14.11 -27.37
-1.02 2.49
7.39 -14.52
-0.23 0.67
10.57 -20.37
2.93 -6.26
-11.41 22.27
6.28 -10.1
11.43 -24.61
-1.59 3.84
-4.97 10.76
12.42 -25.43
-3.8 6.91
7.77 -14.07
10.65 -20.96
-9.99 19.08
-2.36 3.73
-12.91 25.48
-8.34 15.88
6.3 -11.8
14.33 -29.75
5.31 -9.96
-11.53 24.09
-5.94 12.17
0.15 -1.09
1.55 -3.07
-10.49 19.55
