-11.59 -32.53
1.32 30.51
-10.32 -23.36
-9.31 -20.68
0.12 21.43
5.72 48.97
-14.0 -42.37
2.79 37.73
-2.9 9.7
-8.24 -16.04
13.85 87.89
-6.4 -6.65
-5.89 -3.43
-13.12 -37.7
-3.5 7.0
3.28 38.5
-7.94 -13.64
11.82 77.34
-11.8 -31.73
-8.0 -13.81
0.61 24.24
-6.43 -6.37
0.65 24.51
6.84 52.95
1.62 30.32
-9.86 -21.68
-10.97 -27.64
5.7 48.23
6.79 54.79
-5.69 -2.98
-13.85 -39.85
-3.27 10.51
0.54 24.64
9.44 66.02
3.17 36.98
5.45 48.55
-7.1 -10.39
8.4 59.77
14.57 91.08
0.13 22.82
-4.95 -0.76
8.29 59.43
-1.62 14.18
-10.17 -24.95
4.27 42.9
-5.9 -4.61
-12.11 -33.8
-14.91 -46.49
-9.32 -20.24
-7.19 -9.65
8.68 65.35
10.9 72.6
14.2 87.78
4.46 44.36
-14.32 -43.87
-14.13 -41.5
9.67 66.63
8.0 59.35
13.61 87.33
-1.93 13.67
-11.33 -28.37
-12.31 -33.34
-1.38 16.03
-12.93 -36.6
-0.49 20.52
-13.92 -41.35
7.39 57.61
13.61 85.61
-5.64 -2.0
9.03 63.31
6.24 51.13
1.45 31.28
3.87 39.68
-1.86 14.84
-7.23 -9.73
4.56 44.33
10.23 69.65
8.65 65.07
-9.4 -20.08
2.89 36.65
-12.6 -35.1
-14.7 -45.41
4.0 39.86
-13.98 -41.43
13.76 87.44
-0.5 20.94
-5.1 0.11
10.01 69.99
7.6 57.9
-8.77 -19.19
-8.16 -15.32
-8.79 -15.31
9.86 67.83
5.45 49.87
-7.71 -11.04
5.72 50.7
11.74 74.56
-4.87 0.98
8.93 64.84
4.17 43.75
-9.34 -20.34
-4.99 0.82
7.99 59.58
-7.57 -11.88
2.1 33.05
6.34 51.7
3.21 39.51
3.19 39.69
14.58 92.17
8.96 65.27
9.59 64.96
-8.56 -16.04
-2.98 9.3
3.11 37.9
-3.69 6.63
-14.83 -45.47
-4.09 5.18
-5.49 -3.53
3.06 35.5
9.3 65.94
-12.91 -38.6
-0.49 21.96
13.23 85.56
13.94 86.55
1.22 28.79
-10.9 -27.92
10.82 73.43
7.05 54.64
3.68 41.09
4.47 44.93
-1.73 13.51
2.19 31.75
-11.73 -30.72
14.6 90.95
-5.44 -2.36
11.21 74.6
-6.48 -6.31
-4.51 2.04
2.49 35.8
9.19 63.69
-8.92 -16.71
-3.76 6.1
-10.29 -24.17
12.15 77.64
4.54 44.6
-5.52 -2.04
2.63 35.4
-7.0 -8.58
6.13 49.38
7.92 60.74
0.06 21.16
10.24 70.72
-10.84 -25.51
-9.67 -21.08
-11.93 -32.02
3.26 38.73
7.95 58.4
3.7 41.98
-9.81 -19.69
-0.82 21.1
-13.34 -39.86
13.73 87.5
-7.25 -11.99
13.34 84.48
14.33 89.14
9.43 66.1
11.83 77.78
10.36 71.9
-5.53 -2.97
1.89 30.83
7.63 58.64
12.48 78.99
3.72 39.16
2.48 33.61
-13.83 -41.85
3.13 38.23
0.67 25.25
-7.39 -12.39
9.87 68.25
-4.13 3.59
11.54 74.45
-13.48 -38.81
-11.16 -27.95
-9.19 -19.31
-12.53 -35.43
-9.09 -19.0
-11.58 -30.17
13.48 85.75
13.33 83.72
-12.39 -32.84
-9.09 -19.58
-10.84 -26.54
-13.03 -36.43
12.67 81.03
-1.22 17.6
8.5 61.21
-14.83 -46.23
-11.79 -32.56
-14.03 -41.52
0.45 26.46
-3.03 10.13
-2.92 10.23
-8.71 -16.62
13.55 86.15
11.22 73.19
9.64 66.38
13.51 85.61
1.82 30.65
-14.32 -44.05
13.85 86.46
14.98 91.76
-6.35 -5.73
-4.58 3.16
3.44 37.72
4.43 43.0
-11.31 -29.37
-3.54 4.96
-0.7 19.15
6.09 49.16
-1.03 17.0
8.13 59.34
-0.86 19.42
2.82 35.7
9.99 69.81
-0.58 20.69
1.41 30.19
10.77 72.28
10.67 73.23
2.43 34.31
6.48 52.05
-3.1 8.12
7.1 56.4
-0.2 22.74
-12.18 -32.91
-2.85 9.37
-9.19 -19.37
-4.48 1.73
8.44 63.06
-6.24 -6.22
7.17 56.97
-13.99 -41.61
4.86 46.13
-10.44 -24.42
-3.97 4.98
13.29 83.73
-8.4 -15.7
3.2 36.78
-12.18 -31.77
1.18 28.69
13.38 84.1
-9.64 -20.46
-2.04 12.7
8.46 61.87
6.65 53.02
-7.4 -11.52
6.5 53.27
-5.96 -4.85
-7.98 -13.27
4.06 41.45
-12.18 -33.26
-13.27 -38.38
-11.37 -30.17
10.42 70.2
-4.45 2.18
13.46 86.07
-11.88 -30.49
3.85 41.91
-11.18 -27.12
11.29 75.19
0.74 28.32
-12.63 -36.3
-11.94 -31.46
-3.74 7.01
-12.74 -35.49
13.74 87.56
-3.93 5.39
-14.8 -43.4
1.88 31.39
0.31 24.56
-12.85 -35.2
-0.54 19.17
-10.67 -25.89
13.8 86.39
12.41 81.4
1.92 31.82
14.64 91.61
-13.55 -38.68
8.13 59.8
-2.63 11.81
-6.13 -6.66
-4.83 0.83
-6.95 -9.92
14.25 89.08
2.25 34.24
7.33 55.3
-10.54 -25.21
-10.34 -25.23
10.27 70.83
14.59 89.17
13.56 86.27
