6.91 16.8
2.2 11.58
2.15 7.42
15.49 20.84
4.16 10.45
10.25 18.85
9.15 15.85
2.39 6.83
9.97 15.97
6.72 14.35
16.45 23.1
5.18 14.17
9.96 15.88
3.96 11.97
11.59 18.52
13.2 23.04
14.87 20.92
13.58 19.87
9.06 14.43
16.21 26.56
3.27 10.13
8.93 16.14
3.0 10.98
11.44 18.95
4.55 10.44
7.3 13.34
4.64 8.76
11.56 18.64
13.67 17.61
16.0 25.19
12.48 19.75
14.72 21.92
6.72 13.64
12.11 18.33
3.44 9.97
12.12 16.82
12.82 22.45
3.34 8.81
12.95 18.68
11.53 16.03
3.2 10.52
5.01 10.76
16.65 20.71
7.83 14.33
13.47 18.78
3.09 8.95
15.11 22.59
15.22 20.62
12.65 21.2
2.28 8.88
16.83 23.48
16.49 21.16
14.63 21.43
13.19 20.81
4.27 12.29
8.82 14.64
9.88 17.62
7.88 12.95
4.53 12.19
14.49 20.37
10.71 17.62
5.63 10.9
8.61 14.98
4.34 11.49
15.6 20.14
13.69 17.13
2.88 10.16
16.2 24.89
2.81 12.61
15.03 24.5
15.34 25.4
15.54 21.87
16.74 22.29
16.72 22.75
5.97 16.31
15.78 22.51
13.23 22.56
13.52 21.04
8.3 16.58
3.02 10.18
11.71 19.59
10.44 16.77
13.82 24.98
7.61 16.07
2.73 8.33
3.71 11.08
15.89 22.79
14.15 20.39
10.04 17.89
16.01 23.01
3.78 10.56
15.31 22.39
10.77 18.95
2.63 8.44
6.73 13.56
12.56 20.57
6.46 13.48
15.28 19.98
6.93 12.85
5.74 14.36
5.04 16.59
9.68 16.08
4.12 8.68
9.2 16.92
2.17 9.49
4.15 9.29
7.19 16.19
13.77 22.58
7.37 16.8
8.93 14.78
6.95 15.59
16.14 23.46
15.15 18.74
4.21 8.37
2.52 8.96
2.4 8.87
11.54 17.67
7.88 14.07
6.4 15.37
8.23 15.46
9.31 20.17
2.09 11.22
11.05 19.02
3.23 9.92
6.91 14.88
13.85 20.74
16.76 22.19
10.8 18.99
15.34 22.38
7.02 14.8
3.01 8.03
6.64 12.53
8.2 10.84
12.28 18.98
11.99 17.6
7.07 16.83
14.84 22.52
11.06 16.06
7.25 11.59
15.41 22.78
11.12 21.11
16.14 23.13
9.2 15.87
11.82 21.1
15.88 22.31
6.71 13.2
12.16 18.72
11.08 13.96
5.75 10.7
10.73 19.08
4.42 11.53
10.93 20.25
14.09 23.51
4.83 13.25
12.11 20.47
7.34 14.93
3.86 9.68
8.08 15.1
11.92 18.24
8.41 12.86
11.82 18.87
15.57 25.55
15.44 21.32
13.94 20.52
14.38 20.52
2.19 7.5
3.06 12.06
6.43 14.46
15.29 20.79
5.9 10.72
3.46 9.06
11.05 16.99
3.52 10.28
12.25 18.95
6.54 13.43
14.63 19.64
11.46 15.6
10.21 16.77
6.52 15.02
8.88 16.53
10.71 16.24
8.36 18.82
8.12 16.08
13.8 19.43
8.58 17.29
12.74 19.23
13.53 20.64
3.42 14.67
7.48 14.9
2.1 9.7
15.66 22.16
10.72 18.18
14.01 18.39
12.27 19.2
6.28 15.41
12.32 20.19
3.17 12.14
14.65 21.25
4.24 10.62
4.45 8.64
9.01 18.36
2.36 11.32
2.38 8.25
7.5 17.02
6.93 12.61
3.94 10.43
16.35 23.45
8.95 12.81
12.78 22.67
14.87 19.61
16.2 23.72
7.43 10.81
7.19 14.52
6.21 13.98
14.44 19.86
2.85 11.91
7.77 13.89
8.6 15.56
8.79 16.9
8.8 18.45
13.82 22.22
8.56 12.24
7.19 16.23
16.37 23.84
12.18 21.05
10.29 16.26
10.1 18.16
11.8 16.96
12.68 18.55
4.22 13.76
11.4 19.13
6.19 15.1
8.2 13.96
14.71 22.17
6.37 12.84
9.99 16.29
14.08 21.05
4.02 12.92
11.21 20.47
13.68 21.55
11.78 20.37
15.91 24.28
4.94 12.41
11.11 16.86
7.79 16.66
3.06 12.62
13.1 20.38
3.38 10.54
2.61 10.71
11.6 18.88
11.07 16.81
16.2 23.5
16.55 20.68
15.52 24.38
6.75 11.62
9.28 14.35
14.66 24.75
9.3 13.29
8.64 13.99
10.51 18.9
7.21 15.97
12.13 19.61
16.11 22.85
9.92 17.96
2.41 7.29
13.89 18.14
10.44 17.48
6.88 14.38
12.74 22.65
2.87 7.13
6.59 8.75
15.03 21.29
3.68 8.33
8.92 16.92
4.07 11.01
8.58 16.14
7.58 14.78
15.07 20.85
15.06 21.84
12.15 21.05
12.89 18.57
15.31 23.82
16.4 23.86
14.48 20.67
12.35 19.14
9.16 15.13
2.91 12.81
12.5 15.9
8.56 16.48
10.46 16.15
11.69 20.89
2.6 10.06
13.55 19.24
2.3 10.9
13.03 20.91
9.34 17.76
8.97 17.08
12.82 19.34
9.01 16.9
14.71 23.45
6.96 13.75
13.57 19.92
13.02 18.9
2.84 11.99
2.82 7.13
4.93 10.76
6.6 14.53
4.75 13.37
16.05 24.97
3.41 10.22
15.18 26.13
16.37 22.09
4.6 12.26
10.71 20.18
13.96 22.54
16.98 25.6
5.23 14.82
14.9 21.52
14.43 20.46
14.81 23.55
2.79 11.54
13.68 16.32
8.57 16.69
10.27 20.6
15.67 22.63
10.2 18.62
8.91 12.29
12.9 20.81
13.21 19.01
16.78 23.63
16.48 25.78
10.26 13.58
14.6 23.72
15.63 21.15
7.21 16.56
12.79 18.35
10.8 18.54
7.33 13.97
9.46 11.98
12.73 19.75
11.26 20.05
8.36 13.13
5.98 13.22
7.48 16.85
10.71 18.43
6.94 14.72
16.25 23.98
11.48 17.47
10.2 16.34
5.84 11.5
4.12 10.58
12.52 20.81
7.98 12.89
12.84 19.04
9.55 17.12
6.91 15.6
10.32 15.77
14.32 21.79
5.18 9.61
8.63 17.69
7.62 16.83
16.4 22.6
4.12 14.44
4.48 12.9
10.71 15.7
5.64 9.93
14.4 22.83
14.6 21.03
3.79 9.85
13.95 20.41
14.21 22.74
15.68 23.92
2.19 10.46
9.87 17.83
16.49 23.13
3.09 9.47
15.93 24.6
16.33 27.04
12.98 18.45
5.07 12.95
4.4 12.22
6.81 13.25
5.84 12.53
16.37 24.78
8.75 16.35
11.47 17.85
14.01 22.06
13.37 23.15
2.0 10.16
13.26 21.68
11.71 17.68
6.97 12.62
2.4 10.76
6.4 15.67
5.28 11.8
16.49 24.26
5.9 14.1
8.34 14.99
6.5 15.82
8.63 14.57
12.16 17.88
6.65 13.56
9.65 19.24
9.34 15.61
8.52 15.63
9.04 13.27
16.46 25.21
16.58 23.46
13.81 19.45
2.3 9.21
16.87 26.46
3.99 9.02
5.29 12.52
16.88 28.39
4.32 11.84
9.06 17.95
11.71 21.45
5.17 11.78
4.38 12.52
14.26 20.6
16.53 21.55
10.17 15.09
16.27 23.21
4.98 10.85
12.01 18.57
3.36 10.58
6.34 12.78
2.71 9.89
15.72 24.22
2.91 10.04
16.12 24.11
3.85 13.08
10.17 18.02
12.35 17.76
5.86 10.91
14.58 26.06
6.37 14.3
9.94 16.74
12.21 19.64
13.22 20.35
13.13 19.98
5.62 12.06
8.65 13.94
8.49 16.03
2.14 5.14
8.27 13.69
9.44 16.09
15.39 22.26
3.25 8.5
7.41 14.35
6.59 14.81
9.38 17.63
7.14 14.6
13.52 18.41
14.84 21.86
2.59 8.7
5.72 16.7
7.65 15.17
12.79 22.99
14.16 18.19
3.4 9.52
12.71 16.42
4.88 9.63
3.34 9.92
2.95 11.15
11.98 17.37
16.16 21.33
13.8 19.23
3.05 12.14
14.35 22.32
11.2 19.67
14.96 21.25
14.89 22.89
9.05 16.54
7.44 13.92
13.42 18.24
11.81 19.96
14.85 22.52
10.23 18.5
5.9 13.03
12.36 20.41
6.1 12.94
7.41 15.77
14.56 19.72
5.69 11.21
12.21 15.72
11.94 18.84
13.14 18.13
4.51 14.06
9.96 19.07
7.38 12.02
14.76 19.71
7.04 11.47
4.86 10.32
5.26 14.87
3.04 9.72
7.94 11.27
16.92 22.84
11.26 16.36
13.6 19.77
12.32 19.5
15.84 22.69
10.77 16.74
8.89 16.45
7.01 14.48
14.3 18.36
12.33 15.53
4.44 10.19
6.1 15.86
14.23 23.88
4.0 12.47
3.44 10.4
5.98 11.92
16.71 24.49
4.23 8.86
12.37 17.49
11.01 17.67
2.57 9.27
7.06 12.47
13.34 20.6
7.49 14.06
10.03 17.28
14.89 23.33
12.61 17.36
6.77 11.88
6.25 13.53
5.4 15.92
13.42 19.22
13.47 21.28
12.47 18.9
15.97 25.37
5.26 12.58
2.11 8.96
9.95 19.76
15.17 25.5
10.64 18.56
12.06 18.06
11.5 18.58
2.71 6.07
13.07 20.07
9.91 18.29
14.71 24.33
13.01 18.74
5.73 12.34
7.41 14.13
16.6 22.79
11.1 16.56
4.12 14.52
5.36 13.84
9.05 14.71
15.99 18.95
16.25 25.05
6.65 14.04
7.86 14.58
13.12 17.2
11.73 21.73
13.46 17.96
6.61 12.73
3.08 11.04
15.63 23.98
13.82 22.18
8.17 16.69
14.54 19.72
7.2 14.73
5.92 13.36
3.57 8.57
3.29 9.39
14.74 22.18
8.61 19.55
12.1 20.31
12.77 18.63
8.5 18.1
16.46 23.41
13.12 20.0
7.41 14.06
6.07 16.34
3.61 9.02
9.58 18.55
16.85 26.87
16.2 24.95
9.43 16.82
13.86 21.37
9.1 15.88
11.17 18.4
3.82 9.02
14.22 19.75
10.63 19.25
10.35 17.34
6.13 9.67
6.99 16.48
5.33 11.15
9.85 16.24
12.95 19.19
3.18 7.6
15.31 20.89
2.79 9.78
16.95 24.12
3.24 7.14
2.21 8.47
8.4 11.67
15.08 21.29
13.04 20.14
7.61 14.44
5.71 10.74
10.52 16.71
11.3 19.53
16.88 19.87
7.45 12.72
12.91 20.51
15.32 24.82
10.54 19.76
16.2 23.65
9.78 19.29
5.23 12.74
9.7 19.75
3.73 12.31
4.8 11.46
16.01 23.24
8.98 16.9
9.65 17.39
10.9 18.71
16.53 23.13
7.84 14.98
14.78 21.68
10.12 17.17
14.76 21.63
5.8 13.31
8.64 14.78
10.87 14.4
15.96 21.83
15.44 20.43
9.42 16.97
8.3 17.75
2.79 5.68
13.34 16.86
11.49 20.11
9.81 15.42
3.4 8.13
16.68 26.19
8.33 15.56
2.84 7.79
2.14 10.93
16.27 23.05
14.8 22.34
8.16 14.55
4.54 12.49
12.52 21.83
13.42 21.52
10.96 18.04
3.69 10.66
7.23 11.1
6.36 13.88
13.27 19.77
5.15 13.16
16.25 21.49
15.53 21.94
2.61 7.93
6.16 10.38
5.31 12.97
14.95 21.88
11.55 17.04
12.52 18.63
2.67 10.64
14.29 23.9
3.01 12.65
8.19 13.38
13.03 19.02
11.7 18.98
11.39 21.28
2.7 7.34
9.76 16.51
8.8 14.11
7.86 16.42
9.76 14.98
16.39 22.22
12.57 16.64
3.19 12.29
6.36 11.35
15.59 21.81
14.38 21.91
9.23 16.9
10.54 15.12
5.74 14.42
15.23 20.69
4.22 9.86
3.63 14.16
5.08 12.91
7.4 13.79
15.36 21.27
5.12 13.46
5.63 8.47
8.66 14.81
4.13 12.38
4.9 12.29
5.8 16.31
3.5 11.21
14.11 20.53
6.36 13.41
2.42 12.58
6.46 17.98
