16.67 -6.3
3.29 -4.55
13.03 -3.95
7.1 -0.99
11.05 -4.7
7.05 -6.03
2.14 -3.07
10.47 -4.2
5.35 -0.94
3.28 -0.45
13.46 -4.1
5.05 -5.12
7.85 -4.55
8.17 -2.96
16.63 -2.36
10.21 -5.04
13.35 -3.22
16.87 -1.49
15.85 -3.61
4.75 -1.16
12.25 -4.33
7.72 -3.54
10.62 -2.1
3.9 -2.26
3.79 -5.08
6.87 -6.31
13.76 -0.73
13.32 -7.63
5.58 -1.82
6.54 -5.68
8.01 -2.66
7.96 -2.44
7.85 -2.44
4.27 -1.95
14.73 -4.85
15.41 -3.33
14.29 -1.06
5.48 -2.83
5.78 -2.62
16.54 -3.97
4.35 -1.56
9.53 -2.78
4.58 -2.85
10.44 -3.39
4.14 -3.29
3.86 -0.41
7.44 -2.7
15.3 -2.46
14.68 -3.21
7.49 -3.75
16.04 -2.31
4.45 -2.85
7.77 -5.01
13.74 1.25
8.67 -3.83
8.01 -4.47
3.0 -5.94
12.17 -5.78
7.83 -5.48
13.12 -3.62
16.54 -2.21
12.62 1.3
13.95 -8.91
16.09 -4.67
5.89 -5.66
6.62 -0.14
7.5 -5.66
14.8 -3.32
2.08 -2.74
9.51 -0.46
3.03 -0.59
5.13 -2.07
3.22 -2.68
3.09 -3.89
14.85 -0.64
9.47 -0.51
10.56 -1.41
13.67 -3.02
12.25 -4.23
10.21 -2.5
9.14 0.81
3.65 -2.34
6.78 -3.98
11.79 -4.29
3.69 -1.75
3.13 -3.46
4.02 -6.63
14.91 1.99
11.54 -2.89
12.44 -0.51
5.42 0.52
10.46 -4.02
16.03 -0.22
7.42 -4.35
11.27 -6.48
6.96 -4.38
8.1 -3.39
11.85 -4.65
16.14 -2.47
10.23 -4.1
16.42 -1.81
16.9 -6.87
5.95 -2.25
15.61 -3.65
16.74 -3.19
7.37 -1.5
3.47 -2.05
13.53 -0.96
15.98 -1.35
12.68 -5.7
15.27 -1.45
11.5 0.39
12.48 -0.49
16.13 -3.67
9.76 -3.47
4.07 -1.09
15.86 -4.2
6.53 -4.8
10.16 -0.39
16.15 -1.15
14.69 -2.57
10.88 -4.55
16.36 -1.39
11.38 -2.83
4.76 1.5
8.84 -4.73
10.25 -1.81
4.22 -1.8
13.56 -5.44
14.06 -3.48
5.42 -3.05
8.65 -4.32
12.39 -5.16
15.27 -3.39
4.72 -0.73
10.69 -4.67
12.76 -2.8
3.94 0.27
16.46 -3.55
2.42 -3.51
5.67 -4.16
16.14 -3.54
11.88 -0.9
5.25 -1.1
2.24 -8.78
4.68 -1.41
4.7 -0.69
6.92 -4.28
10.16 -3.79
12.49 -3.58
13.85 -3.53
13.66 -4.87
6.59 -2.06
11.98 0.97
6.42 -4.27
3.44 0.35
9.7 -1.98
12.87 -2.75
10.19 -3.06
16.48 0.49
2.87 -4.34
5.81 -2.75
5.68 -1.48
16.04 -1.19
6.91 -5.1
3.29 -3.96
10.77 -1.85
2.69 -0.12
9.7 -3.58
12.12 -1.84
9.49 -0.86
12.81 -4.83
12.71 -4.06
7.83 -1.5
8.39 -1.41
16.8 -3.72
11.9 -3.12
3.88 -1.21
3.54 -3.08
10.16 -4.67
10.9 -0.31
14.17 -5.89
2.94 -1.83
3.09 -2.47
5.14 -0.93
11.15 -3.63
4.96 -1.65
2.78 -1.57
5.62 -1.83
10.0 -4.39
14.02 -2.2
7.91 -2.75
12.13 -4.88
15.96 -4.43
6.68 -3.47
9.61 -4.0
2.49 -3.09
7.39 -3.83
15.23 -4.87
11.33 -3.35
14.03 -4.32
10.71 -6.9
11.31 -3.33
8.93 -2.65
5.66 -0.61
8.62 -0.87
11.3 -6.74
8.47 -4.25
5.14 -3.97
7.01 -3.43
2.51 -2.23
9.4 -2.52
4.7 -3.52
4.71 -1.13
2.86 -3.46
7.94 -2.25
2.79 -3.34
5.99 -3.42
7.21 -0.03
14.58 -3.68
8.59 -8.8
13.29 -5.65
5.23 -2.47
10.21 -0.85
16.23 -2.75
15.05 -1.82
3.04 -6.23
9.22 -5.44
8.39 -2.12
14.33 -3.22
5.12 -6.23
11.89 -4.88
7.91 -3.08
9.81 -2.39
6.51 -2.92
2.65 -1.92
5.15 -5.66
8.62 -1.2
7.61 -6.67
3.61 -2.21
16.26 -2.64
4.78 1.24
7.26 -2.27
3.1 -5.59
15.99 -3.54
4.19 -1.84
7.86 -1.55
16.06 -4.09
5.02 -2.17
13.78 -3.52
5.23 -5.34
8.33 -3.32
13.19 -5.78
14.38 -0.08
16.58 -2.21
7.18 -2.26
4.43 -2.76
12.74 -2.95
10.33 0.15
11.28 -2.22
8.76 -2.06
15.94 -3.02
7.56 -3.08
7.63 -3.04
8.9 -0.42
11.4 -3.0
7.24 -2.88
6.85 -2.3
9.81 -3.83
13.48 -0.56
9.02 -6.79
4.49 -1.72
4.86 -3.25
15.73 -3.23
8.22 -6.3
15.27 -3.56
11.31 -1.88
9.84 -2.14
3.11 -1.83
5.16 -5.44
7.31 -4.36
10.62 -4.09
10.48 -5.48
8.12 -2.83
11.62 -2.21
9.96 -5.46
13.88 -3.15
6.38 -4.28
11.46 -3.61
15.64 -6.24
6.96 -2.06
2.15 -2.11
9.32 -4.25
10.42 -3.08
6.43 -3.45
16.79 -2.49
2.34 -3.76
12.47 -5.15
13.39 -0.93
11.25 -3.11
14.34 -5.34
16.99 -4.69
2.67 -6.49
9.74 -3.25
9.54 0.27
7.05 -1.8
12.7 -1.58
7.81 -2.65
9.85 -1.2
4.51 -3.57
5.61 -6.29
10.77 -5.2
7.96 -3.02
2.69 -2.27
15.02 -0.99
15.78 -5.32
4.82 -2.84
7.51 -3.72
11.95 -1.13
12.0 -3.08
10.72 -3.57
4.22 -5.51
9.89 -1.62
7.4 -3.49
14.59 -3.22
16.23 -2.08
7.45 -4.89
8.4 -3.19
4.11 -4.48
6.58 -4.07
14.69 -6.07
13.54 -6.54
2.59 0.55
7.65 -0.92
10.76 -3.02
7.08 -5.52
5.79 -2.39
7.35 -2.53
3.54 -3.75
12.91 0.35
14.08 -2.17
14.83 -2.77
7.09 -1.61
5.22 -4.31
10.93 -1.22
15.47 -5.01
16.98 0.14
10.08 -3.67
6.0 -3.33
11.77 -3.55
11.2 -1.18
10.5 -1.71
3.7 -5.87
7.31 -6.53
14.02 -5.33
8.92 -2.8
4.36 0.13
12.97 -0.61
14.24 -3.78
7.55 -4.62
5.52 -1.09
7.99 -6.47
3.31 0.06
8.47 -3.9
5.25 -5.39
7.15 -5.13
14.82 -1.96
10.41 -3.92
9.76 -3.41
16.71 -3.92
14.69 -4.19
2.29 -3.73
2.14 -3.29
12.56 -1.3
6.68 -6.34
15.73 -2.15
4.49 -1.88
14.16 -3.81
7.58 -2.86
11.67 -1.53
2.45 -2.34
6.35 -0.99
12.73 -1.89
9.48 -1.18
13.41 -4.55
6.7 -2.48
15.8 -2.64
5.98 -2.15
3.91 -3.72
13.27 -3.18
10.18 0.01
7.63 -4.98
2.42 -3.39
10.96 -1.67
8.62 -1.68
11.01 -3.86
6.79 -5.72
2.86 -5.6
16.43 -2.92
5.8 -0.99
9.3 -3.1
13.31 -3.75
14.79 1.09
9.42 -4.58
10.94 1.01
7.08 -2.13
11.95 -2.67
14.91 -1.02
16.32 -2.18
16.53 -7.12
3.99 -3.87
12.4 -5.92
9.5 -5.68
11.51 -4.29
3.12 -3.7
4.67 -4.42
10.34 -3.43
3.82 -6.51
9.57 -3.85
8.58 -3.79
2.42 -5.54
7.53 -1.58
14.17 -2.21
5.35 -2.88
13.8 -3.07
13.5 -5.13
15.7 -1.9
14.29 -7.63
10.3 -5.2
14.5 -1.11
6.5 -3.14
6.77 -3.43
12.47 -6.03
8.6 -5.63
15.27 0.22
6.7 -5.09
16.47 -5.14
3.37 -3.92
7.47 -3.93
5.76 -2.8
2.34 -4.19
2.79 -5.41
14.97 -1.69
13.05 -2.0
13.55 -3.26
14.16 -2.65
2.2 0.3
8.02 -2.85
9.06 -3.94
6.61 -3.03
9.48 -5.47
3.43 -1.22
14.66 -2.03
15.92 -3.14
11.71 -3.2
7.87 -2.67
14.13 -3.51
5.96 0.84
5.1 -2.2
8.94 -4.53
6.19 -0.63
2.81 -3.27
2.7 -5.2
12.05 -1.6
13.14 -3.66
9.05 -5.87
4.73 -2.02
16.15 -1.78
8.86 -2.63
13.61 -1.5
6.78 -5.3
5.59 -3.4
2.19 -5.45
10.2 -1.29
8.24 -3.82
5.16 -1.92
5.86 -2.7
5.49 -3.82
8.34 -4.15
9.13 -4.91
3.55 -2.92
4.12 -2.42
11.31 -2.31
9.53 -3.95
7.89 -4.32
8.78 -2.54
3.64 -3.83
6.16 -2.38
3.48 -1.93
2.53 -3.99
4.03 -2.37
13.91 -2.02
3.65 -2.37
6.1 -4.81
6.76 -3.37
14.17 -4.24
11.84 -4.92
13.78 -2.65
16.74 -4.16
2.7 -2.82
9.37 -2.14
5.8 -1.89
8.47 -5.4
2.54 -2.39
10.73 -4.38
13.12 -3.71
5.18 -2.16
12.07 -3.32
6.73 -1.62
10.72 -5.44
9.75 -3.95
14.87 -2.33
15.19 -4.44
16.97 -3.71
5.32 -1.6
10.93 -5.0
16.36 -3.73
2.02 -3.93
2.22 -1.97
5.75 -2.43
4.13 -2.36
8.46 -3.06
10.54 -2.27
3.65 -3.93
9.16 1.19
7.63 -2.5
13.51 -5.88
6.91 -3.0
2.3 -4.67
4.97 -5.17
14.29 -3.84
3.46 -2.55
2.17 -2.36
3.99 -3.5
9.27 -1.44
4.08 -6.44
12.28 -2.62
4.05 -5.36
11.92 -3.8
16.68 -2.6
9.54 -4.63
15.77 -0.57
6.29 0.39
16.52 -5.75
16.92 -0.13
3.66 -3.16
14.75 -3.57
7.15 -2.18
14.94 -2.29
10.61 -2.31
3.86 -2.84
16.17 -3.35
8.37 -4.12
7.33 -0.66
16.02 -5.0
9.85 -5.57
9.71 -4.08
15.06 -4.79
10.73 -2.71
11.78 -2.08
9.57 -4.83
8.17 -5.16
6.27 -4.43
7.31 -5.99
8.57 -2.75
14.66 -2.52
8.29 -1.07
7.43 -1.62
8.71 -1.82
7.45 -5.43
10.58 -2.57
15.08 -2.31
12.58 -4.14
13.68 -4.63
11.11 -4.1
12.96 -2.41
12.9 -4.83
12.23 -3.71
14.3 -2.24
5.82 0.11
12.2 -2.2
13.05 -1.07
9.65 0.5
16.35 -4.94
6.16 -0.57
6.71 -6.11
5.89 -2.76
10.03 -4.97
13.19 -2.17
7.05 0.73
11.78 -5.05
4.35 -3.76
11.58 -3.49
7.7 -5.5
9.35 -4.17
8.48 -4.89
6.6 -2.53
8.91 -0.91
16.22 -2.39
2.97 -6.94
4.3 -3.95
7.28 -4.01
10.2 -3.1
5.24 -3.64
10.72 -2.83
14.93 -2.34
4.44 -4.28
9.7 -2.98
7.88 -4.86
9.54 -3.34
5.87 -4.04
9.26 -3.46
11.08 -3.71
2.28 -1.82
12.44 -1.0
6.46 -4.32
8.77 -2.89
14.04 -0.88
11.99 -1.66
11.64 -1.19
7.72 -2.18
3.77 -1.18
8.15 -1.09
2.73 -3.08
15.84 -4.65
13.29 -4.53
8.55 -1.73
11.14 -2.63
6.21 -3.99
2.03 -1.32
3.98 1.12
10.46 -2.76
12.8 -2.05
4.43 -2.21
3.47 -5.78
2.3 -4.28
3.92 -3.97
7.7 -0.8
14.75 -2.92
9.64 -4.5
12.62 -6.0
5.43 -2.32
16.93 -3.84
10.99 -2.26
2.55 -0.05
2.61 -0.89
2.41 -1.75
5.91 -0.49
4.45 -0.9
14.91 -1.31
11.76 -1.52
16.7 1.1
3.47 -4.57
2.82 -3.6
15.55 -1.18
6.27 -4.84
8.55 -4.45
15.8 -2.39
15.42 -0.89
4.21 -2.49
4.03 -0.83
3.75 -5.81
13.91 -2.78
5.97 -2.27
5.64 -3.91
2.11 -2.8
3.14 -1.32
6.45 -3.38
14.26 -4.12
11.72 -5.07
3.6 -5.54
3.61 -3.21
3.93 -3.03
6.86 -1.06
4.86 -4.27
15.59 -2.58
10.49 -3.88
16.37 -2.78
13.7 -2.14
11.1 -2.13
3.09 -0.76
10.42 -2.04
11.77 -1.69
16.4 -4.71
13.84 -1.63
10.07 -1.07
12.43 -2.31
13.73 -0.15
4.22 -3.49
8.91 -2.96
3.44 -3.84
7.83 -2.16
15.48 -2.6
9.94 -3.65
16.45 -2.01
9.04 0.24
7.36 -2.61
2.92 -3.99
12.8 -5.7
7.25 -3.81
