12.62 -6.0
16.98 25.6
10.0 -4.39
12.47 -16.87
16.53 -7.12
10.07 -1.07
14.6 23.72
13.55 19.24
12.98 -18.23
3.08 11.04
5.52 -10.18
6.65 -11.12
3.09 9.47
7.38 12.02
11.54 -2.89
7.36 -2.61
15.06 21.84
15.51 -21.03
15.99 18.95
9.4 -14.3
4.15 9.29
3.56 -8.21
13.82 -16.06
13.37 23.15
12.28 18.98
3.95 -11.68
2.89 -11.29
6.52 -14.78
3.63 14.16
2.6 10.06
6.93 12.61
14.63 21.43
16.14 23.46
15.42 -18.96
8.53 -13.64
11.25 -3.11
12.32 19.5
11.55 17.04
7.85 -2.44
4.11 -4.48
14.11 -16.5
9.51 -0.46
6.97 12.62
11.43 -18.76
12.22 -18.25
10.21 -5.04
5.81 -2.75
11.07 -12.89
10.62 -4.09
16.49 23.13
3.05 -10.86
9.49 -0.86
4.24 10.62
7.55 -4.62
3.15 -11.25
3.85 13.08
3.56 -13.52
9.85 -5.57
7.05 0.73
11.39 21.28
5.51 -14.94
12.35 -14.81
15.72 -20.32
3.54 -3.75
3.7 -5.87
2.87 -4.86
9.06 14.43
7.01 -3.43
15.76 -18.66
6.9 -15.1
10.4 -15.58
5.49 -3.82
2.18 -8.18
3.22 -2.68
5.18 -2.16
14.16 -3.81
14.12 -14.41
9.91 -14.95
13.26 21.68
5.53 -14.57
12.15 21.05
15.98 -1.35
11.08 13.96
5.04 -13.12
12.68 -5.7
16.95 24.12
7.32 -13.11
10.07 -14.4
11.78 -5.05
7.33 -0.66
5.4 15.92
16.37 23.84
9.47 -0.51
5.07 12.95
8.57 -2.75
12.07 -3.32
7.83 14.33
5.33 11.15
9.62 -13.02
7.1 -0.99
15.32 24.82
7.47 -14.58
4.8 11.46
7.05 -6.03
14.68 -3.21
13.53 -0.96
5.23 -11.15
10.58 -2.57
14.29 -1.06
6.28 15.41
10.2 18.62
7.7 -0.8
13.16 -18.02
5.89 -5.66
3.13 -3.46
14.22 -17.9
6.16 -0.57
6.95 15.59
9.84 -2.14
9.35 -4.17
5.51 -15.43
2.58 -10.09
13.2 23.04
8.19 13.38
10.14 -16.04
11.01 -3.86
3.5 11.21
14.11 20.53
2.81 -3.27
13.34 -19.46
2.8 -11.1
2.52 8.96
14.59 -3.22
4.16 10.45
14.42 -17.42
3.44 -11.66
11.77 -1.69
4.13 12.38
15.92 -20.07
4.88 9.63
2.18 -10.99
11.08 -3.71
6.25 13.53
5.13 -2.07
10.71 15.7
5.62 -1.83
5.14 -13.75
5.35 -2.88
10.08 -3.67
2.71 9.89
13.31 -3.75
6.04 -14.02
7.48 16.85
8.17 -14.04
6.65 14.04
11.61 -17.49
6.91 -3.0
14.6 -17.85
4.1 -15.45
16.4 -4.71
15.94 -3.02
4.76 1.5
9.74 -3.25
11.99 17.6
10.9 -0.31
2.26 -8.26
14.44 19.86
13.91 -17.44
11.71 -3.2
9.44 16.09
7.86 16.42
5.5 -12.6
9.7 -13.88
16.06 -19.33
11.49 20.11
2.81 -10.57
14.43 20.46
4.05 -15.05
2.72 -9.67
11.79 -4.29
14.17 -16.33
8.92 16.92
2.42 12.58
5.01 10.76
2.25 -9.75
8.47 -3.9
3.04 9.72
3.54 -3.08
6.28 -14.23
11.13 -16.33
5.59 -16.21
14.45 -17.04
7.56 -3.08
9.78 19.29
6.46 -8.39
11.6 -15.57
16.36 -1.39
8.75 16.35
15.93 24.6
4.37 -11.58
7.35 -2.53
2.67 -6.49
12.19 -16.46
4.13 -13.18
13.71 -16.33
10.56 -1.41
2.09 11.22
8.92 -2.8
16.03 -0.22
16.78 23.63
10.86 -14.9
6.88 14.38
8.77 -2.89
8.94 -4.53
5.8 13.31
13.85 20.74
7.15 -5.13
10.49 -3.88
7.91 -2.75
3.03 -0.59
12.18 21.05
4.97 -10.24
15.44 21.32
3.09 -0.76
8.81 -13.54
5.67 -14.63
16.26 -2.64
2.2 0.3
9.74 -14.66
3.77 -1.18
11.24 -16.03
3.06 12.62
4.21 8.37
8.62 -1.68
5.32 -1.6
2.03 -12.83
8.3 16.58
8.52 15.63
8.77 -13.9
10.76 -3.02
11.9 -3.12
5.59 -3.4
9.48 -1.18
2.79 11.54
16.2 24.89
15.07 20.85
12.21 19.64
5.15 -5.66
16.34 -20.22
10.93 -1.22
4.22 -5.51
2.59 8.7
9.6 -17.32
15.15 18.74
7.83 -13.05
11.12 -16.87
4.69 -13.14
6.51 -2.92
7.96 -2.44
5.97 -2.27
13.49 -14.78
4.67 -4.42
11.05 19.02
5.25 -1.1
7.04 -14.1
16.05 24.97
13.77 22.58
14.29 23.9
16.45 -17.43
3.94 -14.23
11.88 -16.64
2.48 -11.31
2.22 -1.97
7.72 -3.54
2.67 10.64
11.39 -15.38
3.19 12.29
10.28 -15.7
13.88 -3.15
14.91 -1.02
5.14 -0.93
16.68 26.19
12.39 -15.19
5.98 13.22
14.92 -18.32
2.18 -10.42
15.64 -6.24
4.72 -0.73
8.82 -16.18
14.15 20.39
14.28 -14.18
12.66 -13.97
12.01 18.57
12.47 18.9
16.99 -4.69
11.72 -5.07
4.02 12.92
8.67 -3.83
3.48 -1.93
13.89 18.14
4.27 -1.95
14.64 -15.89
11.14 -2.63
3.9 -2.26
11.05 -12.94
6.73 -10.52
13.29 -5.65
6.71 -12.97
4.44 -10.84
9.32 -15.9
7.19 16.19
3.34 9.92
9.63 -13.75
5.02 -12.02
3.31 0.06
9.06 17.95
3.28 -11.09
4.04 -9.26
14.14 -17.02
7.03 -13.56
13.84 -1.63
15.83 -18.16
3.42 14.67
10.44 17.48
3.93 -3.03
15.41 -3.33
3.86 -11.82
16.22 -2.39
5.86 -10.13
8.91 12.29
13.04 -19.58
10.16 -3.79
15.81 -19.87
3.05 -11.89
2.79 5.68
13.04 20.14
9.05 -13.4
5.76 -11.1
9.57 -3.85
10.21 -0.85
12.57 16.64
2.14 10.93
16.58 23.46
13.96 -18.74
14.68 -18.18
3.69 -12.34
10.35 17.34
7.08 -2.13
12.17 -5.78
16.39 22.22
10.54 -2.27
6.46 -4.32
12.62 -18.72
10.03 -4.97
3.65 -2.37
5.24 -10.74
3.47 -4.57
15.53 -17.95
2.29 -3.73
4.12 -2.42
12.8 -2.05
16.27 23.21
14.72 21.92
9.65 19.24
12.95 -15.27
3.15 -10.38
12.4 -18.36
4.75 -1.16
14.91 -1.31
7.33 13.97
3.83 -11.23
9.3 13.29
8.4 -12.3
15.88 22.31
15.08 21.29
7.63 -2.5
16.53 -20.69
15.44 20.43
9.53 -2.78
6.02 -12.01
6.46 13.48
3.81 -11.38
14.33 -3.22
5.64 -3.91
10.52 -13.76
12.78 -16.71
9.67 -14.32
15.27 -3.39
16.06 -19.66
13.12 17.2
7.77 -5.01
8.95 12.81
9.32 -4.25
5.92 13.36
15.66 22.16
13.47 21.28
15.27 -3.56
9.57 -4.83
11.8 16.96
11.28 -18.5
15.65 -19.74
8.93 -2.65
7.08 -12.71
3.86 -2.84
11.1 16.56
16.47 -19.2
4.43 -10.89
5.61 -6.29
6.24 -11.24
3.79 9.85
8.57 16.69
14.3 18.36
13.14 18.13
14.15 -19.44
8.78 -2.54
4.22 9.86
8.62 -1.2
8.83 -14.44
2.34 -4.19
6.1 12.94
5.75 -12.19
8.42 -14.23
4.12 14.44
15.96 21.83
13.14 -3.66
16.68 -2.6
13.81 19.45
9.96 -5.46
4.38 12.52
9.05 -5.87
4.63 -11.43
7.21 16.56
16.06 -4.09
7.18 -15.58
4.44 -4.28
10.0 -15.99
9.38 17.63
14.49 20.37
16.86 -18.67
5.74 14.42
3.47 -5.78
15.78 -5.32
14.48 20.67
10.5 -1.71
3.1 -5.59
9.43 -12.69
8.49 16.03
13.34 16.86
6.72 -11.8
8.8 14.11
9.81 -3.83
3.1 -10.0
8.12 -2.83
6.45 -3.38
9.29 -13.64
12.25 -4.33
13.19 -2.17
12.58 -16.4
14.5 -18.08
8.6 -5.63
16.6 -19.37
3.22 -9.84
10.71 -11.91
5.23 -2.47
9.61 -4.0
15.75 -17.15
16.46 -18.2
4.22 -3.49
12.81 -4.83
2.82 7.13
14.75 -3.57
7.06 12.47
13.8 19.43
7.63 -4.98
15.43 -17.09
6.52 15.02
12.4 -5.92
13.67 -3.02
8.91 -11.87
10.16 -4.67
13.7 -18.3
16.14 -2.47
2.78 -1.57
7.39 -13.24
4.03 -0.83
8.01 -2.66
6.96 13.75
10.54 15.12
16.74 -4.16
10.75 -14.86
4.86 -11.55
14.97 -1.69
4.6 12.26
10.95 -17.24
2.84 11.99
14.91 1.99
13.42 21.52
3.68 8.33
6.43 14.46
7.45 12.72
6.15 -14.56
7.83 -2.16
4.28 -10.91
9.8 -14.76
14.87 19.61
6.99 16.48
9.67 -13.05
4.87 -9.91
12.8 -5.7
4.98 10.85
14.17 -4.24
15.96 -4.43
4.0 -10.47
15.45 -19.63
8.58 -3.79
3.18 7.6
6.32 -10.47
8.33 -3.32
15.49 20.84
15.97 -15.45
4.64 8.76
13.1 20.38
11.12 -14.71
7.83 -5.48
4.51 14.06
16.66 -19.32
4.03 -2.37
12.52 20.81
11.81 -16.1
12.08 -17.48
6.46 17.98
9.75 -3.95
2.61 -0.89
3.86 -0.41
15.52 24.38
15.95 -18.43
6.91 15.6
15.78 -17.85
3.4 9.52
2.19 -5.45
5.8 -1.89
10.85 -13.08
11.16 -17.69
10.12 -17.42
2.97 -6.94
15.62 -19.94
7.61 -6.67
16.87 -1.49
9.42 -4.58
3.91 -3.72
8.98 -15.05
14.89 22.89
9.65 -13.69
2.61 -9.14
16.7 1.1
8.66 14.81
2.15 -9.67
15.18 26.13
7.19 14.52
16.88 28.39
13.58 19.87
6.17 -13.04
9.96 15.88
10.46 -4.02
11.12 21.11
12.96 -2.41
4.75 13.37
8.2 13.96
13.12 20.0
14.13 -16.96
13.39 -0.93
8.52 -15.89
13.21 19.01
3.23 9.92
6.26 -13.04
16.74 22.29
4.87 -12.27
8.17 -5.16
2.3 -4.67
3.13 -10.71
7.08 -5.52
2.14 -3.29
2.21 -11.95
2.62 -10.16
5.75 10.7
6.92 -4.28
15.61 -3.65
11.4 -11.86
5.24 -11.33
4.93 10.76
7.86 -1.55
5.2 -9.18
5.98 -2.15
8.86 -12.65
12.52 21.83
4.73 -2.02
9.7 19.75
6.1 15.86
11.99 -1.66
11.98 0.97
2.59 0.55
10.27 -13.78
7.26 -2.27
6.5 -3.14
2.17 -2.36
13.14 -18.53
16.71 24.49
12.25 18.95
6.18 -13.87
7.21 -0.03
16.8 -3.72
10.36 -13.69
7.94 11.27
3.9 -8.96
3.41 10.22
2.84 -11.98
7.86 14.58
14.71 23.45
16.33 27.04
8.55 -1.73
16.21 26.56
10.84 -16.81
14.09 -17.58
9.76 14.98
9.05 16.54
7.44 13.92
6.0 -3.33
7.28 -4.01
6.84 -11.82
7.39 -12.58
12.06 -15.2
3.71 11.08
8.64 13.99
3.01 8.03
7.3 13.34
7.67 -11.03
11.92 -3.8
11.05 16.99
6.82 -12.3
5.37 -13.52
12.28 -18.82
6.28 -11.25
6.58 -4.07
16.48 25.78
3.05 12.14
5.33 -16.3
16.35 -4.94
8.63 14.57
8.97 -13.75
9.36 -11.51
5.17 11.78
13.82 24.98
4.21 -11.61
11.95 -2.67
6.75 11.62
13.1 -15.96
2.53 -3.99
7.98 -13.96
14.73 -4.85
2.94 -1.83
5.25 -5.39
5.69 11.21
3.96 -11.03
8.98 -16.84
9.53 -3.95
8.12 16.08
14.9 21.52
5.66 -10.76
10.46 16.15
14.6 21.03
9.4 -16.21
10.16 -14.54
9.76 -3.41
2.11 -11.84
8.5 18.1
15.6 20.14
15.31 23.82
8.45 -14.63
12.73 -1.89
9.97 -14.19
6.79 -5.72
9.97 -12.9
5.24 -3.64
12.56 -16.85
12.13 -15.02
15.23 20.69
11.27 -6.48
8.58 16.14
7.41 14.13
13.7 -18.76
10.47 -4.2
12.79 18.35
9.64 -4.5
14.34 -5.34
5.18 -9.27
12.47 -6.03
3.55 -2.92
13.7 -2.14
10.21 -2.5
2.35 -8.49
14.36 -20.28
6.7 -5.09
16.92 -16.24
16.32 -2.18
4.3 -3.95
12.91 20.51
14.58 -3.68
16.51 -20.26
3.29 -3.96
7.43 10.81
4.54 12.49
5.48 -2.83
16.45 -2.01
14.84 22.52
15.49 -17.52
9.36 -14.91
7.0 -9.38
10.73 -14.72
11.71 19.59
6.73 -1.62
16.65 20.71
16.16 -19.07
3.09 -2.47
9.27 -1.44
7.15 -2.18
7.37 -1.5
3.57 8.57
14.01 18.39
12.39 -5.16
8.76 -14.01
9.03 -14.21
15.59 -2.58
5.96 0.84
6.16 -2.38
14.8 -3.32
5.98 -10.76
10.21 16.77
8.48 -4.89
4.97 -5.17
3.34 8.81
5.82 0.11
12.35 19.14
7.5 17.02
13.19 -5.78
12.81 -17.76
12.95 18.68
13.23 22.56
7.03 -11.53
6.95 -10.61
11.15 -3.63
2.56 -10.47
4.35 -3.76
12.84 -16.68
4.5 -10.42
10.73 19.08
2.61 -10.44
5.62 12.06
3.09 -3.89
3.37 -3.92
2.73 8.33
4.11 -12.04
12.13 -4.88
8.71 -1.82
8.46 -13.22
16.47 -5.14
15.03 -17.0
2.11 8.96
6.92 -12.62
4.5 -11.38
15.85 -3.61
15.63 21.15
16.41 -18.08
6.73 13.56
2.03 -1.32
14.89 23.33
12.35 17.76
5.64 9.93
7.48 14.9
12.11 18.33
11.46 15.6
8.39 -1.41
11.33 -14.7
12.99 -17.1
6.7 -2.48
10.25 18.85
11.66 -15.19
10.32 -13.62
14.87 -2.33
10.72 -3.57
8.02 -2.85
14.11 -15.47
10.88 -4.55
10.05 -13.91
5.43 -2.32
6.59 8.75
16.49 21.16
3.21 -8.12
6.92 -14.58
16.67 -6.3
8.51 -14.47
16.23 -2.08
9.87 17.83
13.67 17.61
14.22 19.75
4.7 -0.69
13.91 -2.78
13.24 -18.96
3.1 -9.55
9.4 -2.52
12.77 18.63
6.94 14.72
13.05 -1.07
4.88 -12.54
6.65 -16.19
11.06 -15.33
11.27 -13.7
15.49 -20.13
16.6 22.79
15.08 -2.31
12.9 -4.83
13.07 20.07
3.52 10.28
5.32 -12.1
16.71 -3.92
9.2 15.87
3.92 -3.97
15.67 22.63
3.82 -6.51
12.0 -3.08
7.45 -4.89
9.01 18.36
6.62 -0.14
7.63 -3.04
12.56 20.57
14.53 -18.25
6.1 -4.81
2.45 -2.34
9.43 16.82
14.84 21.86
9.76 16.51
10.15 -10.89
8.66 -13.02
14.85 -19.6
4.24 -12.8
3.51 -7.11
2.19 7.5
5.47 -12.3
7.42 -4.35
6.77 -3.43
16.92 -0.13
12.82 22.45
5.14 -3.97
6.21 13.98
9.83 -15.1
16.74 -3.19
2.37 -10.06
3.46 -2.55
8.34 14.99
11.89 -17.07
2.29 -10.9
12.97 -0.61
12.71 -4.06
9.81 15.42
10.03 17.28
5.12 13.46
3.2 10.52
3.02 10.18
16.63 -2.36
9.1 15.88
8.99 -16.35
6.27 -4.43
6.34 12.78
2.69 -12.88
6.6 -2.53
3.27 10.13
16.14 23.13
11.98 17.37
8.65 -4.32
10.61 -2.31
9.95 -14.24
15.9 -18.51
14.01 -16.78
14.7 -15.1
8.58 17.29
12.47 -5.15
13.09 -17.16
4.13 -2.36
11.66 -17.18
12.13 -17.91
5.91 -0.49
3.42 -9.94
10.71 -6.9
8.17 16.69
8.12 -14.87
10.73 -2.71
13.49 -17.1
2.19 10.46
9.4 -10.25
12.18 -16.08
2.02 -3.93
10.14 -15.85
6.35 -0.99
13.69 17.13
2.88 10.16
14.73 -18.24
2.0 10.16
10.29 16.26
9.06 -3.94
4.53 12.19
16.25 25.05
6.77 -14.49
11.94 -15.73
15.0 -15.21
12.68 -17.5
14.16 -2.65
16.37 -2.78
5.66 -0.61
5.38 -9.15
2.42 -5.54
5.08 12.91
13.56 -5.44
5.02 -10.28
13.39 -17.29
3.06 12.06
8.24 -3.82
6.65 13.56
3.14 -1.32
3.82 9.02
2.08 -14.89
13.32 -7.63
12.74 19.23
3.61 -12.47
16.85 26.87
11.51 -4.29
13.54 -6.54
3.29 -4.55
5.26 12.58
2.88 -11.6
12.82 19.34
12.78 22.67
10.71 17.62
15.49 -18.11
8.05 -13.88
8.34 -4.15
2.81 12.61
12.96 -16.67
10.54 19.76
4.49 -1.72
2.28 -1.82
7.23 -11.64
7.48 -14.04
13.61 -1.5
8.56 -14.37
11.12 -16.27
2.2 11.58
14.38 21.91
15.43 -20.48
16.58 -2.21
15.31 20.89
11.23 -15.03
5.67 -12.69
15.84 -16.49
8.76 -2.06
14.4 22.83
7.67 -12.91
8.56 12.24
10.71 16.24
7.94 -2.25
10.44 16.77
15.78 22.51
14.78 -18.58
6.61 12.73
9.48 -5.47
14.56 -18.71
8.47 -5.4
13.3 -17.67
6.96 -11.28
5.63 10.9
14.38 -0.08
8.82 14.64
5.89 -2.76
9.22 -5.44
15.91 24.28
16.9 -17.44
7.72 -2.18
9.03 -15.35
12.7 -1.58
7.41 14.06
3.71 -11.93
5.05 -5.12
2.14 5.14
6.43 -3.45
12.16 18.72
9.76 -3.47
3.61 -2.21
11.58 -3.49
6.28 -14.65
2.63 -11.65
6.38 -4.28
14.06 -3.48
2.11 -2.8
13.68 -4.63
12.12 -1.84
10.72 -2.83
8.16 14.55
13.13 19.98
4.4 12.22
3.99 9.02
14.21 -17.68
16.17 -3.35
3.29 9.39
15.51 -16.9
10.73 -4.38
14.95 21.88
5.63 8.47
13.65 -15.85
16.2 23.5
13.05 -2.0
16.37 24.78
7.39 -3.83
12.8 -20.53
11.2 19.67
13.52 21.04
9.63 -17.28
10.77 18.95
11.79 -16.37
9.96 19.07
8.47 -4.25
10.52 16.71
2.38 -7.44
10.94 1.01
8.05 -12.37
5.28 -13.03
5.04 16.59
4.27 12.29
7.81 -2.65
2.4 10.76
10.0 -17.0
6.68 -13.18
12.76 -14.61
3.12 -3.7
12.68 18.55
8.46 -3.06
9.58 18.55
10.33 -14.56
9.67 -17.42
7.57 -12.39
10.53 -13.64
16.5 -18.72
13.85 -3.53
3.89 -9.67
12.18 -15.36
5.16 -14.07
13.46 17.96
11.89 -15.92
12.87 -2.75
10.8 18.54
14.69 -2.57
11.97 -15.37
8.93 14.78
11.28 -2.22
9.7 -2.98
14.38 -16.67
4.47 -8.92
12.52 18.63
13.46 -4.1
8.65 -13.33
2.76 -9.69
6.76 -3.37
4.12 8.68
7.49 -3.75
12.79 22.99
11.77 -3.55
8.18 -14.35
7.58 -14.49
3.88 -1.21
4.05 -5.36
16.45 23.1
15.49 -21.11
14.82 -1.96
14.63 19.64
6.64 12.53
12.65 21.2
4.49 -1.88
5.27 -12.9
9.23 16.9
7.01 14.48
13.63 -18.13
4.94 12.41
15.29 20.79
9.34 15.61
6.42 -12.32
14.23 23.88
7.27 -12.9
13.73 -0.15
9.34 17.76
14.08 21.05
14.5 -18.67
2.91 12.81
7.19 -13.16
14.38 20.52
6.87 -6.31
7.02 14.8
5.1 -2.2
2.91 10.04
11.31 -1.88
11.69 20.89
3.97 -11.52
5.25 -10.97
8.79 16.9
7.18 -2.26
2.34 -3.76
4.34 11.49
12.86 -20.25
3.39 -13.87
5.87 -4.04
8.29 -1.07
3.49 -13.7
7.31 -6.53
13.25 -17.08
6.96 -13.21
11.54 17.67
15.94 -18.48
8.62 -0.87
11.36 -17.02
16.29 -16.73
6.13 9.67
11.6 18.88
6.5 15.82
16.11 22.85
15.73 -2.15
6.68 -6.34
6.37 12.84
13.61 -15.86
3.0 10.98
3.75 -5.81
16.03 -19.68
16.9 -6.87
5.58 -1.82
3.6 -5.54
5.51 -11.31
12.48 -15.97
9.71 -14.21
3.25 8.5
12.84 19.04
4.02 -6.63
5.99 -3.42
7.88 -11.66
10.2 -1.29
2.41 -1.75
15.63 -16.43
7.24 -2.88
8.95 -15.22
5.84 -14.29
5.43 -11.43
5.72 16.7
4.51 -3.57
16.43 -2.92
11.82 21.1
8.36 18.82
7.53 -1.58
11.5 18.58
10.27 20.6
4.0 -11.57
8.55 -4.45
14.26 20.6
9.97 15.97
15.42 -0.89
3.98 -8.9
12.47 -16.17
2.82 -3.6
14.29 -7.63
5.31 12.97
13.35 -3.22
16.68 -18.56
12.49 -3.58
8.08 -14.87
15.36 21.27
6.86 -1.06
11.71 17.68
4.22 13.76
15.23 -4.87
13.76 -0.73
5.68 -12.87
6.36 11.35
13.68 16.32
11.44 18.95
5.23 -13.49
10.51 -16.53
16.13 -3.67
7.31 -13.57
5.71 -12.41
11.1 -2.13
2.3 -10.86
7.84 14.98
9.15 15.85
11.62 -2.21
15.59 21.81
7.14 14.6
2.87 -4.34
13.55 -3.26
15.77 -18.47
3.65 -2.34
2.7 -2.82
5.35 -0.94
2.37 -9.34
13.83 -16.07
10.23 -16.04
4.48 12.9
2.49 -3.09
4.1 -13.2
15.17 -16.2
5.81 -12.08
12.13 -13.45
16.62 -21.29
16.76 22.19
12.43 -2.31
6.91 16.8
3.78 10.56
6.46 -11.02
8.27 13.69
3.04 -6.23
15.84 22.69
12.56 -1.3
16.82 -15.67
11.48 17.47
10.71 20.18
7.83 -1.5
8.98 16.9
3.4 8.13
16.79 -2.49
6.96 -2.06
9.92 -16.59
11.58 -17.59
14.66 24.75
9.54 0.27
12.76 -2.8
11.49 -15.03
13.91 -2.02
11.67 -1.53
7.65 15.17
2.85 11.91
10.17 18.02
8.08 15.1
5.42 0.52
3.8 -10.34
5.9 14.1
2.87 7.13
9.65 0.5
16.02 -5.0
4.9 12.29
3.91 -10.44
6.36 13.88
15.55 -1.18
11.46 -3.61
5.54 -13.4
8.64 14.78
10.77 -1.85
6.16 -13.22
5.58 -11.82
2.63 8.44
8.41 -15.32
2.2 -6.87
8.4 -3.19
3.01 12.65
6.93 12.85
12.1 20.31
10.34 -3.43
10.63 19.25
8.15 -1.09
13.53 20.64
11.68 -14.4
10.3 -5.2
13.57 19.92
15.19 -4.44
9.28 14.35
6.14 -12.21
8.59 -8.8
14.87 20.92
12.29 -17.37
6.36 13.41
10.16 -0.39
12.65 -18.49
12.25 -4.23
7.37 16.8
4.42 11.53
4.92 -13.13
3.65 -3.93
15.59 -20.44
6.96 -4.38
2.3 10.9
15.73 -3.23
10.3 -14.41
6.71 13.2
8.65 13.94
3.31 -11.69
13.95 -16.75
9.94 -3.65
6.71 -6.11
10.71 18.43
2.7 -5.2
4.3 -11.83
13.29 -4.53
4.97 -14.39
13.02 18.9
4.32 11.84
9.05 14.71
14.49 -17.89
4.71 -1.13
15.54 21.87
16.35 -18.76
13.8 -3.07
14.81 23.55
13.8 19.23
12.48 19.75
4.23 8.86
3.55 -9.6
15.11 22.59
9.88 17.62
13.92 -18.7
2.15 -2.11
9.5 -15.35
16.2 23.72
6.72 14.35
6.21 -14.86
6.51 -14.85
13.53 -15.81
11.66 -15.16
11.31 -3.33
6.62 -10.59
2.4 8.87
5.49 -15.21
12.61 17.36
10.46 -2.76
14.66 -2.52
2.69 -0.12
13.03 19.02
3.98 1.12
11.31 -2.31
2.42 -3.39
4.07 11.01
5.67 -13.71
11.01 17.67
15.41 22.78
16.53 21.55
16.4 23.86
4.68 -11.56
15.63 23.98
15.68 23.92
12.73 -17.39
10.99 -2.26
16.45 -19.67
6.53 -12.43
12.47 -14.74
10.85 -14.29
16.46 25.21
6.88 -11.83
11.2 -1.18
12.77 -15.96
3.11 -1.83
8.13 -11.46
7.5 -15.18
13.96 22.54
10.23 18.5
3.69 -1.75
8.8 18.45
13.6 19.77
14.13 -3.51
14.94 -2.29
4.93 -10.45
12.05 -1.6
6.6 14.53
15.02 -17.17
9.2 16.92
8.52 -14.98
7.21 15.97
14.69 -4.19
12.06 18.06
11.33 -3.35
9.89 -1.62
8.98 -15.0
6.59 14.81
12.35 -18.08
2.75 -11.27
2.69 -2.27
2.11 -8.31
16.14 -3.54
14.66 -16.81
16.98 0.14
12.73 -14.22
7.85 -4.55
4.7 -3.52
16.16 -19.4
2.7 7.34
7.88 12.95
10.1 18.16
14.66 -2.03
7.4 13.79
7.19 16.23
7.5 -5.66
13.78 -2.65
4.14 -3.29
14.07 -15.37
6.29 0.39
9.54 -3.34
3.94 10.43
6.16 10.38
16.54 -3.97
14.93 -16.99
8.17 -2.96
4.21 -2.49
16.36 -3.73
12.74 22.65
4.01 -11.23
8.91 -0.91
10.33 0.15
10.18 0.01
14.65 21.25
10.75 -17.08
8.2 10.84
16.27 23.05
14.75 -2.92
9.14 0.81
11.56 18.64
14.3 -2.24
11.89 -4.88
8.35 -11.03
10.62 -2.1
10.0 -13.92
8.01 -4.47
13.01 18.74
16.92 22.84
12.9 -15.63
7.2 -12.54
12.33 15.53
6.19 -0.63
3.36 10.58
9.34 -14.93
11.78 20.37
14.17 -17.4
12.16 17.88
11.73 -14.36
15.7 -1.9
7.08 -9.8
7.9 -10.92
15.3 -2.46
4.86 10.32
7.47 -3.93
16.72 22.75
15.45 -16.84
2.15 7.42
5.84 11.5
8.85 -13.76
7.87 -2.67
15.47 -5.01
7.81 -15.01
15.06 -4.79
7.14 -14.68
6.54 -5.68
6.81 13.25
10.19 -3.06
6.19 15.1
10.89 -17.03
3.86 9.68
16.93 -3.84
2.84 7.79
14.81 -18.37
10.42 -3.08
2.55 -0.05
2.54 -2.39
8.68 -16.5
7.01 -9.57
8.25 -15.11
9.21 -15.63
8.61 14.98
15.86 -4.2
4.0 -10.38
6.29 -14.58
5.28 -12.93
3.73 12.31
12.39 -13.49
8.52 -13.12
10.66 -15.91
9.99 16.29
10.8 -18.72
5.02 -2.17
11.38 -2.83
11.94 18.84
10.41 -3.92
11.11 16.86
7.5 -13.89
2.38 -11.37
5.18 9.61
2.51 -2.23
5.73 12.34
4.07 -1.09
9.3 -3.1
5.74 14.36
2.21 8.47
10.64 18.56
3.0 -5.94
14.64 -19.31
9.08 -13.32
11.59 18.52
12.44 -1.0
5.84 12.53
6.15 -10.48
16.54 -2.21
15.57 -18.07
7.89 -4.32
3.74 -11.15
16.15 -1.15
8.67 -15.94
7.25 11.59
11.06 16.06
7.88 14.07
10.72 18.18
12.32 20.19
7.42 -13.76
2.61 7.93
15.01 -16.52
3.28 -0.45
8.39 -2.12
14.78 21.68
7.56 -13.74
9.95 19.76
12.27 19.2
6.53 -11.86
15.89 22.79
2.32 -8.52
10.12 17.17
4.12 10.58
14.76 19.71
7.25 -3.81
5.92 -10.63
12.23 -14.9
5.72 -12.57
9.81 -2.39
3.44 -3.84
8.89 16.45
16.01 23.24
2.24 -8.78
6.68 -3.47
16.16 21.33
10.2 16.34
2.79 9.78
4.86 -3.25
8.5 -17.8
3.17 12.14
11.21 20.47
4.36 0.13
12.4 -13.66
2.86 -5.6
4.0 12.47
6.77 11.88
7.04 11.47
3.61 -11.74
15.31 22.39
10.93 20.25
15.22 20.62
5.5 -12.4
16.12 24.11
13.82 22.18
5.26 14.87
11.26 16.36
8.71 -16.33
6.78 -5.3
3.09 8.95
3.28 -11.47
13.66 -4.87
5.8 -0.99
11.86 -15.74
6.07 16.34
8.64 -11.07
13.34 20.6
10.72 -5.44
6.0 -11.18
11.0 -16.65
6.4 15.37
4.96 -1.65
12.11 20.47
9.92 17.96
11.76 -1.52
12.23 -3.71
10.93 -5.0
4.35 -1.56
5.76 -2.8
14.44 -15.82
4.55 10.44
12.95 19.19
15.27 0.22
12.62 1.3
13.52 18.41
16.15 -1.78
8.4 11.67
3.72 -6.85
5.9 10.72
8.03 -14.06
15.11 -21.44
5.25 -9.43
7.6 -14.58
7.41 14.35
14.02 -2.2
5.23 12.74
13.41 -4.55
5.91 -10.94
14.87 -16.41
10.69 -4.67
8.9 -16.24
12.79 -15.65
11.17 18.4
12.37 17.49
13.27 19.77
9.01 16.9
11.78 -2.08
15.8 -2.39
16.25 -17.04
3.08 -10.84
11.86 -14.13
4.6 -10.33
12.74 -2.95
6.59 -2.06
10.04 17.89
5.62 -14.08
10.22 -13.95
10.48 -5.48
5.86 10.91
7.7 -5.5
3.87 -14.22
11.95 -1.13
11.84 -4.92
16.04 -2.31
14.56 19.72
12.91 0.35
13.14 -12.54
11.03 -14.85
7.33 -13.25
16.56 -18.16
14.82 -14.92
7.07 16.83
16.99 -19.52
16.49 24.26
8.88 16.53
7.31 -4.36
14.09 23.51
10.17 15.09
11.4 19.13
2.41 7.29
12.57 -16.6
8.33 15.56
2.17 9.49
8.3 17.75
7.31 -5.99
11.26 20.05
13.36 -18.47
13.94 20.52
7.43 -12.78
13.68 21.55
10.26 13.58
10.51 18.9
15.54 -20.0
4.89 -9.33
4.6 -12.63
10.53 -14.13
16.42 -1.81
9.04 13.27
16.88 19.87
10.32 15.77
4.44 10.19
4.68 -1.41
11.88 -0.9
4.42 -10.75
8.91 -2.96
3.43 -1.22
14.29 -3.84
3.38 10.54
3.44 0.35
14.5 -1.11
12.58 -4.14
12.57 -14.44
10.29 -13.02
7.34 14.93
13.85 -18.19
8.93 16.14
2.61 10.71
7.77 -12.74
4.86 -4.27
5.68 -1.48
8.41 12.86
13.45 -17.27
16.25 21.49
5.75 -2.43
10.87 14.4
11.05 -4.7
5.73 -8.79
12.75 -17.73
16.25 23.98
7.58 14.78
2.36 11.32
14.26 -4.12
5.12 -6.23
7.4 -3.49
12.12 16.82
13.63 -16.1
2.12 -10.14
7.99 -14.22
2.08 -7.88
7.98 12.89
3.46 9.06
2.72 -10.22
10.57 -13.52
14.76 21.63
13.12 -3.62
13.58 -19.36
9.7 -1.98
6.42 -11.9
3.61 -3.21
9.42 16.97
16.35 23.45
7.05 -1.8
15.48 -2.6
11.4 -3.0
14.08 -2.17
7.99 -6.47
13.48 -0.56
11.71 21.45
2.69 -11.89
9.33 -15.99
10.3 -15.74
12.2 -2.2
15.06 -22.65
3.61 9.02
14.36 -18.45
10.23 -4.1
13.86 21.37
5.62 -11.61
15.97 25.37
11.47 17.85
3.73 -11.52
8.86 -2.63
5.18 14.17
15.27 -1.45
8.6 15.56
13.89 -18.46
5.71 10.74
16.79 -20.52
2.42 -3.51
8.61 19.55
10.46 -12.43
14.54 19.72
14.85 22.52
16.46 -20.1
10.25 -1.81
7.05 -11.59
11.07 16.81
5.42 -3.05
13.12 -3.71
9.13 -4.91
15.03 21.29
3.15 -8.22
11.3 19.53
14.09 -16.89
15.97 -21.88
9.54 -4.63
8.43 -13.97
8.84 -4.73
8.36 13.13
12.13 19.61
11.7 18.98
14.69 -19.06
3.79 -5.08
4.82 -2.84
15.33 -20.64
8.97 17.08
14.03 -4.32
11.13 -14.75
7.45 -5.43
15.05 -1.82
15.39 22.26
8.37 -4.12
3.96 11.97
4.83 13.25
14.66 -16.79
13.13 -16.34
9.16 15.13
5.97 16.31
6.72 13.64
7.91 -3.08
14.85 -0.64
14.96 21.25
12.28 -18.71
13.27 -3.18
7.88 -4.86
13.03 20.91
12.82 -15.88
7.44 -2.7
14.35 22.32
10.2 -3.1
7.96 -14.37
7.21 -12.89
15.8 -2.64
14.06 -18.4
12.31 -15.66
2.71 6.07
6.18 -13.83
5.29 12.52
14.79 1.09
10.31 -16.2
9.26 -3.46
4.58 -2.85
14.79 -17.66
15.33 -16.98
12.36 20.41
4.22 -1.8
5.16 -5.44
3.47 -2.05
5.15 13.16
12.9 20.81
13.82 22.22
2.14 -3.07
4.78 1.24
8.56 16.48
7.68 -12.59
5.96 -13.86
11.98 -13.29
11.24 -17.12
7.43 -1.62
5.95 -2.25
9.85 16.24
15.57 25.55
5.23 -5.34
14.17 -5.89
9.5 -5.68
9.48 -19.07
16.06 -20.91
16.04 -1.19
11.3 -6.74
6.4 15.67
2.21 -10.69
8.88 -14.97
13.79 -16.52
14.93 -2.34
14.16 18.19
15.99 -3.54
6.54 13.43
12.98 18.45
15.85 -19.76
12.21 15.72
2.73 -3.08
7.71 -15.95
5.78 -2.62
11.85 -4.65
15.34 25.4
8.9 -0.42
3.99 -3.87
14.21 22.74
13.47 18.78
4.45 -0.9
6.42 -4.27
13.42 19.22
13.16 -15.99
11.0 -14.66
10.8 -13.88
14.04 -0.88
14.32 21.79
2.3 9.21
15.03 24.5
11.5 0.39
2.35 -8.89
13.93 -19.63
15.84 -4.65
16.83 23.48
9.79 -12.89
5.28 11.8
5.25 -11.63
15.77 -0.57
6.3 -14.65
11.53 16.03
13.95 20.41
9.68 16.08
6.78 -3.98
7.95 -11.74
10.96 -1.67
3.92 -12.78
8.0 -12.64
6.2 -13.82
11.11 -4.1
16.0 25.19
7.73 -16.01
14.24 -3.78
15.72 24.22
16.98 -18.17
15.28 19.98
2.95 11.15
13.78 -3.52
7.61 14.44
13.22 20.35
5.7 -12.24
2.28 8.88
7.56 -13.67
12.81 -18.42
4.08 -6.44
10.96 18.04
2.3 -4.28
6.61 -3.03
5.06 -10.67
8.1 -3.39
12.71 16.42
8.63 17.69
12.89 18.57
10.05 -16.43
4.19 -1.84
14.25 -17.61
4.45 -2.85
14.25 -19.88
2.79 -3.34
3.99 -3.5
11.73 21.73
16.53 23.13
15.17 -17.11
7.89 -15.89
12.5 15.9
4.15 -13.38
9.46 11.98
9.16 1.19
9.85 -1.2
10.84 -14.47
7.23 11.1
6.53 -4.8
2.65 -1.92
5.22 -4.31
15.34 22.38
7.2 14.73
10.42 -2.04
14.35 -17.72
3.64 -3.83
4.76 -12.51
11.92 -17.93
16.97 -3.71
13.03 -3.95
5.72 -12.67
7.09 -1.61
11.64 -1.19
7.65 -0.92
6.37 14.3
7.94 -13.19
12.44 -0.51
8.31 -15.28
5.86 -2.7
4.43 -2.21
11.63 -19.49
14.83 -2.77
9.7 -3.58
4.45 8.64
7.41 15.77
6.43 -15.49
7.79 16.66
9.37 -2.14
11.46 -16.81
8.25 -12.95
2.57 9.27
16.46 23.41
5.16 -1.92
13.5 -5.13
6.91 14.88
12.73 19.75
16.2 23.65
5.36 13.84
6.91 -5.1
12.37 -16.89
14.17 -2.21
9.55 17.12
2.42 -12.37
2.55 -9.12
8.01 -15.62
5.79 -2.39
16.09 -4.67
2.71 -9.08
9.94 16.74
9.31 20.17
2.39 6.83
3.65 -8.71
4.39 -13.49
13.19 20.81
12.6 -15.49
9.65 17.39
4.43 -2.76
3.44 9.97
13.74 1.25
12.48 -0.49
10.77 -5.2
8.23 15.46
13.51 -5.88
15.92 -3.14
16.48 0.49
7.51 -3.72
8.01 -12.55
13.87 -20.15
13.76 -15.75
16.01 23.01
2.79 -5.41
4.95 -11.85
7.49 14.06
9.16 -15.6
5.9 13.03
16.46 -3.55
16.37 22.09
12.38 -16.42
3.94 0.27
10.8 18.99
8.9 -10.6
12.28 -2.62
13.06 -14.23
9.04 0.24
14.02 -5.33
2.08 -2.74
11.82 18.87
13.81 -16.86
8.9 -13.38
7.62 16.83
15.02 -0.99
14.74 22.18
15.9 -17.67
14.69 -6.07
11.92 18.24
8.73 -16.17
7.61 16.07
15.53 21.94
8.93 -13.72
14.8 22.34
7.58 -2.86
5.23 14.82
7.31 -9.28
16.55 20.68
14.58 26.06
14.52 -17.53
3.24 7.14
12.38 -15.77
2.1 9.7
3.69 10.66
4.12 14.52
16.52 -5.75
16.68 -20.45
11.47 -13.49
7.96 -3.02
5.8 16.31
8.27 -11.55
10.77 16.74
9.02 -6.79
10.9 18.71
16.87 26.46
3.44 10.4
9.09 -14.85
13.18 -17.76
14.01 22.06
15.57 -19.74
14.71 22.17
6.27 -4.84
4.88 -8.52
13.95 -8.91
16.2 24.95
15.17 25.5
6.44 -10.99
9.46 -15.26
2.92 -3.99
10.04 -13.9
13.72 -16.83
10.44 -3.39
4.59 -14.6
8.22 -6.3
5.52 -1.09
11.15 -17.65
6.14 -14.48
11.81 19.96
3.35 -8.66
14.27 -18.96
7.77 13.89
3.66 -3.16
2.83 -13.26
9.91 18.29
9.71 -4.08
6.21 -3.99
15.68 -18.53
11.66 -16.62
13.42 18.24
12.78 -17.02
2.38 8.25
5.67 -4.16
9.49 -15.81
2.86 -3.46
10.47 -13.57
3.04 -10.82
2.58 -9.21
6.85 -2.3
4.78 -11.95
9.93 -16.64
14.71 24.33
16.4 22.6
16.23 -2.75
5.98 11.92
