12.39 -13.49
2.75 -11.27
11.12 -14.71
5.37 -13.52
12.37 -16.89
14.27 -18.96
12.29 -17.37
14.44 -15.82
14.5 -18.67
9.65 -13.69
12.57 -16.6
14.69 -19.06
12.35 -18.08
6.96 -13.21
11.0 -16.65
11.13 -16.33
9.97 -12.9
15.06 -22.65
10.75 -14.86
2.87 -4.86
8.81 -13.54
3.05 -11.89
12.47 -16.87
16.86 -18.67
12.57 -14.44
8.53 -13.64
12.73 -17.39
15.43 -17.09
2.21 -11.95
12.56 -16.85
11.12 -16.27
6.51 -14.85
9.36 -11.51
9.63 -17.28
15.49 -21.11
10.46 -12.43
12.9 -15.63
14.11 -16.5
9.63 -13.75
5.91 -10.94
8.98 -16.84
15.43 -20.48
3.71 -11.93
5.24 -11.33
10.29 -13.02
13.91 -17.44
7.08 -9.8
2.35 -8.89
6.92 -14.58
15.17 -17.11
15.49 -17.52
9.16 -15.6
5.51 -14.94
11.15 -17.65
8.31 -15.28
7.71 -15.95
15.9 -17.67
15.51 -16.9
5.54 -13.4
6.21 -14.86
11.24 -16.03
2.55 -9.12
13.13 -16.34
2.32 -8.52
16.25 -17.04
7.6 -14.58
14.09 -17.58
8.17 -14.04
6.0 -11.18
7.83 -13.05
2.37 -10.06
8.99 -16.35
7.89 -15.89
2.11 -8.31
12.95 -15.27
11.03 -14.85
10.3 -15.74
15.94 -18.48
9.36 -14.91
9.32 -15.9
10.8 -13.88
8.98 -15.0
8.91 -11.87
3.61 -12.47
5.5 -12.6
15.9 -18.51
7.95 -11.74
4.13 -13.18
11.12 -16.87
13.36 -18.47
3.95 -11.68
3.28 -11.47
12.81 -18.42
5.72 -12.67
5.43 -11.43
12.22 -18.25
9.92 -16.59
4.0 -10.38
16.6 -19.37
3.05 -10.86
15.65 -19.74
8.73 -16.17
6.2 -13.82
11.36 -17.02
9.03 -14.21
12.62 -18.72
10.28 -15.7
5.98 -10.76
5.67 -14.63
10.95 -17.24
15.97 -15.45
3.72 -6.85
3.87 -14.22
15.97 -21.88
4.0 -10.47
13.95 -16.75
7.5 -13.89
2.81 -10.57
6.16 -13.22
7.18 -15.58
6.42 -11.9
9.49 -15.81
4.21 -11.61
12.84 -16.68
8.25 -15.11
13.76 -15.75
2.03 -12.83
14.53 -18.25
16.79 -20.52
4.93 -10.45
11.98 -13.29
5.18 -9.27
2.61 -10.44
8.9 -13.38
2.72 -9.67
6.26 -13.04
11.47 -13.49
12.96 -16.67
15.11 -21.44
10.73 -14.72
13.85 -18.19
4.3 -11.83
9.4 -14.3
6.46 -8.39
16.03 -19.68
15.76 -18.66
16.16 -19.4
13.61 -15.86
10.05 -16.43
13.45 -17.27
13.04 -19.58
14.36 -20.28
13.96 -18.74
5.51 -15.43
8.9 -10.6
2.37 -9.34
5.66 -10.76
5.25 -9.43
8.83 -14.44
15.83 -18.16
6.28 -14.65
8.41 -15.32
6.73 -10.52
2.56 -10.47
6.29 -14.58
2.15 -9.67
3.21 -8.12
6.72 -11.8
12.76 -14.61
8.88 -14.97
9.97 -14.19
5.81 -12.08
3.86 -11.82
4.6 -10.33
6.14 -12.21
11.86 -14.13
2.89 -11.29
5.62 -14.08
14.79 -17.66
5.32 -12.1
4.42 -10.75
5.25 -11.63
11.94 -15.73
7.99 -14.22
15.78 -17.85
15.72 -20.32
14.56 -18.71
10.0 -13.92
12.58 -16.4
10.47 -13.57
3.08 -10.84
16.98 -18.17
15.53 -17.95
10.84 -14.47
8.46 -13.22
15.45 -19.63
14.5 -18.08
13.79 -16.52
7.58 -14.49
8.45 -14.63
16.34 -20.22
6.44 -10.99
3.28 -11.09
5.53 -14.57
3.65 -8.71
9.7 -13.88
15.42 -18.96
12.82 -15.88
7.43 -12.78
3.1 -9.55
9.74 -14.66
4.87 -12.27
16.46 -18.2
12.13 -13.45
3.42 -9.94
14.17 -16.33
16.16 -19.07
11.39 -15.38
11.4 -11.86
5.02 -10.28
5.68 -12.87
3.55 -9.6
10.36 -13.69
7.39 -12.58
2.88 -11.6
8.25 -12.95
8.08 -14.87
7.67 -11.03
14.12 -14.41
4.24 -12.8
15.84 -16.49
15.75 -17.15
8.27 -11.55
14.15 -19.44
6.02 -12.01
16.99 -19.52
3.94 -14.23
5.5 -12.4
4.97 -10.24
3.13 -10.71
10.12 -17.42
3.56 -13.52
12.28 -18.71
13.25 -17.08
3.44 -11.66
7.42 -13.76
15.49 -20.13
8.65 -13.33
6.15 -10.48
7.47 -14.58
13.16 -18.02
7.81 -15.01
12.47 -14.74
11.49 -15.03
4.86 -11.55
5.23 -13.49
13.49 -17.1
2.71 -9.08
14.81 -18.37
8.13 -11.46
2.69 -12.88
10.16 -14.54
11.89 -15.92
9.5 -15.35
5.84 -14.29
16.66 -19.32
7.56 -13.67
10.27 -13.78
4.0 -11.57
3.39 -13.87
2.72 -10.22
16.9 -17.44
7.88 -11.66
10.07 -14.4
16.56 -18.16
5.73 -8.79
15.85 -19.76
6.84 -11.82
8.52 -14.98
8.05 -13.88
5.14 -13.75
16.82 -15.67
12.47 -16.17
2.8 -11.1
8.97 -13.75
6.9 -15.1
2.69 -11.89
13.09 -17.16
5.06 -10.67
11.27 -13.7
2.08 -7.88
12.39 -15.19
4.01 -11.23
9.05 -13.4
6.3 -14.65
6.28 -11.25
8.56 -14.37
12.48 -15.97
15.03 -17.0
12.13 -15.02
14.78 -18.58
6.71 -12.97
13.14 -12.54
12.4 -13.66
2.84 -11.98
6.04 -14.02
6.18 -13.87
6.46 -11.02
5.71 -12.41
4.15 -13.38
10.86 -14.9
8.76 -14.01
13.06 -14.23
8.03 -14.06
14.22 -17.9
6.95 -10.61
8.0 -12.64
7.73 -16.01
12.31 -15.66
10.89 -17.03
4.43 -10.89
14.07 -15.37
13.34 -19.46
11.07 -12.89
16.92 -16.24
10.84 -16.81
8.18 -14.35
4.88 -12.54
11.05 -12.94
14.93 -16.99
11.13 -14.75
4.87 -9.91
2.83 -13.26
16.68 -18.56
2.38 -7.44
9.21 -15.63
10.85 -14.29
13.92 -18.7
8.12 -14.87
4.5 -10.42
13.87 -20.15
6.14 -14.48
12.19 -16.46
8.01 -12.55
13.53 -15.81
8.67 -15.94
10.53 -14.13
9.03 -15.35
12.38 -15.77
11.63 -19.49
8.5 -17.8
12.65 -18.49
8.82 -16.18
15.77 -18.47
7.32 -13.11
13.65 -15.85
3.15 -8.22
12.06 -15.2
9.46 -15.26
3.15 -10.38
9.33 -15.99
10.31 -16.2
16.46 -20.1
7.94 -13.19
9.95 -14.24
10.15 -10.89
12.78 -17.02
16.47 -19.2
11.66 -17.18
9.34 -14.93
6.32 -10.47
16.62 -21.29
8.9 -16.24
7.98 -13.96
14.01 -16.78
4.63 -11.43
9.43 -12.69
15.57 -18.07
2.62 -10.16
2.18 -10.42
14.7 -15.1
5.04 -13.12
14.68 -18.18
8.52 -15.89
13.16 -15.99
9.6 -17.32
6.43 -15.49
14.21 -17.68
6.15 -14.56
5.7 -12.24
7.33 -13.25
4.47 -8.92
14.06 -18.4
3.74 -11.15
14.25 -19.88
9.62 -13.02
12.78 -16.71
10.0 -15.99
7.5 -15.18
8.05 -12.37
4.59 -14.6
9.08 -13.32
2.08 -14.89
2.11 -11.84
13.58 -19.36
5.27 -12.9
12.8 -20.53
13.3 -17.67
16.35 -18.76
14.17 -17.4
3.73 -11.52
3.22 -9.84
15.81 -19.87
7.08 -12.71
8.35 -11.03
14.35 -17.72
12.81 -17.76
12.75 -17.73
7.68 -12.59
7.48 -14.04
7.57 -12.39
13.83 -16.07
14.92 -18.32
9.29 -13.64
9.67 -14.32
5.49 -15.21
7.05 -11.59
3.98 -8.9
6.62 -10.59
5.33 -16.3
4.97 -14.39
11.68 -14.4
7.03 -13.56
15.02 -17.17
7.39 -13.24
4.28 -10.91
11.58 -17.59
3.69 -12.34
5.28 -13.03
16.06 -19.66
15.57 -19.74
8.98 -15.05
11.66 -16.62
6.24 -11.24
16.41 -18.08
4.78 -11.95
7.31 -13.57
13.7 -18.3
12.99 -17.1
7.0 -9.38
13.39 -17.29
7.2 -12.54
10.85 -13.08
8.51 -14.47
3.96 -11.03
5.38 -9.15
6.52 -14.78
3.91 -10.44
11.06 -15.33
12.68 -17.5
13.63 -16.1
2.35 -8.49
15.63 -16.43
2.63 -11.65
14.14 -17.02
5.86 -10.13
16.5 -18.72
2.58 -9.21
8.66 -13.02
8.71 -16.33
9.83 -15.1
11.79 -16.37
10.57 -13.52
13.71 -16.33
14.66 -16.81
8.86 -12.65
11.66 -15.16
13.82 -16.06
15.68 -18.53
13.14 -18.53
5.62 -11.61
2.29 -10.9
9.93 -16.64
6.53 -11.86
7.9 -10.92
2.12 -10.14
12.13 -17.91
16.68 -20.45
15.49 -18.11
4.92 -13.13
5.52 -10.18
14.64 -15.89
12.6 -15.49
13.72 -16.83
10.51 -16.53
5.23 -11.15
14.36 -18.45
7.96 -14.37
7.27 -12.9
10.23 -16.04
14.38 -16.67
12.18 -15.36
3.8 -10.34
16.53 -20.69
2.61 -9.14
6.18 -13.83
5.72 -12.57
4.44 -10.84
15.33 -16.98
4.37 -11.58
11.81 -16.1
5.16 -14.07
4.76 -12.51
7.67 -12.91
7.56 -13.74
12.4 -18.36
2.76 -9.69
4.89 -9.33
8.68 -16.5
12.35 -14.81
12.77 -15.96
10.52 -13.76
6.65 -11.12
13.18 -17.76
15.59 -20.44
3.9 -8.96
10.14 -16.04
9.79 -12.89
6.77 -14.49
10.8 -18.72
7.01 -9.57
9.4 -10.25
14.09 -16.89
8.93 -13.72
12.79 -15.65
4.95 -11.85
7.03 -11.53
2.26 -8.26
3.49 -13.7
3.61 -11.74
2.18 -10.99
11.88 -16.64
3.51 -7.11
5.92 -10.63
8.64 -11.07
5.2 -9.18
3.97 -11.52
10.22 -13.95
2.38 -11.37
8.43 -13.97
10.05 -13.91
5.96 -13.86
11.6 -15.57
15.54 -20.0
14.13 -16.96
3.04 -10.82
7.14 -14.68
4.88 -8.52
12.08 -17.48
15.92 -20.07
14.87 -16.41
8.85 -13.76
11.97 -15.37
2.3 -10.86
13.93 -19.63
11.28 -18.5
5.59 -16.21
7.04 -14.1
5.75 -12.19
4.05 -15.05
2.21 -10.69
15.33 -20.64
11.46 -16.81
4.39 -13.49
14.73 -18.24
11.43 -18.76
6.92 -12.62
6.65 -16.19
10.04 -13.9
8.95 -15.22
6.82 -12.3
4.68 -11.56
11.23 -15.03
5.24 -10.74
2.42 -12.37
13.89 -18.46
6.68 -13.18
10.14 -15.85
5.51 -11.31
10.66 -15.91
5.67 -12.69
3.81 -11.38
6.42 -12.32
6.17 -13.04
9.67 -13.05
15.51 -21.03
8.42 -14.23
16.06 -20.91
7.23 -11.64
12.23 -14.9
10.4 -15.58
3.31 -11.69
9.71 -14.21
11.73 -14.36
5.58 -11.82
16.45 -19.67
3.35 -8.66
3.56 -8.21
14.85 -19.6
9.8 -14.76
9.4 -16.21
10.3 -14.41
10.33 -14.56
16.29 -16.73
14.45 -17.04
3.1 -10.0
8.77 -13.9
14.52 -17.53
8.01 -15.62
13.63 -18.13
10.75 -17.08
14.82 -14.92
4.6 -12.63
12.86 -20.25
14.64 -19.31
12.38 -16.42
7.21 -12.89
5.28 -12.93
10.0 -17.0
6.96 -11.28
4.1 -15.45
14.42 -17.42
2.25 -9.75
2.48 -11.31
10.71 -11.91
9.67 -17.42
11.24 -17.12
3.15 -11.25
11.16 -17.69
5.76 -11.1
7.19 -13.16
15.45 -16.84
6.28 -14.23
13.49 -14.78
4.04 -9.26
5.67 -13.71
9.48 -19.07
13.7 -18.76
2.2 -6.87
12.28 -18.82
4.69 -13.14
3.92 -12.78
10.32 -13.62
14.6 -17.85
13.1 -15.96
11.0 -14.66
4.11 -12.04
16.06 -19.33
15.95 -18.43
13.24 -18.96
14.66 -16.79
5.47 -12.3
11.92 -17.93
4.1 -13.2
2.18 -8.18
11.33 -14.7
6.53 -12.43
14.49 -17.89
12.73 -14.22
3.89 -9.67
13.81 -16.86
15.62 -19.94
14.28 -14.18
10.53 -13.64
14.11 -15.47
11.61 -17.49
4.5 -11.38
12.98 -18.23
12.18 -16.08
14.25 -17.61
9.09 -14.85
8.4 -12.3
16.51 -20.26
8.52 -13.12
11.89 -17.07
11.66 -15.19
5.02 -12.02
3.83 -11.23
11.86 -15.74
9.91 -14.95
5.25 -10.97
15.0 -15.21
15.17 -16.2
6.88 -11.83
16.45 -17.43
12.66 -13.97
7.31 -9.28
7.77 -12.74
2.58 -10.09
15.01 -16.52
