Execution time: 49.00447750091553
mse: 1.0632382147734563
Regression coefs:
	[array([0.68415874]), array([-0.26929378]), array([-0.56907003]), array([1.94260326]), array([-0.])]
Regression interception:
	[np.float64(-8.739858718785255), np.float64(-50.307751133999155), np.float64(-30.290359058446718), np.float64(20.650993472365954), np.float64(-14.96185)]
Clusters:
[1 1 4 0 0 4 0 3 4 2 2 1 0 4 3 2 1 2 2 2 4 2 0 4 1 1 0 4 4 3 1 3 3 4 4 4 1
 2 2 0 2 2 4 3 2 4 1 1 4 3 1 3 0 1 1 0 1 4 3 4 4 2 4 3 3 1 3 0 3 2 0 1 0 4
 3 2 1 2 0 1 0 3 4 3 1 3 1 1 3 1 4 2 0 2 0 1 0 2 1 0 2 0 4 1 2 4 4 3 3 1 4
 1 4 2 4 1 0 1 4 4 2 1 1 1 3 2 4 2 4 1 4 0 0 2 3 1 2 4 1 0 4 2 1 0 1 2 2 0
 0 2 0 1 2 2 0 4 0 3 4 1 3 0 1 3 4 2 0 2 3 0 1 3 0 4 4 0 4 2 2 0 2 2 2 1 4
 1 1 4 0 0 4 3 2 3 4 2 3 3 0 2 2 3 2 1 4 3 0 3 1 0 4 0 1 2 4 4 2 1 4 2 2 2
 0 1 0 3 4 0 0 4 4 3 2 4 0 4 1 0 1 0 0 1 3 1 3 3 2 1 0 2 1 1 3 4 0 0 0 3 1
 2 2 0 4 3 4 1 2 3 0 1 2 2 1 0 0 1 0 3 4 4 1 3 1 1 0 4 0 1 2 0 1 4 4 2 3 4
 1 2 3 0 2 4 1 0 0 0 4 0 3 4 1 2 3 4 4 3 1 2 1 4 0 3 2 3 3 2 4 2 0 2 3 2 0
 1 1 4 4 3 2 2 0 3 0 1 2 2 0 1 4 2 4 0 4 4 0 3 2 1 1 0 0 4 1 4 3 2 2 3 2 4
 3 4 2 1 1 0 1 4 3 4 0 0 1 3 2 3 3 2 3 1 1 0 2 3 1 4 3 1 1 0 3 1 0 1 0 4 0
 1 3 2 3 4 1 1 2 0 4 4 1 4 2 0 4 2 4 0 4 3 0 1 2 0 2 2 2 2 2 2 0 2 2 0 3 3
 1 1 4 2 3 3 0 2 1 1 0 3 1 2 1 2 1 3 3 0 3 3 2 0 0 0 3 3 3 4 4 3 2 2 3 1 2
 4 3 1 4 2 2 2 4 1 0 3 3 1 0 2 4 1 1 2 4 4 4 0 2 4 2 0 0 3 0 2 4 2 1 3 4 2
 3 2 4 2 4 4 4 4 0 2 4 4 0 4 1 1 1 2 2 1 0 4 0 0 3 1 2 0 4 1 4 2 4 4 2 1 0
 4 1 0 1 3 0 2 2 3 3 1 0 1 1 2 3 0 1 3 4 3 3 4 0 3 2 0 3 1 0 4 4 1 0 4 2 3
 0 4 1 1 1 2 1 4 1 0 1 4 0 4 3 0 1 3 2 3 4 2 1 3 1 3 2 1 4 0 1 3 4 0 0 1 2
 0 3 3 4 1 1 3 0 4 1 0 0 4 0 2 2 4 4 3 4 0 3 2 1 3 4 2 3 3 1 1 1 3 2 1 1 4
 3 4 0 0 4 2 4 0 3 0 0 3 4 2 1 4 0 1 4 4 3 0 0 4 0 0 2 2 3 3 3 4 1 2 2 4 3
 2 1 4 3 2 0 3 3 3 3 0 1 2 1 3 0 0 3 0 1 3 0 1 2 3 1 3 1 0 3 4 1 1 4 2 3 2
 3 3 1 3 0 0 0 3 3 3 0 0 1 0 1 4 1 2 4 3 0 2 1 4 0 4 0 4 2 4 1 1 0 3 0 0 2
 3 2 3 2 4 1 1 3 3 3 0 4 1 0 3 2 4 0 2 2 3 0 4 3 2 0 2 0 0 2 4 4 2 3 2 3 2
 3 4 1 3 2 3 1 4 3 4 0 0 0 3 0 4 3 2 2 0 3 0 2 1 4 1 0 3 2 1 4 1 1 1 0 1 4
 1 0 1 2 3 2 0 3 2 2 0 2 0 2 3 2 4 2 1 3 2 4 3 3 3 3 1 3 3 3 3 4 0 2 4 0 4
 0 2 1 3 2 4 0 1 4 2 2 1 3 2 3 1 1 4 3 2 3 1 1 2 1 3 3 2 3 0 1 1 4 4 0 1 2
 4 0 4 2 3 3 1 1 4 4 0 3 1 4 4 0 3 3 1 4 1 1 4 2 2 4 0 3 2 4 2 2 3 4 0 3 4
 2 0 4 0 4 2 0 3 2 3 1 4 0 0 2 3 2 2 3 1 2 1 4 0 1 3 3 4 0 0 0 0 3 4 3 3 4
 4]
