Execution time: 22.231403827667236
mse: 1.0140166341016363
Regression coefs:
	[array([-0.57177244]), array([-0.28178012]), array([0.]), array([1.95974935]), array([0.67324436])]
Regression interception:
	[np.float64(-30.312760410213173), np.float64(-50.19721812473592), np.float64(-14.8674), np.float64(20.419574464535756), np.float64(-8.694193178112222)]
Clusters:
[3 1 4 4 3 1 0 0 0 2 1 2 1 0 3 0 2 2 1 1 2 4 4 4 1 2 2 2 0 3 3 0 1 0 4 2 1
 4 0 2 1 3 2 3 3 0 3 0 3 1 0 3 4 3 3 0 1 1 4 0 4 3 1 4 0 4 2 0 2 0 0 1 2 3
 1 1 1 1 3 4 3 3 4 3 0 1 0 1 0 2 1 4 1 1 2 1 4 4 3 0 0 2 0 0 3 4 4 2 1 4 4
 4 4 4 0 3 3 3 2 4 4 0 0 1 4 4 0 0 2 1 3 0 0 0 0 0 1 2 1 2 1 4 4 3 4 1 2 2
 1 0 0 0 4 3 1 1 3 4 1 0 1 3 4 2 3 0 0 3 3 4 1 0 3 3 0 3 2 0 3 1 3 1 2 3 3
 2 0 4 2 3 4 2 2 1 2 0 3 0 0 1 4 4 1 2 3 3 2 0 3 0 1 1 3 4 3 4 4 3 1 1 0 3
 1 3 0 3 1 0 3 2 0 3 0 0 0 0 1 3 3 3 4 2 3 4 3 0 2 2 4 2 0 3 2 3 1 1 0 0 3
 4 4 3 4 0 0 4 0 1 2 1 3 3 1 2 4 0 2 2 2 0 0 4 1 2 2 4 3 1 0 1 3 0 0 1 0 4
 0 3 4 4 4 3 0 1 3 2 4 1 3 4 2 2 0 1 1 3 4 4 4 3 4 2 0 1 0 1 2 2 1 4 2 4 4
 1 4 1 4 4 1 1 4 0 0 4 1 4 4 0 4 4 2 2 4 0 4 3 3 0 4 2 1 1 2 1 3 3 1 0 4 1
 0 3 4 4 3 4 2 4 4 3 2 3 3 2 0 2 4 0 0 2 3 3 4 1 4 2 3 1 0 3 2 2 4 0 1 0 2
 0 3 1 4 0 2 2 0 3 2 2 2 0 1 2 3 2 3 4 3 0 4 4 0 3 4 1 3 2 3 0 1 0 2 0 2 4
 3 1 4 0 0 1 1 2 2 2 3 0 3 1 0 1 1 4 2 4 2 3 0 3 4 3 2 4 2 3 2 4 0 1 4 0 4
 4 1 2 2 0 3 0 1 1 4 3 3 3 3 0 4 1 3 0 3 2 3 2 1 0 1 0 3 1 3 3 3 2 2 4 2 0
 2 2 4 4 3 3 3 4 4 2 4 1 0 4 3 0 4 2 2 3 2 2 4 1 3 2 0 2 0 0 3 3 1 1 0 1 3
 1 4 3 2 4 1 3 3 3 4 0 4 3 0 0 0 2 3 0 4 0 0 1 2 2 1 0 4 3 3 4 1 3 4 0 0 0
 2 2 3 3 3 1 0 1 3 3 4 2 4 0 4 2 1 2 1 1 1 1 2 2 3 0 2 1 0 2 1 3 4 0 2 1 1
 3 4 2 2 1 3 0 1 0 0 3 4 1 1 1 1 0 4 3 0 1 2 3 4 1 2 3 0 3 4 0 1 2 4 2 0 2
 2 2 0 4 0 3 1 3 3 3 4 3 0 2 3 1 2 1 4 4 1 1 4 2 3 3 1 0 3 0 0 1 2 3 1 4 0
 2 2 3 1 2 3 2 4 2 3 2 0 1 4 0 1 2 3 3 4 2 2 1 1 1 0 4 2 1 0 1 4 3 0 4 0 1
 2 2 3 2 2 2 0 1 4 3 2 1 2 3 0 0 2 3 2 3 1 4 2 1 4 0 0 4 0 1 1 4 1 4 3 3 1
 4 2 3 0 3 4 2 4 4 1 4 4 3 0 2 1 2 0 0 4 0 1 0 1 4 2 4 1 2 1 4 0 1 4 3 1 0
 3 0 2 1 2 1 4 1 2 0 1 0 4 0 3 2 3 3 4 3 3 2 4 2 1 0 0 3 1 0 4 2 4 1 1 4 3
 1 4 4 2 2 0 1 1 3 0 1 1 1 3 2 3 1 4 4 1 0 2 1 1 2 2 2 4 0 3 4 2 1 2 1 1 0
 0 0 1 4 4 4 0 2 3 2 2 0 2 3 1 4 2 1 3 0 2 4 3 3 0 4 2 4 3 4 2 1 1 3 4 2 1
 0 2 2 3 0 2 0 1 2 2 2 1 4 0 4 3 0 1 2 0 3 4 4 2 4 1 2 0 3 4 0 4 4 1 3 1 3
 2 0 0 4 1 4 4 2 2 2 2 1 2 3 3 2 2 1 4 4 3 3 2 2 2 4 3 2 0 1 4 1 1 0 4 4 1
 4]
