Execution time: 4.6252195835113525
mse: 1.0402103861553902
Regression coefs:
	[array([0.99708703]), array([-0.99733129])]
Regression interception:
	[np.float64(-0.048160590821649474), np.float64(0.04378950108069324)]
Clusters:
[0 1 0 1 0 1 0 0 0 0 1 0 0 0 0 0 0 0 0 0 1 1 1 1 0 0 0 0 1 0 1 0 1 1 0 1 0
 0 0 0 1 1 1 1 1 0 0 0 0 0 0 1 1 1 0 0 1 0 1 1 1 1 1 0 1 1 0 0 1 1 0 1 0 1
 1 0 0 1 1 1 1 0 1 0 0 1 1 0 1 0 1 0 1 0 0 0 0 0 0 0 0 0 1 1 1 1 1 0 0 0 1
 1 1 1 1 0 0 1 0 0 0 1 0 0 1 1 0 1 0 1 0 0 1 0 0 1 1 0 1 0 1 0 0 0 0 0 1 0
 0 1 1 1 0 1 0 1 1 1 0 0 0 1 1 0 0 1 0 1 1 1 1 0 0 0 0 1 1 1 0 0 0 0 1 0 1
 1 0 0 0 1 1 1 1 1 1 1 1 0 1 1 1 1 1 0 1 1 0 0 1 1 0 0 1 1 0 0 1 0 0 0 0 1
 1 0 0 0 0 0 1 0 0 0 0 0 1 0 1 1 1 1 1 1 1 0 1 0 1 1 0 1 1 1 0 1 0 0 1 1 1
 0 0 1 0 1 0 0 0 0 1 1 0 0 0 1 0 0 1 1 1 1 1 0 1 1 1 0 0 1 1 0 0 1 1 1 1 0
 1 1 1 1 0 1 1 0 1 0 0 0 1 0 1 0 1 0 0 1 1 1 1 0 1 0 0 1 1 0 0 1 1 0 1 1 1
 0 1 0 1 1 0 1 0 1 1 0 0 1 0 1 0 1 0 1 0 1 0 0 1 0 0 0 0 1 0 1 1 0 0 0 0 0
 1 1 0 0 0 1 1 0 1 0 1 1 0 0 1 1 1 0 1 0 0 0 1 0 1 1 1 0 0 0 0 0 0 0 1 1 1
 1 1 1 1 1 0 1 1 1 1 1 0 0 1 1 0 1 0 1 1 1 0 0 1 0 1 0 0 0 1 0 1 1 0 1 0 0
 1 1 0 1 1 0 0 0 0 0 1 0 0 1 1 0 1 1 1 0 0 1 0 1 0 0 0 1 0 0 1 1 0 0 0 1 1
 1 0 0 0 1 1 0 0 0 1 0 0 0 0 1 0 1 1 1 1 0 0 1 0 0 1 1 0 0 1 0 1 0 0 1 1 0
 0 0 0 0 1 1 1 0 1 1 1 0 0 1 0 1 0 1 1 1 0 1 1 1 1 1 1 0 0 0 1 0 0 1 1 1 1
 0 1 1 0 0 1 1 1 1 0 0 1 1 0 0 1 0 1 1 0 1 1 0 0 0 1 0 0 0 1 0 1 0 1 0 0 0
 1 1 1 1 0 0 1 0]
