13.36 -3.27
18.97 -5.46
11.24 -3.53
8.48 -5.23
3.73 -4.88
14.71 -4.0
3.5 -5.32
17.68 -3.69
13.58 -3.97
1.43 -2.34
14.56 -1.98
10.51 -2.19
8.21 -4.55
18.94 -3.68
17.58 -5.72
18.61 -3.75
11.16 -3.37
13.58 -4.04
2.29 -4.87
5.19 -3.39
16.39 -2.61
6.21 -5.82
15.57 -4.1
10.69 -4.76
14.1 -2.46
17.39 -4.2
7.23 -4.56
8.66 -2.7
19.82 -3.37
3.98 -2.91
8.11 -2.74
14.0 -5.2
12.86 -6.46
2.58 -4.34
7.83 -4.95
6.92 -4.18
1.84 -3.2
16.03 -2.23
2.14 -5.01
17.38 -3.15
5.9 -4.24
4.68 -2.85
6.91 -3.31
8.43 -4.41
13.44 -5.94
3.55 -3.57
4.03 -3.67
0.13 -2.01
19.25 -3.76
13.6 -4.89
9.47 -4.27
11.7 -3.39
14.87 -4.12
8.85 -3.94
18.21 -3.27
13.96 -4.02
9.5 -4.34
15.62 -2.64
14.92 -3.91
17.65 -2.77
12.2 -3.78
16.21 -4.17
13.39 -4.45
3.21 -3.6
17.83 -3.82
3.82 -4.38
0.35 -3.92
3.79 -3.23
12.18 -3.55
7.87 -3.75
18.92 -4.69
9.03 -4.09
2.02 -3.02
9.58 -3.92
7.58 -3.89
18.36 -5.35
19.8 -5.29
10.74 -4.02
7.28 -4.48
13.02 -3.03
12.17 -4.58
3.21 -3.16
12.71 -2.97
1.24 -4.67
19.63 -4.1
17.17 -3.25
4.11 -3.36
16.21 -3.84
15.93 -3.65
18.47 -5.42
8.98 -5.0
13.12 -4.48
8.26 -3.89
7.38 -2.65
12.98 -3.26
19.29 -2.36
6.55 -5.07
1.41 -2.76
19.03 -3.64
2.91 -3.01
0.3 -5.05
6.26 -2.14
15.8 -3.59
7.34 -3.08
3.01 -3.18
9.48 -1.91
19.61 -4.6
15.02 -3.85
15.91 -5.1
5.34 -5.04
16.55 -2.55
18.62 -1.64
8.24 -3.33
9.7 -5.6
6.16 -4.03
3.88 -3.83
7.9 -3.65
17.51 -3.15
3.06 -4.87
9.9 -3.92
14.47 -4.8
5.98 -4.11
2.3 -2.99
3.59 -4.82
10.91 -3.95
12.62 -4.79
16.72 -2.65
8.65 -3.83
20.0 -2.68
3.32 -5.11
7.12 -4.75
9.85 -4.23
6.44 -4.16
0.3 -4.58
11.15 -4.2
4.53 -4.41
1.4 -4.61
13.34 -3.41
9.98 -4.59
4.9 -3.46
9.9 -4.67
2.16 -3.8
6.67 -4.49
3.19 -3.09
8.43 -3.21
8.19 -3.8
6.17 -2.39
6.71 -4.85
16.25 -4.18
5.66 -1.4
12.22 -3.97
19.64 -2.63
3.63 -3.35
2.94 -4.14
15.73 -3.6
1.41 -1.67
19.96 -4.65
15.85 -4.23
2.3 -4.18
4.79 -4.66
5.67 -3.35
0.3 -4.84
19.56 -2.38
10.6 -3.99
17.61 -3.25
8.91 -1.27
0.13 -4.12
7.97 -2.65
14.04 -2.84
7.69 -2.7
17.78 -4.01
0.12 -3.63
6.98 -3.26
5.92 -3.97
12.2 -5.5
1.11 -4.53
2.73 -4.93
9.15 -4.2
11.96 -4.08
10.98 -4.02
13.07 -3.73
7.41 -4.16
6.6 -4.77
8.9 -4.84
1.43 -5.3
13.69 -3.43
18.54 -2.55
15.34 -1.64
1.24 -5.57
12.34 -5.65
2.76 -5.36
14.86 -4.36
6.44 -2.84
2.9 -4.93
5.18 -5.38
15.37 -4.79
18.85 -3.33
7.31 -3.63
13.53 -2.88
7.74 -3.26
13.39 -5.97
17.98 -2.16
7.07 -3.96
16.51 -2.97
0.05 -3.99
12.49 -4.7
11.24 -3.16
3.77 -3.87
10.87 -3.51
13.59 -2.29
18.68 -2.4
19.34 -5.25
7.17 -3.51
6.87 -3.13
7.34 -3.87
10.81 -3.36
19.47 -3.76
13.42 -4.61
1.21 -3.73
0.96 -4.18
19.66 -3.47
12.83 -4.51
2.33 -4.48
2.36 -3.83
4.78 -3.77
10.28 -4.18
11.48 -5.54
16.66 -6.18
12.66 -5.19
11.02 -3.09
4.78 -2.66
10.68 -3.68
17.44 -1.88
9.71 -5.31
3.27 -3.04
6.53 -3.94
2.71 -5.94
5.37 -4.36
14.81 -6.04
18.68 -4.76
4.02 -4.96
14.13 -3.77
10.99 -3.62
11.6 -5.34
4.95 -2.89
7.71 -4.04
14.79 -3.36
4.96 -4.52
4.64 -4.07
13.86 -3.55
0.35 -3.54
18.48 -2.43
16.91 -5.35
14.78 -3.45
3.91 -3.58
19.86 -4.5
5.68 -3.71
5.5 -4.83
1.26 -4.27
18.21 -3.93
17.41 -4.17
6.81 -5.18
0.41 -3.93
15.09 -3.32
6.6 -3.19
7.9 -4.04
16.32 -4.16
13.44 -3.62
18.98 -3.07
19.24 -5.26
19.26 -3.18
4.98 -3.36
1.78 -4.26
6.44 -2.79
18.68 -3.03
3.83 -4.8
11.74 -3.91
4.46 -4.7
9.43 -4.01
7.12 -2.63
0.92 -3.23
9.06 -5.08
8.78 -2.92
6.69 -4.29
5.65 -3.58
10.21 -4.78
6.49 -3.81
19.95 -3.39
20.0 -5.97
18.89 -3.77
1.56 -3.33
19.85 -4.38
19.42 -4.42
12.81 -4.65
19.65 -3.88
1.85 -4.55
6.44 -3.8
15.5 -5.38
12.35 -4.08
19.56 -3.81
2.52 -2.92
6.19 -3.19
8.91 -4.54
11.21 -4.81
8.73 -3.78
6.45 -4.1
3.26 -3.31
10.99 -2.92
8.84 -2.99
4.41 -3.86
4.3 -2.37
4.86 -4.21
14.4 -2.06
12.51 -3.95
13.9 -4.09
15.66 -2.69
17.59 -4.11
10.76 -2.57
10.61 -3.35
2.52 -3.26
19.67 -3.96
7.96 -5.04
15.38 -3.01
17.36 -5.06
4.78 -3.02
10.03 -4.67
18.03 -2.24
12.29 -4.14
9.48 -5.09
6.72 -3.73
19.51 -3.78
5.2 -5.1
4.62 -4.81
14.22 -4.92
19.26 -4.08
17.17 -4.53
19.14 -4.22
13.52 -3.99
1.42 -2.66
5.68 -6.11
9.47 -3.6
8.61 -2.42
14.09 -5.69
2.06 -4.06
2.62 -3.56
1.39 -4.08
16.64 -3.91
4.28 -3.4
7.4 -4.31
8.86 -3.71
0.07 -4.93
0.48 -3.85
13.13 -5.8
17.87 -6.21
17.92 -4.95
1.43 -6.31
7.59 -3.98
5.65 -4.37
18.36 -3.15
17.21 -4.65
14.74 -2.13
10.64 -3.75
15.36 -2.18
19.11 -3.33
5.59 -4.5
12.54 -5.75
7.99 -4.68
16.79 -2.25
2.97 -3.67
5.89 -4.96
11.51 -3.79
18.53 -4.27
2.2 -3.18
11.57 -3.78
17.2 -4.73
16.2 -5.09
3.32 -4.31
19.38 -4.27
5.02 -4.32
11.94 -4.56
6.7 -3.46
14.33 -3.49
2.37 -4.59
2.94 -4.22
18.42 -4.06
0.77 -5.46
13.44 -3.62
13.38 -5.33
19.04 -3.21
18.32 -4.54
15.52 -3.81
3.99 -2.97
12.26 -3.13
0.31 -4.96
13.3 -3.0
8.91 -3.05
19.9 -3.96
10.24 -3.21
7.48 -3.23
14.12 -3.45
