0.89 -3.6
6.68 17.21
11.01 -39.0
1.32 -3.4
16.09 26.41
1.53 -3.92
2.13 10.88
2.42 11.21
6.77 -35.06
13.07 22.8
11.96 20.28
3.6 -32.06
12.59 -37.34
13.6 23.79
1.46 12.64
13.06 -37.48
11.71 -37.61
8.6 -35.01
18.03 29.37
5.01 -33.82
9.36 -4.22
10.02 -35.7
7.56 17.62
4.48 -31.92
1.08 -3.79
8.89 -36.19
15.37 28.03
9.08 -2.22
8.28 -33.89
17.61 -41.02
16.07 -4.43
11.9 -4.39
0.6 12.15
9.27 -35.55
1.44 12.65
18.74 27.02
1.39 -3.73
13.63 23.09
0.98 10.87
11.77 -3.72
4.68 -33.15
2.71 -5.05
6.65 -2.8
14.13 23.7
14.66 23.4
19.65 -3.55
10.66 -5.03
3.93 -30.88
14.99 -3.79
18.25 -3.12
2.57 -3.1
9.06 -35.31
1.96 11.11
16.1 -2.68
12.7 23.06
5.24 -4.42
19.85 29.9
8.72 -35.98
12.31 -2.83
14.33 -2.85
11.36 -3.29
6.49 -33.94
8.41 17.43
9.36 -3.29
4.76 -4.76
7.27 15.39
3.7 -31.55
11.94 -37.46
7.75 -34.53
5.01 -33.82
10.39 -37.09
18.98 28.56
8.74 -36.8
0.91 -4.02
9.36 21.72
11.71 -37.57
1.38 -4.61
16.46 -40.59
14.43 -37.27
6.21 15.92
15.37 -3.68
4.07 13.4
1.69 -3.85
12.74 -37.57
2.81 -3.41
13.98 -3.63
9.86 17.92
9.88 21.19
5.71 -32.46
10.31 -3.63
15.26 -38.99
13.34 -3.69
17.24 26.85
12.08 -4.24
12.59 -6.38
13.41 23.13
12.75 -3.15
2.32 12.98
1.61 -3.86
6.03 -3.1
1.81 12.23
11.98 -4.69
6.76 18.42
19.6 29.0
5.83 15.51
13.74 -38.79
3.58 -31.22
1.58 -3.85
9.07 -2.68
11.38 -36.85
4.42 -33.54
11.35 -37.37
1.88 12.02
6.46 -33.65
5.06 14.74
12.32 23.71
19.37 -3.42
9.33 -5.04
16.09 26.36
4.66 -5.66
10.54 -1.79
8.06 18.11
9.39 -4.94
14.41 -39.07
1.38 -4.24
15.83 -2.93
11.31 -3.83
2.0 -31.68
6.15 -4.43
3.91 15.85
8.64 -34.54
12.99 -3.97
11.88 -3.62
0.39 8.67
10.66 -35.58
1.12 -2.64
0.37 9.17
0.09 -29.63
6.66 -35.34
16.61 -39.71
11.9 -2.31
11.24 -34.18
15.74 26.65
3.65 14.66
6.06 -2.94
10.17 -34.98
18.83 -5.77
8.46 -3.3
5.47 -32.0
11.58 19.61
9.66 -34.6
8.99 -5.6
2.31 12.39
9.38 -36.55
16.18 -40.85
11.41 -3.27
14.78 -4.83
2.03 -4.17
0.96 -3.44
8.92 -4.06
7.41 -3.64
14.49 -38.74
6.47 -4.31
6.19 16.95
19.08 -5.33
7.26 -33.81
6.29 -34.48
6.27 15.55
12.68 -36.86
2.53 12.37
11.77 21.29
11.83 -36.28
13.15 -37.52
5.74 -3.8
10.36 -37.27
7.76 16.65
4.41 13.59
0.13 10.47
16.51 -39.9
4.31 -31.62
8.6 18.45
14.6 24.61
6.11 15.86
1.45 -29.29
7.63 15.57
17.75 28.08
19.83 -4.45
11.19 -36.78
17.92 28.34
10.12 19.89
7.93 -2.1
14.2 24.02
1.7 11.57
9.92 -35.17
9.43 20.47
9.54 -3.38
11.51 22.63
11.27 -3.83
1.2 -2.68
10.56 20.22
2.34 -31.27
1.36 -4.71
18.01 -40.53
12.0 21.02
12.95 -35.94
18.31 -41.37
3.57 -33.27
13.72 -37.73
19.54 -43.06
2.26 -30.97
8.04 17.67
14.53 -3.96
13.95 -38.55
5.12 -35.1
19.69 -43.26
3.15 -31.23
5.53 -4.17
16.78 -40.22
11.12 -36.08
14.05 -38.2
6.63 17.77
7.44 18.89
5.47 -3.99
10.59 -4.1
7.56 -33.49
9.25 -35.99
19.33 -3.08
13.65 -5.65
7.06 18.53
8.19 17.73
15.18 -39.36
18.8 -40.53
12.69 -39.26
10.31 -5.7
13.09 22.05
10.58 -38.08
9.09 -36.42
19.93 30.05
1.08 -30.88
6.05 14.57
2.51 -6.15
18.91 -5.19
7.36 15.84
9.75 20.64
4.37 13.92
8.92 -35.71
10.89 -3.68
11.9 21.23
3.01 12.78
11.11 -2.85
0.28 -29.46
17.97 28.26
1.88 12.49
15.17 -3.05
10.27 -34.65
14.5 -37.51
6.91 -32.88
1.42 -4.01
17.85 -41.3
18.28 -41.32
12.51 -4.28
5.6 -2.12
6.32 17.08
3.83 14.76
2.26 -32.35
6.98 -33.82
8.09 18.22
12.46 -35.79
15.02 -40.11
1.03 -31.14
18.01 26.66
13.61 -4.79
4.19 -32.66
15.14 -4.55
17.03 -40.32
4.2 -32.64
4.68 -33.05
14.43 23.85
10.16 20.11
17.12 -39.85
10.45 -4.26
9.05 -6.27
3.19 -4.72
14.02 25.12
0.39 10.02
16.42 -4.19
9.47 17.57
6.67 -4.17
16.11 -38.69
15.6 -38.96
4.79 -2.77
0.31 11.97
11.35 20.73
18.55 27.31
14.03 -3.24
15.5 26.54
3.53 -33.05
16.13 26.86
5.74 -34.97
16.0 -3.31
0.52 -29.69
7.48 -35.71
14.9 -4.06
15.35 25.02
9.68 -35.49
9.07 -3.89
16.63 -40.21
5.54 -34.12
9.74 -35.65
17.75 -39.68
17.5 -39.35
0.42 -29.23
7.05 -33.02
16.59 -41.07
6.3 -4.06
2.72 -32.32
7.59 -4.66
13.51 -38.26
16.81 26.44
18.76 -41.1
2.89 -4.02
16.23 -38.22
10.35 22.33
2.96 13.22
3.35 -4.44
0.5 11.43
5.99 -34.01
19.95 30.35
15.43 -3.74
1.81 -29.03
15.71 -3.46
4.11 -5.2
10.88 -35.63
14.64 -39.31
10.99 22.78
12.97 -38.67
2.93 -3.64
18.04 28.95
5.76 -4.35
15.41 -39.93
14.56 -37.53
11.37 -5.72
8.8 18.77
1.66 -3.14
4.51 -31.93
19.11 30.02
11.79 20.37
6.47 16.36
7.61 18.22
4.68 15.2
17.46 -4.29
1.61 -32.47
0.48 10.91
16.68 -3.43
17.26 28.65
18.95 -4.0
13.79 -5.02
5.05 -34.48
12.26 -3.17
6.61 -34.58
12.87 -3.38
13.0 20.82
16.23 26.49
2.74 -3.36
17.58 28.68
10.53 -35.99
7.42 16.02
7.1 -32.75
4.93 -4.73
16.27 -38.62
14.52 -3.11
8.5 -33.32
18.26 -2.81
8.48 -36.46
6.43 -35.9
19.34 29.46
0.17 -28.2
14.27 -4.42
0.94 -3.18
12.96 22.5
2.35 11.18
13.1 22.92
3.58 13.1
15.76 -3.42
18.35 26.23
1.09 -30.23
2.84 13.27
18.42 -3.84
12.7 -36.39
1.27 -4.21
14.31 24.6
1.3 -30.19
2.37 -30.45
7.08 -34.55
12.18 -36.52
15.24 25.19
18.52 -2.84
8.13 19.2
5.55 -33.97
8.23 19.9
4.45 -3.52
10.37 19.74
10.24 20.93
15.64 -4.51
17.14 -4.88
17.78 27.36
18.82 28.89
6.8 -4.65
14.47 -5.68
11.94 -3.46
11.74 -36.65
12.15 23.09
6.19 17.43
5.85 -4.14
13.35 -36.95
0.21 12.17
11.83 -37.43
9.35 18.99
0.33 -31.06
1.22 13.65
0.4 10.06
9.48 17.67
1.75 -4.02
5.91 -4.02
4.05 -5.4
3.75 -2.95
12.36 -37.11
14.58 -2.44
14.79 -3.6
0.15 -30.78
18.0 -41.47
10.1 -35.6
12.52 24.63
19.62 -42.1
8.08 -34.82
0.78 12.29
16.9 -40.07
1.35 -4.78
9.74 20.01
18.52 27.83
7.68 17.75
19.63 28.84
11.66 20.78
15.54 -38.01
15.67 -3.54
11.25 -36.91
1.16 11.35
0.83 -30.84
15.5 -5.19
19.98 -43.5
1.13 -5.27
15.41 23.54
11.51 20.73
4.45 -4.84
17.91 -4.08
6.48 -5.02
9.1 -3.59
12.5 21.64
1.98 11.82
9.72 20.15
14.39 -38.02
4.08 -33.51
13.24 23.37
0.27 11.02
17.75 -39.93
15.58 -38.79
18.8 -40.39
3.75 -33.07
3.66 14.53
7.13 16.81
19.1 -2.29
9.82 -4.1
5.7 -3.24
2.79 -4.83
15.68 25.61
9.05 -34.23
13.03 -4.63
12.32 -37.46
0.06 -4.76
8.67 -5.69
2.98 14.03
15.41 -6.18
15.64 -6.69
7.97 -6.47
19.54 -4.61
5.98 15.92
6.19 -2.47
19.7 -3.42
12.08 -38.3
8.86 -35.0
12.96 -36.05
10.34 -4.72
3.14 -29.75
11.42 -4.76
4.81 14.39
1.28 8.23
9.27 -3.92
14.4 22.87
10.18 -5.04
3.32 -3.26
18.19 -39.97
11.1 20.87
5.59 -2.22
0.93 -32.45
9.04 -2.62
1.93 -4.41
7.14 -3.16
2.6 -30.5
8.64 19.06
7.3 16.4
6.91 -34.48
11.7 -36.01
17.35 28.58
14.47 24.27
17.23 28.13
11.62 20.59
1.54 11.04
18.19 28.76
2.32 10.55
16.83 -39.17
0.88 -3.13
9.9 -4.5
19.76 -40.89
3.42 -3.29
16.91 27.51
15.46 25.33
10.25 -37.35
18.28 -3.02
18.83 -42.44
13.89 -3.82
10.46 18.94
14.41 -38.65
10.27 -33.09
11.83 21.79
14.0 24.64
4.62 16.05
3.42 13.54
2.18 -5.28
15.64 -40.48
6.36 17.79
5.42 -33.51
4.01 -2.84
7.71 -33.56
4.85 -32.31
3.6 -4.39
9.75 19.72
17.74 -3.81
15.73 -3.79
19.87 30.01
17.04 27.12
1.08 -30.88
4.4 14.75
12.14 -37.02
13.12 -37.55
9.77 -38.1
17.72 -5.68
2.31 -3.76
8.85 17.55
16.09 -2.74
17.18 -39.97
3.94 -1.93
5.55 14.31
17.37 -5.25
1.33 -5.07
2.07 -4.81
3.32 -31.45
0.36 -30.55
8.68 -3.13
9.72 -4.8
16.75 25.87
17.72 -4.67
13.25 -37.08
13.3 -5.11
3.51 -33.47
13.19 -37.27
8.76 -34.71
5.07 -32.88
10.95 20.87
3.97 -33.08
9.04 -3.51
16.09 25.44
19.06 -2.61
9.15 18.94
14.35 -38.09
1.87 -4.11
18.31 -40.28
5.61 -3.04
8.31 -2.43
8.75 -5.02
0.07 10.66
18.47 -3.78
5.18 -3.49
19.35 29.56
17.77 26.55
10.9 -35.46
2.95 -6.17
2.4 -31.4
15.2 24.56
13.1 -38.4
18.64 -41.58
11.45 -4.51
0.85 11.16
8.71 19.3
9.53 -35.81
16.58 -4.65
13.6 -5.38
18.7 -3.16
1.47 -30.9
13.93 -39.42
1.32 11.07
2.81 11.31
14.6 -37.76
13.87 24.78
8.77 -3.15
6.85 -33.78
2.6 11.99
5.48 -3.4
16.97 27.77
14.06 23.81
4.03 -32.33
1.07 10.15
0.41 -3.81
11.44 22.21
17.46 -3.84
17.48 27.42
11.11 -36.56
18.35 27.38
4.3 12.97
3.55 14.39
5.26 16.21
0.15 -5.93
14.1 -34.23
17.6 -40.46
9.62 20.5
8.1 -4.75
6.84 -34.68
13.3 23.73
11.37 -37.99
5.51 -30.58
9.53 -34.62
7.94 20.11
14.8 -37.91
6.89 -6.85
16.47 -39.78
9.03 -37.66
0.89 13.64
0.5 -30.13
1.62 -2.77
4.94 15.5
19.62 -41.47
3.87 13.75
19.13 -41.94
4.6 13.56
12.44 -36.77
6.91 15.69
15.24 23.95
9.23 -37.18
7.73 -32.71
6.5 -4.04
7.14 -33.82
3.03 -32.9
3.92 -31.15
11.63 -4.22
3.9 -31.79
18.67 -40.96
15.3 -37.2
3.03 -31.3
3.15 -30.85
9.84 -34.45
9.86 -37.34
6.5 -2.49
16.31 -4.04
7.37 -34.51
11.93 -36.21
11.7 -3.43
8.22 -36.02
13.05 -37.45
1.38 -4.07
0.77 -29.42
18.74 -39.42
0.54 -30.15
16.77 -39.19
0.3 9.27
7.31 16.65
13.36 -2.38
2.29 -4.43
2.67 13.39
14.21 -38.36
8.02 19.01
15.16 24.65
10.64 -35.45
14.81 -4.6
7.42 -5.22
18.52 -4.12
6.84 -4.78
19.58 -40.31
12.37 23.49
6.66 -2.16
4.82 -32.33
14.76 25.37
5.67 -34.77
7.69 -4.62
9.21 -2.97
4.16 15.33
18.36 -4.58
19.57 -3.22
8.31 -5.61
16.13 25.43
0.77 -3.89
17.23 -3.41
9.74 20.41
6.01 -32.13
1.87 -31.4
13.11 -5.68
12.5 21.39
8.85 -34.75
8.05 -36.8
13.78 -37.43
11.18 -2.75
1.4 12.3
8.37 18.26
7.95 -36.39
16.58 -39.39
5.07 -6.04
12.05 20.43
8.8 -2.85
18.72 28.06
16.97 -3.77
17.95 -41.12
15.71 -3.17
0.81 11.4
0.71 11.59
13.86 22.47
3.02 -33.63
12.9 -4.12
3.71 -32.52
18.46 -2.19
8.33 -2.29
2.2 -32.3
18.1 -4.91
17.37 26.85
0.63 -29.81
0.81 -30.59
5.61 16.77
2.41 11.69
18.7 -41.25
7.42 -3.54
7.79 -34.36
7.85 -3.68
1.43 -30.64
1.73 -3.51
3.2 -4.02
15.38 26.01
8.87 -38.07
0.65 -29.9
14.54 25.09
9.93 -34.13
10.76 -1.61
16.55 -4.55
7.01 -3.57
9.63 -2.76
4.22 -32.1
0.72 -3.81
9.54 -3.26
13.84 -3.17
10.34 19.24
13.98 22.55
8.76 -35.66
6.63 19.33
5.6 -3.75
5.97 16.81
12.04 -3.48
4.42 -4.55
10.27 -37.02
17.81 -3.5
2.93 -3.84
6.01 -34.27
17.13 27.53
18.45 -3.44
5.9 16.97
11.63 -3.01
16.52 -3.42
11.3 -4.14
1.35 -31.32
19.02 28.72
10.35 21.19
9.48 -3.34
12.48 -38.02
6.97 17.39
14.43 -3.88
19.39 -5.21
9.92 -3.94
16.99 -38.97
14.18 -4.4
0.46 10.23
15.81 -3.65
18.96 -40.62
7.13 17.9
17.1 -3.64
3.58 11.88
7.92 17.52
17.14 -3.09
16.4 26.1
17.0 -5.53
15.88 -3.96
7.45 -34.09
5.87 -33.46
6.78 17.17
12.97 24.58
1.47 11.58
17.0 27.39
15.99 -38.6
18.31 26.12
3.52 -31.01
11.56 -36.21
19.9 -42.5
8.12 -3.77
9.29 20.55
15.17 -4.66
1.73 -6.46
8.31 -35.4
0.51 10.7
18.5 -4.52
7.82 -32.43
10.24 -3.81
2.89 -32.2
6.85 18.63
12.94 22.99
8.79 18.49
14.91 -4.05
9.05 -36.49
3.48 12.68
1.4 -31.27
13.19 -37.55
15.68 -39.07
11.04 -34.88
8.12 -4.33
17.66 -3.5
19.86 30.14
13.39 -38.85
5.88 -3.19
8.73 -3.13
19.2 -40.97
2.71 12.9
13.94 -4.05
4.44 -2.52
13.48 -37.28
17.81 -4.86
15.18 25.25
10.06 -35.47
4.96 -5.02
13.43 24.41
10.03 -36.05
17.71 -3.65
7.2 16.39
18.79 -42.25
6.71 -3.9
6.24 -3.88
9.75 -3.0
5.95 -33.69
11.3 20.11
1.7 11.0
12.81 -4.98
18.59 -39.09
2.7 11.74
15.32 -3.92
12.88 -5.17
6.39 16.78
10.86 -3.62
2.57 -2.71
18.23 28.09
4.77 -4.2
16.83 25.45
15.22 -39.15
9.71 -35.57
18.63 -3.55
12.14 -3.84
10.68 -3.52
9.66 -4.79
0.29 10.35
15.31 25.86
16.67 -38.94
19.51 -4.74
3.46 -3.88
14.28 -38.66
0.85 -2.36
15.25 -4.59
7.69 -2.92
19.9 30.41
4.82 15.16
9.51 -36.86
2.1 -2.53
19.88 -40.83
3.33 -4.61
6.0 16.09
6.02 15.7
8.33 -3.65
2.84 13.97
9.43 19.14
4.82 -4.09
12.29 -2.98
6.16 -2.9
18.14 29.47
9.38 -5.46
16.22 -39.0
16.53 -5.44
11.04 -36.63
12.15 -37.27
18.88 -41.66
1.96 -2.82
17.15 -3.15
18.04 -4.17
14.34 -40.37
3.3 -5.23
6.83 -32.98
6.98 16.26
15.93 -4.68
5.04 15.9
12.87 -36.09
17.46 -4.54
15.5 24.57
8.38 -34.98
4.43 14.14
1.05 9.57
5.48 -4.2
11.98 -37.85
0.71 -2.5
0.98 12.07
4.28 15.22
5.08 -3.2
3.49 -3.23
13.46 24.05
1.08 -5.85
1.5 -3.62
12.53 21.6
7.03 16.75
11.81 23.0
18.81 -40.09
4.92 13.67
10.53 -34.92
19.42 -4.63
19.89 28.84
15.85 27.31
4.58 15.45
13.57 -38.29
13.4 -5.74
14.62 25.23
19.61 29.69
17.82 -39.54
18.84 29.65
8.68 17.87
15.6 -40.03
14.8 -3.41
13.01 22.84
10.29 -4.76
1.99 -31.81
12.92 23.24
7.93 -4.19
12.94 -37.4
4.93 -32.82
11.4 21.27
12.93 22.97
5.69 -33.68
3.83 -3.24
5.29 -3.96
17.59 -5.11
6.57 -33.68
9.97 -36.95
5.25 -32.13
0.95 10.66
7.67 -34.07
4.38 -3.7
3.95 16.24
1.14 -29.24
16.13 -41.81
5.56 -5.18
19.53 -5.38
11.47 20.72
17.27 -2.82
9.49 -36.09
9.64 20.99
7.7 15.37
1.46 -30.66
5.24 -4.77
0.09 9.18
14.6 23.78
16.33 26.37
18.96 26.29
7.05 -4.35
19.35 29.34
0.37 9.52
6.01 -33.36
14.93 -38.29
3.1 12.08
9.27 -34.6
11.18 -1.47
17.94 -4.03
2.92 -2.56
2.72 11.07
4.22 13.81
12.89 -37.21
9.78 -36.24
4.64 15.02
14.75 24.64
7.0 -33.86
5.68 -34.54
9.29 -36.88
18.39 29.32
3.63 15.4
3.86 13.41
5.5 13.82
8.66 -37.01
10.28 -36.76
14.67 -38.39
14.32 -3.59
5.81 -33.5
9.11 19.67
7.73 -31.44
18.94 28.3
17.72 -37.08
4.05 -5.07
14.75 -37.54
17.17 -37.83
5.92 -32.94
2.25 11.62
16.91 -40.0
9.03 -34.59
9.68 20.22
18.52 -3.96
8.01 -4.0
16.82 26.73
7.06 -2.77
11.54 -6.08
18.9 -3.47
10.58 -6.55
4.42 -3.07
12.56 21.68
1.86 -3.36
19.35 -38.84
7.5 17.71
16.82 -4.19
14.37 23.16
16.97 25.71
11.68 -4.01
6.17 -3.57
2.85 10.85
16.66 -3.29
0.54 -30.95
15.82 -39.86
0.21 9.79
8.85 -34.94
11.04 -36.49
0.21 -4.35
18.89 -40.97
1.97 -5.45
13.87 24.13
10.56 22.43
8.6 20.05
17.0 27.76
14.15 24.53
3.34 12.32
19.55 -3.54
10.6 22.39
4.26 -4.41
1.96 13.23
18.44 -3.65
11.58 20.18
7.93 17.27
2.69 -31.81
10.94 20.49
16.21 26.66
5.92 -2.66
0.68 -29.79
2.4 -30.66
9.75 -35.35
3.48 -29.34
7.47 19.09
19.16 30.52
11.41 21.76
3.15 -3.08
12.63 -4.97
1.8 -33.71
15.19 -39.35
5.84 -3.58
12.94 23.33
12.61 -38.97
4.14 13.5
0.3 11.45
18.39 -41.2
14.55 23.95
2.06 -30.1
6.39 -3.4
7.85 -35.49
6.21 16.25
11.82 -36.39
12.2 -4.11
5.73 -32.79
1.66 12.22
10.75 -35.64
9.82 19.73
11.99 -4.62
19.64 28.43
19.43 -41.95
0.6 -5.16
16.92 -4.03
12.4 -4.59
6.82 -4.63
9.13 17.06
3.57 14.94
16.37 25.74
11.46 -36.08
8.24 -33.59
10.76 -3.59
2.43 -31.99
15.81 25.23
3.41 -33.24
5.94 15.88
3.15 13.48
11.11 -2.68
17.14 26.63
14.79 -4.29
9.2 -37.09
5.01 -33.35
12.71 22.5
1.12 -32.87
7.24 18.34
15.91 -40.18
19.8 29.44
4.13 13.17
10.44 -35.69
6.1 -32.24
5.6 -31.92
16.18 -38.14
7.4 -4.88
17.14 -4.97
6.73 -5.63
0.67 12.24
1.69 12.48
8.89 -34.74
16.46 25.48
8.87 16.33
19.11 29.79
13.57 24.15
12.49 -4.67
12.23 -38.36
16.58 -39.88
4.99 -2.9
16.1 25.2
6.04 -2.33
2.07 12.38
8.85 18.19
3.78 12.96
18.48 28.44
10.21 19.45
16.02 -1.91
11.78 -4.16
19.4 -2.57
14.71 24.98
4.6 -2.76
2.59 13.28
17.2 -41.13
4.36 -4.72
14.5 -3.73
16.64 -4.56
14.88 -3.62
16.99 27.46
16.4 -4.53
17.45 26.76
6.6 -2.94
6.63 -2.24
16.75 -41.08
4.05 -3.59
3.43 -31.59
15.89 27.3
10.47 20.75
0.48 -3.65
3.63 -33.62
7.23 18.02
16.35 27.88
15.99 -39.95
2.76 11.67
2.3 -33.47
11.03 -3.15
12.4 -37.85
6.9 17.78
3.73 -31.11
5.66 -4.67
16.67 25.4
13.13 -37.08
19.15 -39.76
0.22 -4.89
5.43 -34.94
7.78 -2.47
15.45 -3.86
1.24 12.09
2.27 -2.24
1.89 10.02
11.57 -36.83
17.75 28.73
11.53 -4.61
