15.99 -38.6
8.31 -35.4
12.68 -36.86
14.21 -38.36
6.83 -32.98
1.4 -31.27
17.2 -41.13
4.19 -32.66
10.06 -35.47
5.92 -32.94
3.14 -29.75
0.42 -29.23
6.01 -32.13
3.75 -33.07
3.71 -32.52
4.22 -32.1
7.79 -34.36
4.93 -32.82
9.29 -36.88
10.53 -34.92
4.48 -31.92
17.18 -39.97
10.66 -35.58
0.77 -29.42
17.75 -39.93
7.08 -34.55
1.8 -33.71
14.75 -37.54
12.94 -37.4
18.79 -42.25
9.75 -35.35
16.46 -40.59
9.68 -35.49
8.08 -34.82
16.99 -38.97
19.43 -41.95
11.98 -37.85
5.6 -31.92
11.01 -39.0
16.13 -41.81
18.8 -40.39
19.54 -43.06
11.83 -37.43
8.28 -33.89
11.82 -36.39
13.1 -38.4
18.76 -41.1
13.15 -37.52
12.44 -36.77
10.53 -35.99
5.43 -34.94
5.54 -34.12
15.6 -40.03
16.27 -38.62
12.36 -37.11
16.18 -38.14
11.83 -36.28
8.92 -35.71
5.01 -33.82
3.41 -33.24
15.82 -39.86
1.45 -29.29
12.46 -35.79
13.51 -38.26
7.75 -34.53
12.48 -38.02
12.7 -36.39
14.41 -39.07
12.95 -35.94
4.82 -32.33
14.35 -38.09
16.11 -38.69
2.89 -32.2
2.37 -30.45
2.34 -31.27
8.76 -35.66
5.07 -32.88
12.89 -37.21
5.67 -34.77
9.05 -36.49
16.58 -39.39
0.36 -30.55
17.75 -39.68
0.63 -29.81
12.23 -38.36
5.42 -33.51
17.61 -41.02
12.97 -38.67
19.62 -41.47
15.6 -38.96
16.59 -41.07
9.51 -36.86
10.27 -34.65
17.6 -40.46
15.99 -39.95
13.74 -38.79
9.38 -36.55
5.95 -33.69
14.93 -38.29
14.34 -40.37
4.42 -33.54
10.25 -37.35
6.1 -32.24
13.13 -37.08
5.01 -33.82
11.37 -37.99
3.02 -33.63
16.18 -40.85
16.78 -40.22
1.61 -32.47
6.85 -33.78
10.28 -36.76
14.49 -38.74
0.54 -30.95
1.08 -30.88
5.81 -33.5
6.57 -33.68
2.0 -31.68
5.47 -32.0
1.09 -30.23
11.56 -36.21
15.18 -39.36
13.48 -37.28
12.61 -38.97
12.18 -36.52
1.03 -31.14
8.74 -36.8
5.05 -34.48
10.1 -35.6
13.06 -37.48
7.71 -33.56
9.27 -34.6
19.35 -38.84
0.65 -29.9
2.4 -30.66
8.05 -36.8
13.72 -37.73
7.82 -32.43
8.76 -34.71
6.66 -35.34
13.12 -37.55
14.67 -38.39
5.99 -34.01
9.74 -35.65
19.62 -42.1
2.72 -32.32
18.64 -41.58
8.87 -38.07
1.81 -29.03
6.91 -34.48
12.4 -37.85
18.83 -42.44
9.86 -37.34
10.36 -37.27
0.17 -28.2
18.8 -40.53
1.35 -31.32
9.03 -37.66
11.71 -37.61
13.35 -36.95
18.31 -40.28
4.85 -32.31
3.92 -31.15
16.22 -39.0
9.49 -36.09
7.73 -32.71
5.73 -32.79
12.32 -37.46
3.53 -33.05
18.28 -41.32
4.2 -32.64
19.98 -43.5
16.23 -38.22
12.96 -36.05
9.23 -37.18
7.26 -33.81
17.5 -39.35
0.83 -30.84
8.89 -36.19
7.73 -31.44
17.12 -39.85
16.61 -39.71
4.08 -33.51
18.7 -41.25
8.66 -37.01
3.7 -31.55
13.57 -38.29
9.25 -35.99
13.05 -37.45
8.85 -34.75
18.89 -40.97
9.05 -34.23
18.01 -40.53
15.22 -39.15
6.98 -33.82
8.6 -35.01
11.38 -36.85
11.93 -36.21
18.67 -40.96
7.85 -35.49
12.69 -39.26
18.96 -40.62
7.14 -33.82
11.35 -37.37
0.54 -30.15
15.68 -39.07
9.71 -35.57
2.43 -31.99
5.12 -35.1
9.09 -36.42
18.74 -39.42
9.92 -35.17
3.03 -31.3
16.58 -39.88
15.64 -40.48
19.9 -42.5
15.91 -40.18
2.26 -32.35
10.17 -34.98
11.24 -34.18
5.71 -32.46
14.1 -34.23
7.1 -32.75
4.03 -32.33
1.08 -30.88
11.74 -36.65
7.0 -33.86
11.04 -34.88
8.22 -36.02
11.94 -37.46
9.27 -35.55
10.9 -35.46
6.29 -34.48
6.49 -33.94
5.55 -33.97
7.67 -34.07
9.06 -35.31
5.51 -30.58
3.58 -31.22
17.72 -37.08
16.67 -38.94
3.93 -30.88
2.26 -30.97
16.63 -40.21
11.57 -36.83
8.86 -35.0
12.74 -37.57
15.54 -38.01
6.46 -33.65
6.84 -34.68
15.3 -37.2
3.9 -31.79
11.04 -36.63
3.51 -33.47
7.05 -33.02
13.39 -38.85
18.88 -41.66
3.52 -31.01
2.4 -31.4
8.38 -34.98
6.01 -34.27
3.57 -33.27
10.64 -35.45
10.44 -35.69
13.19 -37.27
12.87 -36.09
3.97 -33.08
6.43 -35.9
5.68 -34.54
11.04 -36.49
14.43 -37.27
15.58 -38.79
16.9 -40.07
19.13 -41.94
10.03 -36.05
16.91 -40.0
0.28 -29.46
0.52 -29.69
8.48 -36.46
7.95 -36.39
11.7 -36.01
18.59 -39.09
2.06 -30.1
4.51 -31.93
7.56 -33.49
17.85 -41.3
9.84 -34.45
17.17 -37.83
1.46 -30.66
16.47 -39.78
18.0 -41.47
0.5 -30.13
15.02 -40.11
17.82 -39.54
13.95 -38.55
2.6 -30.5
14.39 -38.02
14.28 -38.66
7.37 -34.51
0.93 -32.45
16.51 -39.9
11.71 -37.57
11.25 -36.91
3.03 -32.9
2.69 -31.81
8.24 -33.59
14.41 -38.65
9.2 -37.09
9.77 -38.1
3.6 -32.06
1.43 -30.64
6.91 -32.88
17.95 -41.12
3.48 -29.34
6.01 -33.36
1.87 -31.4
12.14 -37.02
5.87 -33.46
8.5 -33.32
14.05 -38.2
3.15 -31.23
10.88 -35.63
3.63 -33.62
4.68 -33.15
13.25 -37.08
18.81 -40.09
0.33 -31.06
3.32 -31.45
5.25 -32.13
11.46 -36.08
19.88 -40.83
6.61 -34.58
5.69 -33.68
14.64 -39.31
10.39 -37.09
10.27 -37.02
8.85 -34.94
16.75 -41.08
15.41 -39.93
10.02 -35.7
6.77 -35.06
5.01 -33.35
3.73 -31.11
0.09 -29.63
2.3 -33.47
14.6 -37.76
0.81 -30.59
19.2 -40.97
17.03 -40.32
9.93 -34.13
13.19 -37.55
3.15 -30.85
18.19 -39.97
12.15 -37.27
10.58 -38.08
13.93 -39.42
12.59 -37.34
9.78 -36.24
11.19 -36.78
19.15 -39.76
0.68 -29.79
14.5 -37.51
8.72 -35.98
4.31 -31.62
12.08 -38.3
19.69 -43.26
15.19 -39.35
14.56 -37.53
7.45 -34.09
16.77 -39.19
11.11 -36.56
2.2 -32.3
13.78 -37.43
16.83 -39.17
9.66 -34.6
9.97 -36.95
11.12 -36.08
7.48 -35.71
9.53 -35.81
10.75 -35.64
15.26 -38.99
0.15 -30.78
14.8 -37.91
9.03 -34.59
1.14 -29.24
1.12 -32.87
3.43 -31.59
5.74 -34.97
9.53 -34.62
8.89 -34.74
18.39 -41.2
4.68 -33.05
1.99 -31.81
19.58 -40.31
19.76 -40.89
1.47 -30.9
8.64 -34.54
1.3 -30.19
18.31 -41.37
10.27 -33.09
