9.18 20.69
3.8 14.07
2.73 12.93
13.78 23.88
16.25 25.14
14.27 25.14
5.31 16.14
10.97 21.6
5.51 16.03
11.78 21.29
12.68 23.26
16.15 25.18
0.48 11.21
18.68 28.0
3.72 12.41
12.12 22.3
8.03 14.72
11.74 22.0
16.01 25.86
10.25 20.94
12.57 21.86
19.19 29.04
3.43 11.42
1.62 11.93
1.4 11.26
9.43 19.09
16.81 24.87
3.57 16.31
2.55 12.02
17.66 28.43
3.99 14.86
11.78 20.83
13.54 23.63
4.04 14.67
0.83 9.77
1.84 11.32
7.33 16.84
7.57 18.07
18.96 29.24
2.27 11.15
9.62 19.13
13.37 22.71
13.61 23.91
2.41 11.7
5.94 16.41
3.7 14.85
17.84 29.51
8.12 17.6
12.48 23.07
15.74 24.08
12.86 22.89
4.17 13.28
9.69 22.11
15.86 27.15
16.85 28.04
19.63 29.59
2.24 14.2
1.5 10.19
6.57 16.63
6.12 14.93
13.4 23.04
15.25 26.74
2.18 12.92
11.96 20.82
1.51 12.92
13.67 22.47
14.14 24.21
17.43 27.74
5.45 15.32
1.36 10.6
14.39 25.15
2.67 11.8
14.4 22.63
17.17 27.44
3.94 15.74
5.15 16.05
5.73 14.09
13.26 22.36
2.69 13.18
11.45 22.27
9.98 20.35
9.02 18.2
7.75 16.42
6.28 17.07
9.07 18.34
1.96 10.63
16.7 24.89
5.38 15.24
19.15 26.88
14.5 24.12
19.89 30.77
1.11 11.11
11.87 23.98
1.91 11.12
4.08 14.27
11.97 22.88
11.81 21.13
9.83 20.59
3.18 12.68
11.4 21.77
7.89 16.58
0.06 10.81
5.81 14.86
14.8 25.05
19.35 29.87
7.88 18.05
0.7 11.95
6.31 15.06
8.0 18.6
0.64 11.23
12.47 21.29
5.41 16.28
14.15 24.15
0.4 10.07
9.65 18.75
10.19 20.65
18.69 30.24
14.1 24.35
15.15 25.7
3.04 14.67
0.43 10.77
4.93 14.11
5.88 17.26
17.3 28.59
17.28 26.33
1.12 11.94
5.48 14.64
13.53 23.6
0.81 11.45
1.73 12.73
18.17 28.68
16.61 25.45
1.89 11.1
1.55 12.0
4.64 15.12
1.09 9.16
10.94 22.11
5.0 15.49
2.67 13.92
9.48 19.75
18.49 28.03
12.32 23.6
19.08 31.46
7.1 17.19
1.08 11.55
14.22 23.88
5.84 15.42
4.22 13.41
7.72 17.81
10.71 20.46
1.27 10.28
3.47 15.26
5.6 14.74
17.41 25.18
14.99 25.91
18.09 30.46
10.74 20.44
1.12 10.09
15.46 24.59
16.61 27.31
11.53 21.45
16.36 26.16
9.35 18.27
6.57 17.4
2.36 11.59
7.42 17.59
17.22 26.68
7.49 16.75
4.15 13.17
10.79 20.81
14.4 27.84
14.45 25.17
11.07 20.77
0.94 9.54
10.34 20.33
12.09 21.59
14.68 24.49
7.87 18.96
17.46 28.36
2.09 11.32
9.97 18.47
18.14 27.31
11.11 20.3
18.18 29.87
18.86 30.46
0.92 11.89
16.73 25.4
1.16 10.41
14.29 24.67
15.29 26.52
17.19 26.66
2.56 13.0
15.72 26.07
0.47 12.31
18.94 29.09
4.16 13.74
5.81 17.05
19.21 30.33
19.73 30.14
11.69 21.51
18.31 27.13
2.89 14.15
10.96 20.39
11.27 22.03
15.25 25.44
16.79 27.91
14.94 24.32
14.64 23.96
17.8 27.44
2.46 12.89
4.69 15.99
9.8 19.1
8.07 18.78
16.37 27.25
11.39 22.22
10.21 19.32
12.25 22.81
1.69 10.42
1.22 10.2
1.98 12.32
14.81 24.16
0.07 9.95
0.67 10.31
17.13 28.46
15.05 24.24
17.61 27.35
14.5 24.95
18.25 29.39
7.81 19.51
17.48 28.26
15.19 24.79
3.27 12.92
19.95 29.39
7.31 16.42
5.33 15.12
10.82 22.81
9.21 18.38
14.79 25.49
0.36 11.4
13.45 23.89
0.71 10.87
15.72 25.25
10.26 19.56
15.59 24.73
19.05 28.04
1.48 12.89
19.94 30.62
0.77 10.49
17.5 27.29
6.8 17.35
15.55 26.38
0.42 10.53
16.96 26.37
4.46 15.63
8.43 17.17
6.26 15.0
11.19 20.05
9.34 19.47
13.65 24.26
4.27 14.08
10.23 20.61
12.88 21.95
7.83 18.05
16.56 27.19
14.9 26.23
18.35 28.59
1.83 11.59
15.7 25.81
5.98 16.94
13.61 25.6
0.75 10.06
18.99 29.09
7.58 18.29
13.4 24.93
8.55 18.34
4.32 14.93
11.63 22.36
15.0 23.1
18.98 28.47
0.11 10.18
8.66 18.36
15.91 26.42
14.18 25.15
2.61 11.02
19.25 29.09
14.84 26.01
8.45 19.05
2.17 13.81
17.21 26.84
8.83 18.61
3.49 15.5
8.1 19.11
7.84 19.08
3.86 12.39
4.23 13.73
12.89 23.74
6.69 14.79
13.32 24.09
17.82 28.27
9.87 18.61
14.91 25.41
12.93 23.49
5.91 15.58
13.1 21.3
12.44 22.12
7.62 18.07
5.4 17.15
11.48 21.56
4.34 14.04
16.21 26.9
11.08 22.35
17.47 27.13
10.21 20.41
15.54 26.29
4.56 14.1
19.28 28.94
17.88 30.27
19.27 29.27
19.99 30.31
2.75 13.68
12.14 24.06
7.21 16.55
11.97 20.84
0.1 8.87
2.71 14.97
1.75 9.66
1.88 14.02
16.16 25.66
2.08 12.11
14.93 24.44
17.37 26.28
10.06 19.87
0.13 10.9
10.88 20.85
5.67 16.13
19.0 28.25
16.33 27.24
0.14 8.64
9.47 20.41
16.29 25.87
3.0 12.32
0.2 11.06
10.29 18.93
13.23 23.14
2.92 13.31
14.55 23.78
3.88 13.5
4.88 16.31
2.79 13.09
7.58 18.98
11.11 20.12
11.7 21.76
16.08 27.31
14.39 23.0
0.5 11.59
17.21 26.54
12.46 21.72
16.27 25.36
8.91 19.04
5.18 15.63
14.85 25.46
16.58 26.07
10.71 20.53
18.93 30.67
7.87 16.35
1.41 11.04
10.26 20.06
12.04 22.29
10.8 20.15
0.61 10.36
19.29 29.61
6.53 17.9
11.43 21.52
9.08 17.68
10.48 19.4
16.69 25.6
4.08 13.79
18.86 28.52
6.52 16.34
6.93 18.86
7.62 17.78
9.36 18.66
15.58 25.06
14.58 24.39
10.93 21.98
14.87 24.78
8.86 18.24
18.65 28.43
8.45 18.31
16.82 27.29
10.38 19.03
9.88 20.25
3.23 14.02
4.11 13.79
7.88 18.73
1.6 11.45
8.32 19.5
8.13 19.17
19.0 30.57
4.13 13.88
