Execution time: 39.592243909835815
mse: 11.054909777442612
Regression coefs:
	[array([1.09694933]), array([1.65520211]), array([0.]), array([0.])]
Regression interception:
	[np.float64(7.791355701939553), np.float64(59.25031721309142), np.float64(-8.682587064676616), np.float64(27.9065)]
Clusters:
[0 3 3 0 3 0 0 2 0 1 0 2 3 3 1 1 3 0 3 2 0 0 1 1 1 3 0 2 2 2 0 2 3 3 3 1 1
 3 0 0 3 1 2 1 0 1 3 2 3 0 3 2 0 2 0 1 1 1 3 3 2 1 1 0 1 2 2 1 1 0 0 2 2 1
 1 3 2 0 2 2 3 3 3 3 3 2 3 1 3 1 3 1 3 0 0 2 1 3 3 2 2 0 1 3 1 1 0 3 1 3 3
 3 3 1 2 2 1 1 3 2 1 0 3 0 3 2 3 2 2 1 2 1 3 0 1 0 3 3 3 3 3 1 1 3 3 3 1 0
 1 2 2 2 3 0 3 3 1 2 3 0 1 2 2 1 3 2 2 0 3 3 3 1 3 0 0 1 2 1 0 1 3 0 1 0 1
 2 2 2 1 3 1 1 0 3 3 0 2 1 1 1 3 3 2 0 2 1 3 1 2 1 1 2 1 1 2 2 0 0 1 0 0 2
 2 1 0 0 2 0 1 0 3 0 2 1 1 1 0 2 3 2 2 2 3 1 2 2 3 0 0 2 1 2 0 3 2 3 3 1 3
 0 2 0 1 2 1 0 3 2 3 2 3 3 1 2 0 1 1 2 3 1 3 2 0 0 3 2 2 3 0 2 1 1 0 0 2 3
 0 1 3 0 0 3 3 1 3 2 1 2 2 2 1 1 3 2 1 3 2 3 1 3 0 1 2 2 3 3 0 0 1 2 1 1 2
 3 1 1 0 1 1 3 2 1 0 0 3 0 2 1 0 3 0 0 0 1 3 0 3 3 0 3 2 3 0 3 0 3 3 2 0 0
 0 0 3 3 2 3 1 2 3 0 0 3 3 0 3 0 0 1 1 2 3 2 0 0 0 1 0 2 2 0 0 1 0 2 3 3 0
 0 1 0 1 1 2 1 1 2 0 0 2 3 0 2 2 2 2 2 2 2 1 0 0 1 2 1 3 0 2 2 0 3 3 1 2 1
 2 3 1 1 2 1 3 1 1 3 0 0 1 3 3 0 2 2 3 3 3 1 2 0 0 0 3 0 3 2 2 3 1 1 0 3 0
 2 2 3 0 0 3 1 2 3 3 3 2 0 2 3 1 2 1 2 0 1 1 2 1 3 0 0 3 2 0 1 2 1 0 1 0 0
 0 1 0 0 0 3 3 1 2 1 2 2 3 0 1 3 1 0 0 0 3 0 1 0 2 1 1 2 3 0 0 3 2 0 1 3 1
 3 0 3 1 1 0 3 2 2 0 2 2 2 0 3 2 0 1 2 2 1 3 2 1 0 2 2 0 2 2 2 1 2 2 3 3 2
 1 2 0 2 3 1 1 3 1 3 1 0 2 1 1 0 3 0 1 2 2 2 1 3 2 0 1 3 0 0 1 3 0 3 1 2 2
 3 1 2 1 3 3 0 2 2 1 3 3 3 3 1 2 1 1 1 0 2 2 1 3 3 2 0 2 0 3 1 1 0 3 2 1 3
 3 1 1 0 0 3 1 0 0 3 3 0 0 1 3 2 1 2 2 2 0 1 0 2 0 3 3 1 2 2 3 0 2 0 1 1 2
 0 2 0 3 0 0 1 2 1 3 0 2 1 0 0 2 2 2 2 2 0 0 2 3 1 2 0 3 0 2 2 0 3 3 3 0 1
 2 0 0 1 0 0 1 3 3 0 0 1 1 0 0 0 2 2 2 1 3 2 1 0 3 2 1 0 1 1 1 1 0 3 1 2 1
 1 2 3 3 2 1 1 3 3 3 0 0 2 2 2 2 3 1 3 2 0 0 1]
