4.3 -6.57
-41.49 -37.2
49.16 25.64
22.28 7.31
30.11 10.04
33.9 14.78
36.54 16.89
30.07 12.43
-10.59 -16.79
16.68 3.91
-2.09 -8.38
-14.51 -18.87
48.19 25.65
49.33 27.4
33.78 14.01
29.87 12.25
-42.22 -38.25
-37.99 -36.17
12.78 -0.67
44.39 21.89
-34.49 -33.95
-48.08 -42.56
-17.37 -20.44
42.36 19.85
-42.52 -40.0
17.68 4.02
-6.63 -13.19
3.06 -5.24
-40.13 -36.25
11.32 -1.61
28.66 12.1
15.62 1.72
23.83 7.4
25.96 9.39
-20.89 -24.29
-47.08 -42.36
-42.0 -39.37
40.86 20.96
-12.56 -18.08
44.18 21.85
6.31 -4.68
-36.7 -34.76
16.7 3.95
-25.33 -25.41
33.89 15.69
-4.34 -12.16
46.71 24.9
-3.32 -11.32
17.98 7.1
35.74 15.19
37.66 17.64
20.54 4.31
30.49 11.6
-39.08 -36.24
32.95 16.06
-40.57 -37.76
11.45 -1.28
44.17 22.25
-16.37 -22.51
-24.23 -26.49
-3.14 -10.19
29.71 12.05
-12.73 -18.96
43.92 22.31
-28.16 -27.77
-32.78 -32.29
-19.0 -22.97
20.19 4.29
39.56 18.97
-1.54 -10.76
-44.74 -41.3
49.05 26.7
9.41 -3.19
-47.43 -42.49
16.29 2.25
48.49 24.67
38.0 18.38
0.62 -8.7
-30.62 -29.03
-3.82 -13.23
-10.44 -18.35
42.66 21.64
-38.32 -37.62
47.82 25.0
36.98 15.07
-4.97 -12.49
34.86 15.13
-14.82 -19.01
-49.19 -43.11
32.8 13.42
14.16 0.84
39.42 18.87
-16.37 -20.68
44.77 21.96
4.5 -8.09
-4.57 -11.38
12.78 0.21
39.7 19.89
-9.85 -14.92
44.45 21.96
-41.5 -38.35
-39.12 -36.96
-27.42 -30.5
-4.93 -12.59
-34.98 -34.37
35.58 14.03
-46.53 -40.0
-10.58 -15.12
-46.45 -42.57
5.0 -4.21
-28.04 -26.69
-17.84 -21.76
-48.31 -41.58
38.32 18.42
46.43 24.29
2.98 -6.81
-10.65 -15.28
43.83 23.15
-43.52 -39.16
12.67 0.99
35.57 15.66
1.95 -9.48
43.27 23.06
28.63 11.47
16.37 3.64
-11.49 -17.8
-49.6 -44.25
-22.66 -24.37
-31.47 -29.57
-24.28 -26.19
-30.78 -29.71
-21.67 -23.78
-25.8 -28.6
-21.11 -24.85
22.35 5.6
-18.33 -22.27
26.46 9.81
48.44 24.53
-9.86 -16.06
-19.16 -24.16
49.54 25.94
19.41 4.76
33.93 16.88
25.4 11.17
-33.17 -30.39
26.72 9.51
34.5 12.23
-22.29 -26.46
-43.23 -40.21
-36.69 -33.66
49.84 25.83
2.47 -6.24
-25.24 -26.86
11.01 -2.41
30.23 11.67
-40.86 -37.9
-45.07 -41.66
32.63 13.88
4.73 -6.88
11.87 -0.72
-36.89 -36.11
-48.48 -41.53
-47.76 -41.15
-29.58 -28.8
7.2 -4.08
-24.86 -26.48
34.81 15.51
40.51 19.54
-14.86 -18.84
-4.6 -12.7
13.05 -0.16
-1.62 -9.65
-37.24 -35.95
-39.21 -36.34
-37.99 -35.88
44.79 22.6
-16.5 -20.24
-17.08 -20.25
20.25 6.48
-45.29 -40.67
-36.27 -35.72
2.69 -8.01
24.29 10.48
16.9 4.01
44.15 21.02
28.87 11.7
-9.07 -14.34
21.98 9.05
-49.46 -43.93
-18.82 -24.08
-6.53 -13.26
-26.26 -28.63
-45.74 -39.78
-5.3 -14.78
45.1 21.44
5.69 -3.31
-36.49 -36.27
-11.57 -15.25
38.4 17.66
18.93 4.32
