-41.42 -82.49
-12.65 -26.45
-29.04 -59.8
4.5 -8.09
11.45 -1.28
48.6 94.73
-1.54 -10.76
20.54 4.31
-48.31 -41.58
-45.29 -40.67
-16.98 -35.13
-12.18 -23.11
27.48 53.95
4.73 -6.88
-22.3 -46.04
-21.5 -42.68
43.13 85.24
-16.37 -20.68
-25.24 -26.86
28.87 11.7
26.46 9.81
11.32 -1.61
37.85 75.21
27.15 51.07
5.97 10.59
25.96 9.39
-14.86 -18.84
27.28 54.24
15.01 30.55
37.3 74.16
-9.07 -14.34
-6.53 -13.26
-9.98 -19.89
-3.14 -10.19
34.81 15.51
26.56 53.69
45.98 93.02
39.56 18.97
49.05 26.7
-13.41 -27.59
42.36 19.85
-30.71 -59.82
-22.29 -26.46
4.2 8.42
-20.78 -42.86
-41.15 -81.7
-10.44 -18.35
8.3 17.2
44.45 21.96
9.41 -3.19
37.66 17.64
23.83 7.4
32.95 16.06
45.95 91.07
43.79 88.49
-29.58 -28.8
48.57 96.95
-37.99 -35.88
-4.97 -12.49
15.88 32.74
-31.08 -62.83
44.77 21.96
-4.36 -8.59
48.24 96.7
32.63 13.88
49.84 25.83
-10.65 -15.28
-36.54 -72.1
-41.5 -38.35
23.78 45.61
-46.2 -93.23
18.93 4.32
39.8 80.44
-32.69 -65.63
36.98 15.07
44.18 21.85
-13.48 -27.08
-34.49 -33.95
16.7 3.95
-48.08 -42.56
-13.75 -27.69
27.73 56.03
-47.76 -41.15
15.62 1.72
-9.85 -14.92
-22.39 -43.86
-26.26 -28.63
6.78 14.59
33.71 66.6
-28.23 -57.56
8.12 16.97
-30.62 -29.03
-10.59 -16.79
-26.94 -54.52
2.98 -6.81
-42.9 -83.92
-49.03 -97.02
47.5 97.4
24.29 10.48
38.0 18.38
5.0 -4.21
30.66 62.35
-25.6 -51.22
29.87 12.25
21.98 9.05
-4.34 -12.16
-25.33 -25.41
-48.48 -41.53
30.49 11.6
14.49 28.81
-18.33 -22.27
44.15 21.02
-20.89 -24.29
14.31 29.41
1.69 2.14
-33.01 -65.02
-42.22 -38.25
31.48 61.52
14.9 28.64
30.07 12.43
-5.1 -11.85
48.27 96.3
3.98 7.26
42.66 21.64
9.82 20.95
-46.45 -42.57
20.06 40.73
-15.85 -31.25
-3.82 -13.23
-18.82 -24.08
-37.01 -75.61
38.86 77.16
-8.36 -16.67
39.76 78.81
-24.28 -26.19
32.8 13.42
12.67 0.99
28.63 11.47
14.41 29.97
-40.86 -37.9
-17.5 -36.22
-4.93 -12.59
2.69 -8.01
-45.74 -39.78
-6.63 -13.19
49.16 25.64
3.06 -5.24
33.78 14.01
26.33 51.17
24.45 49.71
-25.8 -28.6
33.93 16.88
38.31 77.18
13.51 26.75
27.12 54.44
-24.86 -26.48
16.52 36.86
24.98 48.56
33.9 14.78
-24.23 -26.49
-36.69 -33.66
-36.42 -73.07
-40.13 -36.25
-39.12 -36.96
-12.04 -24.11
-45.62 -91.26
-12.56 -18.08
-42.96 -87.44
-12.73 -18.96
4.5 7.04
-39.08 -36.24
-20.62 -41.05
30.11 10.04
8.74 17.85
-17.08 -20.25
-32.47 -64.8
17.98 7.1
-28.19 -56.55
22.28 7.31
19.41 4.76
-34.14 -68.52
12.78 -0.67
12.78 0.21
-19.01 -38.0
-1.62 -9.65
-27.42 -30.5
-35.02 -70.6
32.46 64.55
-4.57 -11.38
-34.98 -34.37
-30.78 -29.71
-28.35 -57.15
34.7 69.13
-49.97 -98.79
-28.04 -26.69
-37.99 -77.36
-30.72 -61.17
47.94 97.02
-19.0 -22.97
40.86 20.96
-38.32 -37.62
-45.86 -91.48
-7.34 -15.47
-44.74 -41.3
-47.08 -42.36
-32.48 -65.97
-11.57 -15.25
48.49 24.67
-17.37 -20.44
-45.74 -92.86
45.75 91.75
-40.36 -81.73
15.53 30.47
-32.78 -32.29
13.05 -0.16
7.98 16.19
-46.62 -95.08
-49.19 -43.11
7.2 -4.08
-42.49 -85.69
-21.53 -44.33
43.92 22.31
-48.1 -95.67
1.95 -9.48
-32.7 -64.39
5.84 13.16
43.43 86.48
46.43 24.29
16.37 3.64
-36.02 -72.01
43.83 23.15
48.19 25.65
-46.53 -40.0
7.02 15.72
-40.57 -37.76
-28.03 -56.86
39.7 19.89
1.17 2.51
-43.52 -39.16
48.44 24.53
-28.35 -55.31
42.95 85.18
3.46 5.65
32.16 64.63
49.9 99.71
-16.02 -31.43
-43.23 -40.21
-37.99 -36.17
40.51 19.54
-14.82 -19.01
-23.52 -46.09
-35.97 -71.34
45.97 90.12
49.54 25.94
33.89 15.69
27.63 54.78
-4.48 -10.07
-42.52 -40.0
32.71 64.57
-27.42 -53.49
-41.23 -82.08
-3.32 -11.32
-47.43 -42.49
-36.27 -35.72
-25.0 -49.88
-41.2 -82.91
-30.89 -61.06
6.33 12.76
28.39 56.28
21.44 42.2
35.57 15.66
-19.16 -24.16
0.43 0.91
13.23 27.39
44.39 21.89
42.47 85.08
21.38 40.83
5.09 10.25
35.58 14.03
26.72 9.51
-30.03 -60.69
35.74 15.19
-6.04 -11.95
20.19 4.29
-9.02 -17.51
-10.58 -15.12
38.4 17.66
37.81 73.31
-41.38 -83.46
14.16 0.84
-26.13 -51.36
-13.44 -25.11
11.01 -2.41
-2.61 -5.26
44.79 22.6
-28.59 -57.28
-30.49 -60.58
-18.45 -35.7
36.76 72.6
36.54 16.89
-36.49 -36.27
38.62 79.7
-0.63 -2.0
16.29 2.25
19.25 37.86
2.47 -6.24
-30.65 -62.83
-21.11 -24.85
-42.0 -39.37
-31.21 -61.06
-30.19 -59.5
-36.7 -34.76
-28.16 -27.77
38.32 18.42
-39.21 -36.34
11.21 21.78
11.87 -0.72
-21.67 -23.78
-31.47 -29.57
24.38 48.96
16.68 3.91
29.71 12.05
34.1 67.06
-14.0 -26.89
44.17 22.25
45.1 21.44
-14.01 -27.79
-49.22 -99.69
-45.07 -41.66
-2.09 -8.38
-16.37 -22.51
25.91 51.65
34.86 15.13
-14.21 -29.42
-41.32 -81.05
-30.75 -62.82
10.79 20.61
-47.84 -95.02
-49.46 -43.93
36.17 71.33
6.01 11.98
16.9 4.01
32.48 65.58
5.33 10.46
40.45 81.11
18.24 37.0
40.41 80.29
-9.1 -18.26
0.62 -8.7
-6.07 -12.42
-22.4 -45.12
-10.24 -21.39
-1.49 -4.56
-16.5 -20.24
25.4 11.17
35.81 70.84
-15.65 -31.17
-5.3 -14.78
-36.89 -36.11
44.91 90.56
49.33 27.4
-11.49 -17.8
6.31 -4.68
46.71 24.9
-37.24 -35.95
-48.02 -95.44
-40.75 -82.22
-12.55 -24.92
20.25 6.48
-49.01 -97.53
4.3 -6.57
-9.86 -16.06
-36.58 -74.17
-4.6 -12.7
-41.49 -37.2
-20.64 -41.34
-4.6 -9.61
-49.6 -44.25
-24.59 -50.58
22.23 43.94
30.23 11.67
-17.84 -21.76
39.42 18.87
-49.26 -99.22
-13.57 -25.84
43.27 23.06
3.75 6.58
28.66 12.1
34.5 12.23
-33.17 -30.39
22.35 5.6
-22.66 -24.37
17.68 4.02
16.37 32.44
47.82 25.0
5.69 -3.31
-14.51 -18.87
2.35 4.67
23.4 46.8
39.7 77.72
