3.46 5.65
14.9 28.64
-4.36 -8.59
8.3 17.2
-25.6 -51.22
-49.22 -99.69
-12.55 -24.92
-45.86 -91.48
-30.65 -62.83
14.49 28.81
27.73 56.03
-10.24 -21.39
-26.13 -51.36
39.76 78.81
43.13 85.24
14.41 29.97
-28.03 -56.86
-5.1 -11.85
-22.3 -46.04
20.06 40.73
-34.14 -68.52
-28.35 -57.15
36.76 72.6
-13.41 -27.59
-6.04 -11.95
-32.47 -64.8
18.24 37.0
38.86 77.16
-20.78 -42.86
-41.15 -81.7
-45.74 -92.86
-8.36 -16.67
2.35 4.67
-12.65 -26.45
-36.58 -74.17
-0.63 -2.0
-32.7 -64.39
-37.01 -75.61
33.71 66.6
-36.02 -72.01
-15.85 -31.25
-46.62 -95.08
-30.89 -61.06
8.74 17.85
8.12 16.97
27.63 54.78
49.9 99.71
37.3 74.16
3.98 7.26
-35.02 -70.6
35.81 70.84
38.62 79.7
-31.21 -61.06
-42.49 -85.69
48.27 96.3
32.46 64.55
15.53 30.47
-7.34 -15.47
-23.52 -46.09
-30.03 -60.69
-24.59 -50.58
-22.39 -43.86
-14.0 -26.89
25.91 51.65
27.15 51.07
43.79 88.49
-1.49 -4.56
0.43 0.91
1.69 2.14
-26.94 -54.52
-40.75 -82.22
21.38 40.83
14.31 29.41
-49.97 -98.79
40.45 81.11
-48.1 -95.67
-49.26 -99.22
-30.75 -62.82
-13.75 -27.69
-13.57 -25.84
1.17 2.51
24.45 49.71
-9.98 -19.89
-49.01 -97.53
38.31 77.18
24.38 48.96
16.37 32.44
-42.96 -87.44
34.1 67.06
15.88 32.74
-22.4 -45.12
26.33 51.17
-30.19 -59.5
27.12 54.44
39.7 77.72
-17.5 -36.22
42.95 85.18
40.41 80.29
-32.69 -65.63
-6.07 -12.42
23.78 45.61
-41.42 -82.49
-41.2 -82.91
45.95 91.07
36.17 71.33
-46.2 -93.23
26.56 53.69
-4.6 -9.61
43.43 86.48
5.09 10.25
-12.04 -24.11
-30.49 -60.58
-36.42 -73.07
3.75 6.58
-49.03 -97.02
24.98 48.56
16.52 36.86
-18.45 -35.7
37.81 73.31
27.48 53.95
5.33 10.46
-30.72 -61.17
-4.48 -10.07
-28.59 -57.28
6.33 12.76
-2.61 -5.26
-28.35 -55.31
-37.99 -77.36
4.5 7.04
47.94 97.02
48.6 94.73
-41.23 -82.08
19.25 37.86
34.7 69.13
45.75 91.75
-25.0 -49.88
-16.98 -35.13
-36.54 -72.1
-30.71 -59.82
-9.02 -17.51
7.02 15.72
23.4 46.8
-35.97 -71.34
-31.08 -62.83
-32.48 -65.97
13.23 27.39
4.2 8.42
48.57 96.95
5.84 13.16
21.44 42.2
39.8 80.44
11.21 21.78
32.48 65.58
45.98 93.02
-21.5 -42.68
-16.02 -31.43
-9.1 -18.26
5.97 10.59
-48.02 -95.44
37.85 75.21
-28.19 -56.55
6.78 14.59
42.47 85.08
-14.21 -29.42
7.98 16.19
-29.04 -59.8
27.28 54.24
-41.38 -83.46
-21.53 -44.33
-40.36 -81.73
-33.01 -65.02
-13.44 -25.11
-47.84 -95.02
47.5 97.4
-12.18 -23.11
6.01 11.98
32.16 64.63
48.24 96.7
-14.01 -27.79
32.71 64.57
13.51 26.75
15.01 30.55
28.39 56.28
45.97 90.12
-20.62 -41.05
10.79 20.61
-41.32 -81.05
44.91 90.56
9.82 20.95
-27.42 -53.49
-19.01 -38.0
-20.64 -41.34
-15.65 -31.17
31.48 61.52
-28.23 -57.56
-45.62 -91.26
30.66 62.35
-42.9 -83.92
-13.48 -27.08
22.23 43.94
