Execution time: 4.516540765762329
mse: 0.9234061595601274
Regression coefs:
	[array([0.70251654]), array([1.99669379])]
Regression interception:
	[np.float64(-9.017831727003243), np.float64(-0.12354755784994831)]
Clusters:
[0 1 0 0 0 0 0 0 0 0 1 0 1 1 1 0 0 1 1 1 0 1 0 1 1 0 0 0 0 1 1 0 1 0 0 1 1
 1 0 0 1 1 0 0 0 1 0 0 0 0 1 0 0 1 1 1 1 1 0 0 1 1 0 1 0 0 0 1 0 0 1 1 1 1
 1 0 1 0 1 1 1 1 0 0 1 1 0 0 0 0 0 1 1 1 0 0 1 1 0 0 1 1 0 1 0 0 1 1 0 0 0
 0 1 1 1 0 0 1 0 0 1 0 0 1 0 1 0 0 0 0 1 1 0 1 0 0 0 1 1 1 0 0 0 0 1 1 0 1
 1 1 1 1 1 0 1 0 0 1 0 1 1 0 0 0 0 1 1 1 0 0 0 1 1 0 0 1 0 0 0 1 0 1 0 0 1
 1 1 0 1 0 1 0 0 0 1 1 0 0 0 0 1 1 0 0 0 1 1 1 1 1 1 0 1 0 1 0 0 1 0 0 0 0
 0 0 1 1 0 1 1 1 0 1 0 1 0 1 0 0 0 1 1 0 1 0 1 0 1 1 1 1 0 0 0 1 1 1 1 0 1
 1 0 1 0 1 1 0 1 0 0 1 0 1 1 1 1 1 1 1 1 1 0 0 0 1 1 1 0 1 0 0 1 0 0 1 0 0
 0 1 1 0 1 1 0 1 0 0 1 1 1 1 1 1 0 0 1 1 0 1 0 0 0 1 0 0 0 0 1 1 1 1 0 1 0
 1 1 0 0 0 1 1 1 0 0 0 0 0 1 1 1 1 0 1 0 1 0 1 0 1 1 0 0 0 1 0 1 0 1 1 0 0
 1 1 1 0 1 1 1 0 1 0 1 0 1 0 1 0 0 1 0 0 0 1 1 1 0 1 0 1 1 0]
