Execution time: 14.137906789779663
mse: 0.9292605465335048
Regression coefs:
	[array([0.70259455]), array([1.996791])]
Regression interception:
	[np.float64(-9.02536185030379), np.float64(-0.1352420812804942)]
Clusters:
[0 1 0 0 0 0 0 0 0 0 1 0 1 1 1 0 0 1 1 1 0 1 0 1 1 0 0 0 0 1 1 0 1 0 0 1 1
 1 0 0 1 1 0 0 0 1 0 0 0 0 1 0 0 1 1 1 1 1 0 0 1 1 0 1 0 0 0 1 0 0 1 1 1 1
 1 0 1 0 1 1 1 1 0 0 1 1 0 0 0 0 0 1 1 1 0 0 1 1 0 0 1 1 0 1 0 0 1 1 0 0 0
 0 1 1 1 0 0 1 0 0 1 0 0 1 0 1 0 0 0 0 1 1 0 1 0 0 0 1 1 1 0 0 0 0 1 1 0 1
 1 1 1 1 1 0 1 0 0 1 0 1 1 0 0 0 0 1 1 1 0 0 0 1 1 0 0 1 0 0 0 1 0 1 0 0 1
 1 1 0 1 0 1 0 0 0 1 1 0 0 0 0 1 1 0 0 0 1 1 1 1 1 1 0 1 0 1 0 0 1 0 0 0 0
 0 0 1 1 0 1 1 1 0 1 0 1 0 1 0 0 0 1 1 0 1 0 1 0 1 1 1 1 0 0 0 1 1 1 1 0 1
 1 0 1 0 1 1 0 1 0 1 1 0 1 1 1 1 1 0 1 1 1 0 0 0 1 1 1 0 1 0 0 1 0 0 1 0 0
 0 1 1 0 1 1 0 1 0 0 1 1 1 1 1 1 0 0 1 1 0 1 0 0 0 1 0 0 0 0 1 1 1 1 0 1 0
 1 1 0 0 0 1 1 1 0 0 0 0 0 1 1 1 1 0 1 0 1 0 1 0 1 1 0 0 0 1 0 1 0 1 1 0 0
 1 1 1 0 1 1 1 0 1 0 1 0 1 0 1 0 0 1 0 0 0 1 1 1 0 1 0 1 1 0]
