Execution time: 2.451721668243408
mse: 126.1051232182889
Regression coefs:
	[array([-0.]), array([0.]), array([0.06383996]), array([-0.])]
Regression interception:
	[np.float64(38.00045), np.float64(9.661801470588236), np.float64(64.30255447003843), np.float64(-3.1642718446601936)]
Clusters:
[0 1 3 3 2 1 1 0 1 1 0 1 0 1 0 3 0 1 2 3 2 1 1 0 1 3 3 1 3 1 1 0 0 1 3 1 1
 2 0 0 1 0 1 3 1 2 2 1 1 2 0 1 0 3 1 0 3 0 1 3 0 3 1 3 1 3 3 0 3 2 1 1 0 1
 2 3 2 3 3 1 2 0 1 0 3 2 1 3 3 3 0 0 1 1 1 0 1 1 0 2 0 1 0 2 2 1 0 0 0 1 2
 0 1 1 1 3 2 3 1 3 2 1 2 0 1 1 1 1 0 1 0 0 1 0 0 1 1 3 1 1 2 0 0 1 0 0 0 1
 1 2 3 0 2 3 1 1 3 3 2 1 0 1 3 0 1 1 0 2 0 1 1 0 2 3 0 1 3 1 3 3 0 3 1 3 1
 0 0 0 0 1 3 1 1 0 1 2 1 1 1 0 1 1 3 3 0 3 1 0 1 3 0 0 0 3 0 2 1 3 1 3 0 1
 2 2 1 2 1 0 1 0 1 2 1 1 2 3 2 2 2 3 2 3 0 1 3 0 0 1 2 1 0 0 0 1 3 3 1 2 0
 2 1 3 3 0 3 0 3 1 3 2 1 0 1 0 0 1 3 1 1 0 2 1 2 1 1 2 3 1 3 0 1 0 0 2 3 1
 3 0 1 1 2 3 2 0 3 1 2 3 3 0 1 3 1 3 3 3 1 0 3 0 1 1 1 2 1 3 3 3 3 1 0 3 1
 0 1 3 3 3 1 1 0 3 0 0 2 3 3 3 1 0 0 0 0 2 0 3 0 1 3 0 3 3 1 3 1 0 1 1 1 2
 3 2 1 0 1 3 2 2 0 2 3 1 1 1 1 1 0 3 0 3 2 0 1 3 0 2 1 1 3 0 1 2 3 0 1 2 3
 1 2 3 3 2 1 3 0 3 3 3 1 3 1 3 1 3 0 1 1 0 3 2 1 1 3 0 1 3 0 3 1 1 1 1 1 2
 3 1 3 1 2 0 0 1 1 3 2 2 3 1 3 1 1 1 3 1 2 3 0 1 1 1 0 0 1 3 2 3 0 3 1 0 3
 2 3 2 1 3 3 2 3 3 0 1 1 1 2 3 2 1 0 1 0 1 3 1 2 0 3 0 0 1 2 1 1 0 2 1 1 1
 0 2 3 1 0 0 0 0 3 1 2 3 3 3 0 3 1 0 1 0 3 3 0 1 1 2 1 3 0 2 1 2 1 1 3 1 2
 3 3 1 1 3 1 2 3 1 1 0 0 2 2 1 0 1 0 3 0 2 2 1 1 1 0 1 1 0 0 0 1 1 2 3 1 2
 0 1 3 3 3 0 1 3 0 3 3 0 0 0 2 0 3 0 0 0 2 2 1 2 1 1 3 1 1 3 3 3 1 3 0 1 2
 0 1 2 1 3 3 3 3 0 3 1 2 0 1 0 1 1 1 3 0 1 0 3 0 1 2 1 3 1 0 0 0 3 3 1 2 1
 2 1 0 2 3 3 3 1 3 1 0 3 1 2 2 1 3 3 1 3 3 1 1 1 0 3 1 1 1 0 1 1 0 0 1 0 3
 2 3 2 1 1 0 2 3 0 3 1 3 1 0 0 1 1 2 1 2 1 3 3 1 3 0 3 0 0 2 3 3 1 2 3 0 2
 3 1 0 1 0 3 0 0 0 2 0 3 3 0 1 1 1 0 1 0 3 3 0 0 1 3 1 2 0 2 2 3 3 2 2 0 0
 1 2 0 0 3 1 2 3 3 3 3 2 0 2 2 1 1 2 1 0 3 3 0]
