Execution time: 3.76511287689209
mse: 0.9691345650190666
Regression coefs:
	[array([0.9964671]), array([-0.99651185])]
Regression interception:
	[np.float64(0.03934164549111818), np.float64(0.032199938918858195)]
Clusters:
[0 1 0 0 0 1 1 0 0 0 1 0 1 1 0 1 1 0 0 1 1 1 1 1 0 1 1 1 0 0 0 0 0 0 1 0 1
 0 1 0 0 0 0 1 1 1 0 1 1 1 0 1 0 0 0 0 0 1 0 0 0 0 1 1 1 0 0 0 1 0 0 1 1 1
 1 0 1 0 0 1 1 1 0 0 0 0 1 1 0 0 0 1 1 0 0 1 0 1 0 1 1 0 0 1 0 1 1 0 0 0 1
 0 0 1 0 1 0 1 0 0 0 0 0 1 1 1 1 0 1 0 1 0 0 1 0 1 1 1 1 1 0 0 1 1 0 1 1 0
 1 0 0 1 1 1 0 1 0 1 1 1 0 0 1 1 0 1 0 0 0 1 0 1 1 1 0 1 0 0 1 1 1 0 0 1 1
 0 1 1 1 0 0 1 0 0 0 0 1 1 0 1 0 0 0 0 1 0 1 0 0 1 1 0 0 1 1 0 1 0 1 1 1 0
 1 1 1 0 1 0 0 1 0 1 1 1 0 1 1 0 1 0 1 0 0 1 1 0 0 0 0 0 0 1 0 1 1 1 0 0 1
 0 1 0 1 1 0 0 1 0 0 1 0 0 1 1 1 1 0 0 1 0 1 1 1 0 0 1 1 1 1 1 1 0 1 0 0 0
 0 1 0 0 0 1 0 0 0 0 1 0 0 0 1 0 1 0 1 0 0 0 0 0 1 0 1 1 1 0 0 0 0 0 1 0 0
 0 1 1 1 0 0 1 0 1 0 1 0 1 0 1 0 0 0 1 0 0 1 0 1 0 0 1 0 0 0 1 0 0 0 1 0 1
 0 0 1 1 0 0 0 1 1 1 1 1 1 0 0 0 0 1 1 0 1 1 0 1 0 1 1 1 0 0 1 1 1 1 0 1 1
 0 0 0 1 0 0 1 1 1 1 0 1 1 0 1 0 1 0 0 1 0 1 1 1 1 0 0 0 1 1 1 1 0 1 0 0 1
 1 1 0 0 1 1 0 1 1 1 0 1 0 0 1 1 1 1 0 0 0 1 1 1 1 0 1 1 0 0 0 0 1 0 0 0 1
 0 1 0 1 1 0 1 1 0 0 1 0 1 0 1 1 0 1 1 1 0 0 1 1 1 1 1 1 0 0 0 1 0 0 0 0 0
 0 0 1 0 1 0 1 1 1 1 1 0 0 0 1 1 1 1 1 1 1 1 0 1 1 0 1 0 1 1 0 0 0 1 0 0 1
 0 0 1 0 1 0 1 0 0 0 0 0 0 1 0 1 1 0 1 0 0 0 0 0 1 1 1 1 0 1 1 1 1 0 1 0 0
 1 0 1 0 1 1 1 1]
