11.6 -17.17
2.51 -11.26
3.78 -11.14
9.88 -13.45
4.32 -12.06
4.26 -13.36
11.14 -16.96
10.66 -17.21
6.71 -14.4
10.96 -16.0
18.11 -19.69
13.27 -19.85
18.63 -22.72
9.71 -15.46
18.49 -21.37
8.6 -15.24
16.49 -18.32
14.29 -18.6
5.77 -11.92
19.71 -23.26
2.94 -12.07
5.56 -12.14
8.44 -15.22
19.68 -21.73
15.73 -21.44
11.87 -17.23
2.61 -11.66
16.88 -22.46
14.16 -19.01
14.92 -18.33
18.94 -21.04
17.21 -20.31
15.14 -19.96
6.98 -15.1
1.63 -10.11
6.46 -12.66
0.71 -9.57
6.11 -12.16
12.37 -17.79
18.52 -22.45
0.93 -11.39
8.9 -16.72
13.19 -19.2
9.84 -14.58
14.01 -18.56
16.17 -19.57
14.23 -17.6
1.38 -11.4
10.95 -17.34
16.59 -20.37
0.43 -10.42
15.1 -18.51
13.91 -19.4
11.75 -16.55
2.02 -10.09
14.51 -18.44
3.43 -10.91
5.36 -13.03
6.25 -14.39
0.32 -7.63
4.36 -12.85
14.03 -17.62
17.41 -21.06
19.27 -23.23
10.36 -14.72
3.37 -11.21
8.17 -15.18
10.37 -15.84
6.69 -12.8
19.49 -19.92
5.66 -12.52
7.96 -16.92
9.83 -16.85
10.83 -17.31
4.35 -13.54
19.39 -19.05
17.63 -20.52
11.26 -17.1
11.16 -17.03
15.22 -19.61
15.25 -18.09
10.38 -16.88
16.82 -20.15
14.61 -18.04
5.31 -12.98
8.98 -15.05
8.64 -15.82
2.89 -11.12
9.98 -15.82
5.09 -13.78
4.1 -11.14
7.14 -13.53
2.2 -11.22
8.4 -14.24
10.24 -15.62
5.62 -13.18
19.43 -21.42
1.18 -9.58
17.83 -19.87
11.93 -16.54
6.58 -12.63
14.61 -17.19
15.14 -19.1
3.81 -12.38
12.13 -16.93
9.76 -14.57
14.78 -18.45
9.1 -15.94
7.47 -14.4
18.07 -20.3
16.2 -18.79
8.76 -15.94
10.58 -16.67
0.61 -9.19
16.77 -19.64
10.05 -15.46
8.86 -14.78
11.88 -16.69
13.45 -17.67
14.69 -18.5
9.48 -17.18
11.0 -16.41
14.6 -20.52
7.74 -15.77
15.9 -18.61
8.26 -15.1
3.15 -11.5
0.14 -9.2
19.21 -21.45
11.78 -16.8
8.52 -15.6
5.52 -13.33
5.86 -12.23
19.49 -20.52
18.2 -18.67
9.59 -14.77
14.86 -18.23
15.8 -18.65
8.97 -16.38
9.1 -13.56
2.98 -12.67
1.21 -11.86
9.82 -16.24
3.32 -12.05
3.97 -11.73
5.67 -16.07
19.07 -22.58
11.47 -16.77
17.9 -20.32
19.69 -21.37
4.54 -11.54
16.46 -19.65
1.59 -11.3
10.67 -17.25
13.04 -20.0
17.55 -20.81
16.59 -18.98
1.5 -12.06
8.74 -15.31
9.7 -15.9
16.27 -20.34
5.66 -11.11
7.76 -14.1
19.41 -19.96
11.57 -17.44
11.77 -17.59
2.95 -10.7
6.45 -13.77
4.81 -14.65
10.99 -17.55
2.47 -8.89
0.37 -10.7
3.04 -12.03
18.3 -20.59
19.06 -20.43
7.99 -14.77
17.67 -20.02
10.83 -16.83
8.78 -16.04
18.07 -21.71
14.06 -20.22
9.06 -15.12
1.76 -10.61
9.79 -16.59
9.08 -15.59
4.38 -13.69
9.33 -14.3
8.09 -11.81
14.61 -18.61
8.49 -15.39
10.83 -18.35
1.23 -10.01
0.84 -10.1
8.03 -14.89
14.85 -18.37
19.87 -22.56
3.72 -12.99
18.63 -23.13
16.87 -19.25
9.05 -16.15
14.15 -18.42
14.04 -18.41
1.92 -10.13
4.72 -14.83
15.21 -18.62
4.26 -12.56
15.11 -20.12
6.5 -14.63
8.7 -14.11
4.47 -13.87
16.82 -20.33
12.37 -18.46
13.15 -15.79
7.05 -13.11
7.11 -14.49
5.42 -11.49
15.47 -19.23
17.2 -20.67
2.35 -11.83
17.47 -21.55
10.82 -16.14
0.3 -10.63
15.22 -17.61
16.72 -20.21
11.89 -15.83
10.32 -16.5
18.11 -19.77
11.33 -16.44
19.97 -20.08
17.75 -19.82
4.99 -13.5
3.09 -11.04
10.69 -16.12
16.75 -19.07
17.25 -21.31
5.08 -11.03
11.28 -17.78
3.4 -12.85
4.94 -12.81
10.92 -17.96
7.07 -14.51
6.93 -13.1
18.22 -19.52
2.71 -12.07
8.18 -14.27
12.09 -17.92
11.03 -17.05
10.47 -15.99
17.09 -21.24
5.07 -12.7
5.4 -11.73
9.18 -14.22
7.36 -14.71
17.76 -21.9
17.26 -22.78
16.38 -19.96
3.98 -11.37
19.83 -23.56
13.89 -19.81
19.21 -23.38
1.0 -10.66
1.03 -11.71
13.21 -18.86
3.15 -12.98
13.33 -17.91
15.1 -19.29
6.07 -16.2
5.57 -13.26
3.57 -12.26
0.43 -9.58
4.64 -12.35
10.18 -17.19
8.98 -13.36
17.41 -21.29
11.92 -17.44
11.19 -16.21
17.38 -21.86
13.22 -19.26
19.27 -21.13
3.16 -12.84
17.93 -19.55
13.9 -18.53
13.36 -16.51
4.25 -13.23
17.02 -18.84
12.06 -16.61
7.15 -14.05
1.54 -11.59
0.8 -9.08
12.24 -15.95
1.22 -10.63
3.06 -12.45
1.91 -10.83
7.24 -13.82
16.31 -18.54
19.68 -21.51
4.36 -15.96
7.19 -14.85
13.84 -18.98
7.85 -15.11
5.89 -14.35
13.03 -17.86
7.09 -15.02
8.34 -14.01
5.58 -12.34
9.04 -15.14
17.2 -22.25
8.01 -15.04
12.39 -16.69
19.88 -21.69
2.77 -10.02
16.98 -19.22
3.52 -12.84
14.89 -20.18
9.54 -16.24
18.66 -21.59
12.03 -17.09
2.3 -14.19
14.56 -19.42
19.15 -21.09
10.0 -18.7
4.23 -14.33
7.37 -14.16
13.94 -17.66
12.98 -17.97
16.81 -20.75
12.14 -16.83
4.66 -13.68
8.37 -14.34
18.75 -22.06
9.17 -15.12
14.45 -18.92
10.69 -17.26
17.57 -20.77
11.66 -17.13
2.69 -10.92
7.85 -15.14
4.04 -12.02
6.31 -12.95
19.96 -21.41
8.44 -15.6
1.9 -11.44
16.34 -19.05
0.55 -10.21
3.42 -12.83
11.88 -18.75
6.97 -16.15
10.32 -17.59
12.23 -17.1
7.08 -14.37
9.37 -14.98
4.86 -15.22
3.55 -11.48
13.48 -17.22
14.13 -19.24
17.02 -20.58
17.43 -21.83
15.96 -20.16
3.65 -12.0
0.82 -11.71
19.76 -21.1
5.69 -13.77
4.19 -13.23
12.75 -17.75
3.95 -13.38
4.97 -11.8
14.47 -17.94
8.07 -14.87
6.6 -12.91
14.35 -19.2
17.06 -19.67
5.92 -12.65
19.6 -21.0
6.26 -14.35
19.21 -21.88
19.13 -20.95
13.31 -17.18
16.04 -21.27
16.77 -18.3
10.32 -15.5
0.49 -9.96
6.75 -13.08
19.61 -21.52
18.75 -20.53
11.92 -17.1
12.87 -17.3
8.43 -14.79
13.31 -17.8
11.85 -17.13
1.56 -10.41
14.29 -19.53
8.77 -14.05
13.81 -18.52
6.05 -13.56
13.35 -16.7
16.72 -21.7
11.35 -17.41
7.46 -15.15
9.6 -16.25
1.23 -11.38
