18.76 23.38
6.57 11.33
8.52 14.09
15.78 22.73
6.83 13.03
6.93 13.45
11.45 17.57
1.11 7.85
18.76 24.55
8.35 13.06
11.71 18.52
4.74 10.55
12.47 17.21
16.81 22.72
19.9 23.31
1.18 5.97
18.95 25.28
5.25 11.24
12.89 17.54
18.64 23.77
19.79 26.03
15.69 22.25
15.13 20.83
14.87 20.32
2.62 8.64
6.87 15.07
11.0 18.99
7.9 13.09
4.81 11.44
13.95 20.04
9.8 14.03
2.35 9.56
0.35 7.36
2.08 7.14
8.26 14.52
9.28 14.5
1.19 6.79
18.97 25.29
15.59 22.95
10.94 15.95
3.35 9.19
11.35 17.73
2.54 7.86
12.21 18.9
15.71 19.51
7.43 12.07
13.75 19.91
4.05 10.43
9.95 16.32
7.51 13.54
6.44 13.55
18.11 23.64
10.55 18.27
12.6 19.2
11.05 16.19
1.88 8.36
16.05 21.45
15.95 22.71
17.39 22.91
5.22 10.12
0.09 4.56
9.69 16.43
2.12 8.27
13.23 17.89
4.97 11.21
8.89 15.18
15.39 21.68
0.76 7.95
10.16 14.22
11.12 15.79
3.98 9.99
5.73 13.36
13.24 19.37
18.3 24.87
6.35 12.75
11.62 17.9
18.44 24.16
2.91 8.83
0.66 6.37
19.44 25.86
10.29 17.25
11.27 18.16
12.5 16.87
10.79 17.8
16.33 19.79
17.08 22.48
17.74 26.51
1.1 7.42
19.53 26.99
19.59 25.23
13.79 20.65
19.07 25.96
1.65 8.14
19.88 25.33
12.16 17.2
16.02 22.4
11.22 17.14
13.94 21.67
13.2 18.91
8.49 14.36
18.33 24.33
12.86 18.0
3.19 9.18
11.43 15.1
4.18 10.07
9.07 14.6
17.12 22.96
16.24 22.16
1.97 7.14
0.04 6.23
3.26 8.89
14.54 21.37
14.85 21.17
11.39 16.63
8.1 14.51
13.05 19.66
0.56 7.45
18.92 24.13
17.06 21.41
12.87 17.64
2.79 8.03
2.42 7.58
19.58 25.57
17.19 24.17
7.68 13.28
17.69 24.27
19.69 24.28
19.64 26.07
13.28 17.95
2.52 7.56
0.71 5.88
12.59 20.84
0.88 7.46
18.76 25.32
16.56 23.22
12.43 20.33
6.93 13.08
6.71 10.16
5.41 12.86
1.32 7.88
16.03 21.19
17.59 25.13
0.85 7.38
9.09 15.06
1.13 5.98
16.14 22.21
1.83 7.93
1.4 6.8
9.3 13.58
16.61 23.24
2.04 8.19
19.59 26.85
6.71 11.92
2.25 9.42
18.33 23.77
15.5 20.48
2.27 8.07
11.32 16.86
8.62 13.54
14.74 20.65
5.97 11.59
15.31 21.36
3.2 9.25
3.13 9.35
13.58 20.26
4.91 10.58
8.52 14.28
13.13 19.92
17.97 23.41
13.53 20.34
8.28 15.17
3.0 8.23
1.25 8.94
9.45 14.77
16.02 20.27
15.45 21.04
19.15 24.85
2.41 6.85
7.53 14.93
10.13 17.35
1.38 8.28
0.31 4.29
7.03 11.19
7.92 13.52
18.29 25.03
18.14 24.94
17.59 23.84
2.63 7.1
9.87 16.45
15.71 21.93
9.6 17.17
10.67 16.96
16.37 23.06
19.76 26.17
15.61 22.22
4.79 10.77
3.4 10.56
9.86 14.83
6.69 12.74
13.58 19.38
1.7 7.67
7.75 13.88
18.79 25.19
9.44 16.01
17.58 23.12
4.7 12.43
19.26 26.01
2.6 10.48
12.36 17.4
1.76 9.67
1.67 7.44
2.29 8.09
9.97 14.02
17.81 23.42
14.78 20.15
12.24 17.7
12.71 19.94
2.84 9.05
4.16 10.43
12.71 20.23
9.89 17.12
12.73 17.94
15.77 23.09
2.38 8.13
3.02 7.41
14.62 20.21
3.27 7.69
19.22 25.04
2.51 8.45
13.08 18.32
11.23 17.44
7.24 13.64
18.87 23.49
15.68 20.28
12.92 18.12
8.17 14.98
4.49 11.01
12.68 18.54
14.92 22.15
2.46 8.01
0.96 6.51
1.89 7.55
6.98 13.93
2.33 8.21
3.66 8.97
18.54 25.26
9.75 16.16
4.32 10.96
10.96 17.95
18.63 24.82
2.48 8.77
9.92 14.8
19.69 26.16
5.77 11.11
6.69 12.55
19.03 24.52
1.57 8.77
1.33 6.88
10.79 17.89
5.78 12.1
9.2 14.19
5.27 10.59
0.23 8.13
2.32 10.38
16.93 21.99
6.88 12.1
11.21 17.67
12.27 17.82
9.8 16.21
4.03 9.18
5.44 12.38
9.52 16.24
16.42 21.32
3.8 10.05
14.46 18.59
11.91 18.74
2.68 8.87
0.96 8.3
2.54 10.75
17.39 24.04
14.93 19.8
6.8 12.53
1.76 8.76
14.33 20.54
1.11 5.6
1.17 7.55
13.89 20.53
16.91 23.28
2.53 7.42
2.71 9.45
1.53 9.66
5.71 10.94
6.49 11.39
4.95 12.34
14.86 20.96
19.57 25.9
14.43 20.2
3.15 10.21
17.02 23.47
16.21 21.92
18.69 25.55
3.78 9.51
1.02 8.64
2.47 9.03
1.97 7.36
9.23 13.89
2.45 8.45
16.64 23.89
14.55 19.05
4.44 11.85
13.03 19.76
6.34 12.85
0.62 5.87
12.24 19.68
9.59 16.55
3.2 9.97
17.61 21.6
2.25 8.12
1.92 6.43
19.13 25.18
4.14 9.01
14.9 21.19
8.5 15.56
7.17 13.03
1.59 6.85
12.63 19.21
7.66 14.24
6.97 12.93
4.25 11.06
10.82 18.04
4.03 10.11
19.23 25.71
14.25 22.09
16.84 21.65
14.61 20.91
5.94 12.51
15.66 22.89
8.94 17.75
13.39 18.52
5.93 12.35
17.36 24.09
7.91 13.47
12.25 17.91
6.86 13.54
5.43 11.77
14.42 21.75
6.9 12.88
18.47 23.81
12.01 19.09
19.58 24.73
5.92 11.75
19.51 26.57
19.06 26.49
6.86 14.04
13.99 18.5
0.43 6.18
17.63 24.23
16.4 24.22
13.37 19.69
7.73 12.57
10.53 14.83
1.61 8.17
4.29 10.94
3.63 11.0
17.76 24.62
15.15 22.34
16.33 22.8
11.67 17.19
9.51 17.41
3.92 9.56
2.01 8.75
17.72 24.73
2.16 8.91
11.12 16.13
8.8 15.78
12.72 18.61
0.64 5.4
14.31 20.16
5.47 11.17
0.69 6.78
19.07 25.15
9.85 16.81
19.29 23.99
7.94 11.8
15.47 21.11
14.03 20.35
14.99 22.64
4.31 11.26
16.08 21.96
18.53 24.95
17.97 23.51
12.06 18.19
16.65 24.5
0.8 5.88
5.59 13.56
3.19 10.5
12.19 18.7
1.3 6.01
3.02 9.14
3.05 9.31
