4.44 -3.07
17.48 -4.34
1.48 -4.13
1.18 -3.37
10.42 -4.47
12.82 -4.42
18.01 -5.06
16.81 -4.08
0.48 -4.36
1.1 -4.07
7.75 -1.48
0.88 -3.42
14.65 -2.81
13.44 -2.71
13.61 -2.9
10.31 -3.81
15.8 -6.16
3.05 -4.08
4.24 -3.79
8.89 -4.33
2.24 -6.11
7.11 -4.13
18.05 -4.47
5.83 -4.9
15.74 -3.56
16.24 -1.62
5.82 -1.84
12.79 -4.22
15.11 -3.01
18.76 -4.71
11.16 -3.47
1.33 -3.81
5.04 -4.44
14.21 -3.83
10.82 -4.72
4.84 -4.38
10.44 -3.82
16.38 -4.1
0.26 -5.0
10.44 -5.66
18.29 -4.04
18.07 -3.67
7.73 -4.42
3.08 -3.86
10.21 -2.53
8.88 -3.81
8.14 -3.37
16.63 -4.5
10.65 -3.42
10.53 -5.49
3.49 -5.18
11.33 -4.82
11.34 -3.74
5.93 -3.79
1.57 -3.91
0.34 -3.38
1.99 -2.2
17.11 -2.36
18.02 -3.07
3.91 -3.81
14.8 -4.32
5.25 -5.45
19.95 -4.06
1.39 -4.4
18.9 -4.48
17.33 -3.75
8.64 -4.72
4.32 -3.64
13.76 -2.05
9.14 -4.45
10.9 -5.07
3.1 -4.81
0.9 -4.72
12.56 -1.97
1.53 -4.49
13.45 -2.0
15.61 -3.17
6.81 -3.62
2.0 -6.11
12.25 -3.36
14.41 -5.06
9.06 -2.22
19.54 -3.88
4.15 -3.52
7.73 -4.34
0.3 -3.59
10.28 -4.44
0.93 -4.03
12.88 -5.83
0.46 -5.08
7.96 -4.19
9.37 -5.03
0.91 -5.32
11.38 -4.09
7.25 -4.65
1.65 -5.08
10.28 -3.68
18.94 -4.32
0.84 -4.64
0.49 -4.89
17.15 -4.22
13.07 -4.44
9.31 -3.26
11.09 -3.97
6.62 -3.2
16.48 -2.66
12.63 -3.5
7.97 -4.18
2.92 -5.32
3.99 -4.92
10.52 -3.65
4.79 -3.6
13.16 -4.08
16.65 -4.45
10.02 -4.0
3.98 -3.76
5.17 -3.01
19.71 -2.05
4.3 -4.29
10.28 -4.27
1.95 -3.74
15.97 -3.51
3.04 -3.39
6.28 -4.56
12.13 -4.02
1.01 -3.19
0.25 -3.72
17.97 -3.99
1.63 -3.97
11.84 -5.84
15.58 -5.29
2.51 -4.55
9.8 -5.59
7.07 -3.8
1.65 -3.17
17.46 -4.03
16.05 -4.59
17.08 -4.6
2.19 -3.99
2.86 -4.79
10.06 -2.85
4.2 -3.96
12.13 -5.41
1.26 -5.01
0.37 -2.42
10.96 -3.05
0.93 -3.41
14.4 -5.16
13.57 -4.22
7.68 -4.68
17.15 -4.62
9.59 -2.79
7.47 -4.5
9.69 -3.75
19.93 -3.06
4.08 -2.98
0.76 -3.96
8.3 -4.06
3.11 -4.81
14.03 -3.33
9.89 -3.67
12.59 -3.25
5.05 -3.77
19.74 -3.55
11.93 -3.98
9.98 -4.53
6.91 -5.41
18.02 -5.2
16.49 -2.69
19.93 -5.5
16.81 -3.47
1.13 -4.82
10.94 -3.0
6.18 -2.18
18.01 -4.55
10.56 -4.75
10.26 -2.64
10.65 -5.68
8.81 -5.02
5.13 -3.55
18.26 -3.97
10.21 -4.16
3.33 -3.0
4.56 -4.17
18.68 -4.36
10.11 -3.06
4.98 -3.41
6.68 -5.36
14.97 -1.9
19.01 -4.5
4.08 -5.01
12.26 -3.51
11.98 -2.37
7.76 -5.26
8.15 -1.99
17.49 -4.48
10.51 -2.98
6.18 -3.56
5.49 -3.57
6.99 -3.69
17.03 -4.19
17.59 -3.26
4.53 -4.34
13.09 -5.34
4.57 -3.4
14.15 -4.99
2.47 -5.07
6.35 -4.2
19.39 -5.69
19.75 -3.19
14.54 -3.83
0.42 -5.52
17.15 -4.51
3.11 -3.89
14.78 -4.53
4.41 -4.65
19.37 -5.55
5.42 -3.92
9.41 -3.52
10.56 -3.25
5.7 -3.94
11.22 -2.93
3.42 -3.24
19.2 -4.48
18.64 -5.01
5.23 -4.19
2.63 -3.44
5.75 -4.45
16.37 -3.74
7.41 -3.53
1.87 -3.91
18.58 -4.57
13.62 -2.57
5.11 -3.78
14.98 -4.0
18.01 -3.91
8.22 -4.91
14.02 -2.74
2.97 -2.7
2.0 -6.76
0.64 -5.27
16.36 -3.4
6.31 -3.78
17.61 -4.38
4.56 -4.2
11.81 -2.28
19.91 -3.87
7.15 -5.56
14.82 -4.49
17.56 -1.25
17.18 -2.64
18.2 -2.72
17.6 -5.45
11.88 -4.8
15.38 -5.75
8.96 -3.83
10.36 -3.58
4.6 -5.0
9.89 -5.02
3.28 -4.02
6.2 -5.24
8.06 -3.74
13.42 -2.9
17.46 -4.0
9.71 -3.94
9.03 -4.11
13.49 -6.16
5.65 -4.63
11.79 -2.07
15.97 -2.49
11.6 -2.88
6.13 -4.01
15.58 -3.72
10.56 -4.6
1.37 -2.37
1.38 -3.49
19.68 -5.44
19.19 -5.24
6.38 -3.05
16.8 -3.54
11.99 -4.57
11.89 -5.7
12.26 -3.13
11.57 -3.25
18.55 -2.24
7.48 -3.74
11.92 -3.41
3.01 -4.05
1.57 -4.57
13.87 -4.11
6.93 -3.97
7.1 -4.2
13.44 -3.56
14.64 -2.47
6.82 -3.71
2.53 -3.93
10.51 -3.99
12.04 -2.41
8.07 -3.76
7.92 -2.73
12.41 -3.32
11.81 -4.51
13.04 -2.65
16.39 -4.52
11.15 -4.62
14.73 -3.29
15.59 -3.24
7.84 -4.74
4.3 -3.98
7.2 -3.12
12.38 -2.32
17.68 -4.29
1.59 -4.26
18.17 -3.37
19.2 -5.32
8.12 -4.81
9.83 -5.03
19.9 -4.43
19.16 -4.3
18.18 -2.23
1.51 -3.43
13.51 -3.91
1.9 -0.73
4.26 -3.32
3.9 -5.04
19.69 -5.09
0.52 -2.85
4.17 -4.34
13.74 -5.03
11.07 -5.2
19.08 -4.79
2.7 -4.2
11.6 -3.54
1.47 -2.86
4.44 -3.42
15.36 -4.32
3.32 -3.44
2.66 -4.02
11.25 -4.66
4.07 -3.87
6.97 -3.14
3.86 -4.98
0.39 -2.95
11.4 -3.04
3.8 -3.38
15.41 -4.26
18.57 -3.88
1.11 -2.69
18.13 -3.32
2.95 -4.92
12.7 -3.17
11.31 -3.61
17.45 -4.35
8.91 -3.22
11.43 -5.36
12.13 -3.24
2.63 -3.09
18.6 -3.93
2.54 -4.38
17.97 -4.36
19.74 -3.53
14.74 -3.71
11.87 -4.15
8.56 -3.42
13.52 -4.12
1.27 -3.81
2.14 -3.2
12.08 -5.05
2.64 -4.0
7.41 -3.45
17.2 -4.43
0.76 -4.5
6.5 -4.42
9.33 -2.87
10.53 -3.05
13.68 -4.68
5.38 -2.83
11.28 -2.43
19.05 -3.69
15.16 -4.0
7.23 -3.64
1.02 -4.09
6.35 -5.69
7.58 -4.43
3.44 -3.18
17.33 -4.35
12.4 -3.99
16.38 -4.48
6.42 -2.64
7.41 -5.1
3.58 -2.62
5.04 -4.93
19.4 -2.04
19.09 -3.18
17.43 -3.67
8.72 -3.33
7.89 -3.62
18.46 -3.49
4.98 -3.75
7.23 -3.95
