Execution time: 0.25681471824645996
mse: 10.7312568822979
Regression coefs:
	[array([2.01866321]), array([2.04805583])]
Regression interception:
	[np.float64(4.726641313966945), np.float64(-0.6748896863944225)]
Clusters:
[1 0 1 0 1 1 1 1 0 1 1 0 1 0 0 1 0 1 0 1 1 1 1 1 1 1 1 0 1 0 1 1 0 1 1 0 1
 1 0 0 0 1 0 1 1 1 0 0 1 1 0 1 1 0 0 0 0 1 0 1 0 0 0 1 1 0 0 0 1 1 0 1 1 0
 0 0 0 1 1 0 0 0 1 0 1 0 1 1 0 1 1 1 0 1 1 0 1 1 1 1 0 0 0 1 0 0 0 1 0 1 1
 0 1 0 0 0 1 1 0 0 0 1 0 0 0 1 1 1 1 1 1 1 0 1 1 0 0 1 1 0 0 0 0 0 1 0 0 0
 0 0 0 0 1 1 1 0 1 0 1 1 1 1 1 0 0 0 1 1 0 0 0 0 1 0 0 1 0 0 0 1 1 1 1 0 0
 0 0 1 0 0 0 1 0 0 0 0 1 1 1 1 1 1 1 1 1 0 0 1 0 0 0 1 1 1 0 0 0 1 0 0 1 1
 0 1 1 0 1 1 0 1 0 1 0 1 1 1 0 1 1 0 0 0 1 1 0 1 0 1 0 1 0 0 1 1 1 0 1 1 1
 0 1 1 1 0 0 0 0 0 1 0 1 1 0 1 1 1 0 1 0 0 0 0 0 1 1 1 1 0 0 0 0 1 0 0 1 1
 0 1 0 0 1 0 1 0 0 0 1 1 0 0 0 1 1 0 1 0 1 0 0 0 1 0 1 1 0 1 0 1 1 0 1 1 0
 1 0 0 1 0 1 1 0 1 1 1 1 1 1 0 0 0 0 1 1 0 1 0 1 0 1 1 1 0 1 1 0 0 0 0 1 0
 0 1 0 1 0 0 0 0 0 0 0 0 1 1 1 0 0 0 1 1 1 1 0 1 0 1 0 0 1 0 1 0 1 1 0 1 0
 0 1 1 1 1 1 1 0 1 0 1 1 0 1 1 0 1 1 0 1 0 0 0 1 0 0 1 1 0 0 1 0 0 0 1 0 1
 0 1 1 1 0 0 1 0 1 0 1 0 0 0 1 1 0 1 1 1 0 1 1 0 1 1 1 1 0 0 1 0 1 0 0 1 0
 1 0 1 1 1 0 0 1 0 0 1 0 1 0 1 1 1 1 0 0 1 1 1 1 0 0 1 1 0 0 0 1 1 0 1 0 1
 1 0 0 0 0 0 1 1 0 1 0 0 1 0 1 1 1 0 0 1 0 0 0 0 1 1 1 1 1 0 0 0 0 1 1 0 0
 0 1 0 1 0 0 0 1 0 0 1 0 0 1 1 1 1 1 1 0 0 0 0 0 1 1 1 1 0 0 1 1 0 0 0 0 1
 0 0 1 0 1 1 1 1]
