Execution time: 22.37267780303955
mse: 0.9766129908040984
Regression coefs:
	[array([1.00284418]), array([9.99296522]), array([3.99654043])]
Regression interception:
	[np.float64(-150.0245831030061), np.float64(750.0204083471519), np.float64(269.9826995804622)]
Clusters:
[1 1 1 1 2 0 2 2 2 1 0 0 2 1 2 1 2 1 2 0 1 0 0 2 1 2 2 0 2 0 0 2 2 0 2 0 1
 1 0 1 1 1 0 1 0 2 2 1 0 2 2 1 0 1 0 1 0 2 1 0 1 1 0 1 2 1 1 0 0 1 2 0 0 1
 0 2 1 0 1 0 2 2 0 0 0 0 1 2 0 2 1 2 0 2 0 1 0 2 0 0 1 2 2 1 2 2 0 0 2 0 0
 0 0 1 0 1 0 0 0 1 1 0 2 0 1 0 0 1 1 1 2 0 2 1 2 2 0 1 0 0 1 2 2 0 2 1 1 0
 1 2 1 1 0 0 2 0 2 2 1 0 1 1 1 1 2 2 1 2 0 2 2 2 1 0 2 2 0 1 1 0 0 1 0 2 2
 2 1 0 0 2 1 1 2 0 2 0 1 0 2 1 2 2 2 2 1 1 1 2 2 0 2 1 1 0 0 2 1 1 2 2 0 2
 0 2 2 0 0 1 2 1 0 0 1 0 1 0 2 0 2 0 1 1 0 0 1 0 1 0 0 2 0 0 2 0 2 2 2 1 2
 1 2 1 2 2 2 1 0 1 1 2 2 0 0 1 1 0 1 1 1 1 2 2 2 1 0 0 0 2 1 0 1 1 0 0 2 1
 1 2 1 0 2 1 2 1 1 0 0 2 0 0 2 2 2 2 1 2 1 0 0 0 0 2 0 0 2 1 2 0 0 0 1 1 0
 1 2 2 2 2 1 1 0 1 2 1 0 1 2 2 1 2 2 0 0 1 0 1 0 0 0 2 1 1 2 1 2 2 2 0 0 1
 1 2 0 1 2 1 0 0 1 2 2 1 2 0 2 2 1 1 0 2 1 2 2 1 1 2 0 1 0 1 0 1 2 0 1 0 0
 1 0 2 2 2 2 1 2 1 2 2 1 2 0 2 0 0 1 2 2 2 0 2 0 0 2 0 2 0 1 0 0 2 2 0 0 2
 2 0 0 2 2 0 2 2 1 1 0 2 2 1 0 0 1 1 1 1 1 2 2 0 2 0 1 1 0 0 1 1 1 0 0 0 1
 1 0 0 0 1 1 0 2 2 1 2 2 0 2 0 1 2 1 2 0 2 1 1 0 0 0 2 1 1 1 2 2 0 2 2 1 1
 1 0 1 1 1 0 0 2 2 2 1 0 2 0 1 2 0 2 1 1 2 1 0 0 1 1 2 1 2 2 1 2 0 1 0 1 0
 1 0 2 1 1 0 2 2 1 0 1 2 1 2 0 1 2 2 2 2 2 1 1 2 0 0 0 1 0 0 0 0 1 1 1 1 1
 2 0 2 0 2 2 1 1]
