0.9 15.69
0.2 27.71
0.98 29.59
0.36 5.73
0.53 29.67
0.96 15.72
0.36 6.22
0.74 -9.76
0.33 3.89
0.38 56.58
0.47 7.97
0.79 -7.53
0.55 27.54
0.6 27.38
0.93 66.14
0.82 64.66
0.72 27.46
0.87 15.69
0.86 28.98
0.0 -10.55
0.16 1.8
0.34 5.59
0.69 63.2
0.56 62.64
0.49 59.23
0.35 27.13
0.62 10.67
0.87 -6.98
0.96 -8.09
0.85 -6.32
0.91 12.07
0.95 -8.32
0.89 28.27
0.88 27.2
0.8 29.08
0.59 62.3
0.1 49.37
0.45 27.56
0.05 3.09
0.63 10.6
0.49 26.08
0.16 53.88
0.43 -9.97
0.46 59.77
0.36 7.12
0.18 53.4
0.55 27.26
0.61 -9.09
0.32 27.68
0.14 2.55
0.67 27.94
0.87 -7.41
0.7 11.27
0.19 -11.49
0.15 3.85
0.02 51.35
0.42 57.64
0.12 51.57
0.47 28.37
0.76 31.13
0.65 -7.65
0.42 58.72
0.47 59.65
0.63 9.11
0.59 60.41
0.29 -7.52
0.7 -7.38
0.43 59.73
0.7 65.05
0.23 3.17
0.35 5.28
0.83 -6.5
0.1 -8.98
0.81 65.57
0.39 57.75
0.22 29.28
0.24 -9.05
0.0 -0.31
0.81 -6.88
0.73 -7.07
0.16 27.15
0.75 29.01
0.55 27.2
0.25 25.83
0.38 27.89
0.95 -5.92
0.59 29.39
0.38 57.16
0.27 26.6
0.87 66.69
0.07 26.97
0.97 70.02
0.4 29.33
0.75 11.08
0.02 0.17
0.94 -8.7
0.46 59.23
0.15 27.06
0.11 26.59
0.6 -8.54
0.66 -9.36
0.75 9.71
0.85 67.32
0.27 29.08
0.38 55.64
1.0 69.85
0.53 8.17
0.69 27.23
0.51 57.81
0.16 27.49
0.61 27.79
0.99 28.24
0.14 29.2
0.46 58.29
0.96 -7.35
0.28 -11.62
0.97 69.92
0.86 67.34
0.79 28.8
0.26 -9.08
0.26 55.71
0.51 7.24
0.92 27.64
0.5 8.15
0.02 27.19
0.91 -4.95
0.74 27.81
0.32 -7.26
0.17 -9.96
0.8 65.74
0.52 -7.7
0.38 57.74
0.97 28.25
0.56 9.09
0.66 62.95
0.05 0.02
0.35 25.17
0.85 27.81
0.67 27.6
0.87 27.67
0.18 27.33
0.15 52.8
0.71 63.82
0.91 28.55
0.91 28.89
0.2 26.35
0.29 55.0
0.08 0.93
0.64 62.68
0.66 -7.21
0.42 -11.08
0.12 -9.96
0.63 27.44
0.09 2.16
0.71 28.86
0.03 28.66
0.33 56.05
0.72 -7.25
0.36 27.74
0.39 6.56
0.03 49.76
0.71 -6.29
0.15 -10.24
0.61 61.76
0.69 29.86
0.71 -6.71
0.18 -10.84
0.5 6.61
0.81 28.23
0.46 28.3
0.71 28.11
0.55 60.19
0.53 27.12
0.02 1.77
0.1 4.28
0.71 65.81
0.33 -9.51
0.47 58.75
0.57 7.67
0.92 67.4
0.64 28.05
0.47 8.56
0.14 52.53
0.96 15.52
0.76 63.49
0.73 -6.88
0.94 -8.25
0.28 -8.59
0.68 63.37
0.46 27.04
0.26 54.97
0.03 50.64
0.59 8.11
0.28 27.58
0.31 26.95
0.8 12.5
0.2 -10.77
0.27 55.48
0.65 60.45
0.36 55.05
0.39 26.5
0.21 28.35
0.25 -10.19
0.31 7.01
0.37 -8.39
0.86 66.41
0.88 28.67
0.57 60.93
0.19 -9.29
0.7 65.7
0.38 58.95
0.18 -11.15
0.52 60.9
0.3 56.27
0.69 -7.69
0.45 -8.75
0.45 8.44
0.03 -0.26
0.62 62.19
0.53 6.49
0.36 6.16
0.3 -9.16
0.91 -8.24
0.52 60.39
0.48 7.38
0.94 13.82
0.77 -6.87
0.47 7.28
0.39 56.55
0.36 6.05
0.1 28.37
0.29 5.76
0.48 -9.17
0.59 61.48
0.06 50.73
0.53 59.83
0.27 4.51
0.76 -7.57
0.76 26.92
0.7 -9.72
0.75 -8.06
0.24 -10.01
0.28 28.49
0.61 61.62
0.85 -7.85
0.75 -8.85
0.64 29.75
0.76 11.29
0.9 13.68
0.97 -6.97
0.28 55.89
0.17 -9.56
0.71 11.27
0.44 27.81
0.78 -8.35
0.94 27.24
0.16 26.36
0.75 63.97
0.2 26.36
0.69 11.49
0.27 -9.33
0.0 -0.17
0.73 65.39
0.56 -6.46
0.47 59.25
0.63 9.2
0.18 27.46
0.73 -6.0
0.69 28.28
0.57 -10.5
0.58 29.32
0.14 26.9
0.23 54.92
0.95 -8.72
0.85 14.83
0.19 53.58
0.4 60.11
1.0 -7.16
0.62 26.99
0.34 55.41
0.57 27.47
0.61 -9.16
0.94 15.98
0.39 5.45
0.11 28.47
0.05 -11.63
0.59 -7.93
0.35 28.38
0.89 13.93
0.3 -10.71
0.65 62.23
0.27 54.81
0.6 10.12
0.44 6.86
0.5 -8.95
0.9 28.82
0.04 2.72
0.5 58.84
0.82 29.24
0.9 11.85
0.82 12.63
0.26 28.0
0.5 26.62
0.81 66.35
0.98 28.54
0.1 -12.02
0.67 64.28
0.6 -9.58
0.82 -7.74
0.6 -9.11
0.36 55.75
0.18 53.38
0.12 26.93
0.34 -9.51
0.86 67.42
0.83 27.66
0.91 -6.78
0.15 26.68
0.89 67.59
0.13 27.18
0.98 16.24
0.72 66.72
0.45 -11.43
0.78 -9.23
0.85 28.08
0.14 29.02
0.4 7.18
0.7 11.99
0.25 52.59
0.43 -9.52
0.76 65.41
0.84 66.49
0.81 -5.76
0.01 27.97
0.62 63.43
0.21 53.79
0.5 7.02
0.19 52.18
0.99 67.59
0.82 26.79
0.24 -11.01
0.65 63.34
0.93 14.45
0.73 11.29
0.74 28.01
0.48 7.87
0.89 -7.01
0.06 51.23
0.08 2.32
0.61 28.02
0.76 12.49
0.34 7.86
0.09 1.31
0.87 68.04
0.05 26.61
0.05 1.08
0.56 28.43
0.6 27.19
0.9 12.94
0.67 28.6
0.92 -7.42
0.27 30.27
0.13 3.32
0.75 27.75
0.11 0.63
0.45 28.25
0.63 30.14
0.21 -10.58
0.48 7.46
0.09 1.19
0.99 14.09
0.74 13.15
0.51 29.75
0.27 29.44
0.44 -9.76
0.26 27.2
0.11 51.3
0.82 -8.26
0.22 27.2
0.54 8.52
0.27 5.14
0.75 27.33
0.32 26.6
0.32 4.97
0.83 28.43
0.71 12.03
0.48 6.77
0.51 60.47
0.11 50.43
0.41 -10.78
0.1 27.12
0.43 -8.08
0.59 8.45
0.14 3.75
0.55 10.11
0.09 50.96
0.53 8.72
0.56 -8.52
0.98 -7.55
0.36 7.05
0.18 5.07
0.28 56.74
0.51 7.64
0.2 -9.38
0.05 28.46
0.48 28.64
0.22 3.12
0.25 4.07
0.36 55.95
0.16 4.43
0.81 64.9
0.93 69.03
0.22 -9.52
0.95 69.82
0.73 65.03
0.98 -5.4
0.73 13.57
0.14 2.15
0.96 -5.74
0.19 24.69
0.49 8.72
0.42 -9.43
0.66 -7.69
0.28 -10.92
0.88 -7.81
0.68 -9.32
0.03 -9.36
0.39 -9.79
0.02 50.17
0.24 3.99
0.89 13.38
0.51 60.92
0.69 -9.36
0.89 68.17
0.55 27.4
0.42 6.51
0.43 -10.17
0.63 -9.31
0.44 7.54
0.04 28.38
0.83 28.75
0.4 58.35
0.79 -7.89
0.88 66.72
0.08 -10.06
0.74 27.21
0.22 52.54
0.89 68.56
0.0 -10.37
0.54 58.84
0.14 28.6
0.82 66.34
0.35 55.61
0.05 27.9
0.98 15.92
0.38 7.4
0.33 59.45
0.67 26.5
0.6 28.42
0.91 14.63
0.18 -9.2
0.44 -8.59
0.93 27.56
0.16 27.91
0.58 27.93
0.07 50.95
0.45 -6.94
0.54 7.95
0.66 13.67
0.26 3.96
0.85 28.48
0.52 8.29
0.23 28.1
0.22 -9.96
0.92 -8.72
0.85 27.19
0.57 61.96
0.49 58.65
0.98 14.54
0.24 28.14
0.63 10.25
0.31 -9.14
0.37 -9.1
0.19 25.41
0.8 11.57
0.86 12.6
0.27 25.91
0.64 63.14
0.14 -10.76
0.46 28.02
0.72 27.19
0.43 28.58
0.37 -8.22
0.95 14.67
0.54 -10.53
0.57 27.53
0.66 63.78
0.84 -6.91
0.34 56.85
0.02 -10.51
0.66 9.12
0.98 70.39
0.53 59.74
0.43 -8.43
0.61 61.88
0.03 28.28
0.01 1.94
0.22 4.97
0.82 27.47
0.82 -7.66
0.56 8.48
0.69 63.22
0.68 -9.92
0.22 54.04
0.3 4.66
0.89 65.53
0.69 11.85
0.4 7.6
0.24 4.45
0.41 56.79
0.64 11.56
0.92 14.67
0.86 13.39
0.96 29.27
0.08 26.41
0.61 60.91
0.56 -7.48
0.88 68.16
0.33 -10.74
0.56 -10.13
0.54 25.77
0.8 13.4
0.63 62.31
0.41 29.11
0.3 56.1
0.25 4.85
0.41 6.28
0.38 8.1
0.57 29.35
0.82 13.08
0.04 51.13
0.64 10.56
0.39 -8.14
0.1 49.64
0.9 65.92
0.93 -6.62
0.36 28.02
0.08 2.06
0.44 7.37
0.24 27.38
0.91 -6.99
0.8 12.83
0.7 63.0
0.13 27.23
0.15 52.27
0.65 29.03
0.25 6.13
0.21 28.62
0.95 68.77
0.63 60.18
0.86 12.89
0.52 28.04
0.01 -11.93
0.85 -5.34
0.68 11.76
0.66 -7.92
0.97 -8.45
0.16 -9.64
0.55 7.51
0.51 26.13
0.38 -8.23
0.6 11.22
0.39 58.17
0.96 -6.34
0.26 -9.32
0.87 67.22
0.38 27.8
0.07 -1.12
0.72 62.84
0.3 4.54
0.96 -7.88
0.48 -9.38
0.77 13.08
0.85 -7.62
0.65 -7.79
0.24 -11.42
0.24 55.18
0.28 -10.52
0.53 -7.76
0.51 28.84
0.56 27.86
0.88 -5.96
0.99 70.12
0.5 -8.85
0.71 10.11
0.51 -8.92
0.87 27.68
0.86 67.24
0.64 62.15
0.89 29.53
0.07 50.03
0.07 26.8
0.35 56.95
0.96 13.64
0.18 -9.56
0.79 65.35
0.9 67.34
0.15 5.28
0.68 27.74
0.55 7.33
0.76 63.71
0.56 -9.19
0.87 -7.54
0.15 -8.31
0.76 64.5
0.25 26.98
0.11 -10.37
0.81 13.56
0.47 57.77
0.08 27.65
0.23 5.72
0.9 13.53
0.55 61.8
0.74 26.92
0.26 3.36
0.15 27.52
0.55 59.72
0.14 -11.23
0.0 -9.81
0.12 29.52
0.39 57.94
0.41 -9.16
0.75 65.14
0.6 27.95
0.13 26.91
0.63 10.61
0.8 -7.64
0.28 -9.02
0.67 63.58
0.55 28.91
0.1 29.74
0.46 27.7
0.84 29.38
0.52 59.68
0.45 -9.48
0.69 62.9
0.76 64.58
0.07 50.68
0.55 7.24
0.39 -8.52
0.78 -7.5
0.41 57.59
0.56 28.14
0.81 27.91
0.72 -8.91
0.37 6.01
0.3 -8.83
0.76 11.33
0.22 27.64
0.63 61.56
0.04 51.19
0.63 10.11
0.18 25.75
0.42 -6.29
0.29 55.49
0.81 28.39
0.16 26.9
0.02 50.97
0.8 65.16
0.47 8.01
0.68 12.91
0.09 29.07
0.66 63.86
0.88 14.02
0.33 5.71
0.46 28.23
0.61 28.03
0.35 6.03
0.1 0.73
0.49 59.74
0.23 28.31
0.12 -11.15
0.41 58.3
0.81 -7.25
0.83 -7.42
0.53 -7.95
0.35 5.61
0.59 60.73
0.42 7.59
0.72 -9.67
0.74 11.77
0.66 27.58
0.3 26.68
0.02 49.68
0.87 -6.59
0.43 -8.6
0.77 27.06
0.26 4.88
0.91 -7.08
0.75 12.8
0.59 60.16
0.3 56.02
0.02 -9.1
0.98 16.03
0.61 -9.32
0.35 7.83
0.73 27.05
0.55 9.45
0.08 3.02
0.25 54.83
0.45 -9.06
0.97 69.43
0.81 28.79
0.68 11.54
0.31 -10.83
0.71 65.34
0.45 4.94
0.78 11.54
0.95 -7.06
0.28 -10.71
0.19 -10.8
0.36 -8.91
0.26 -8.83
0.33 4.37
0.38 7.54
0.92 -7.48
0.36 26.66
0.6 63.04
0.69 -6.83
0.45 7.91
0.93 26.4
0.51 6.86
0.9 -7.42
0.95 -9.34
0.78 11.54
0.7 29.52
0.56 28.59
0.95 29.18
0.74 11.65
0.56 60.48
0.54 -7.54
0.47 6.26
0.32 5.78
0.17 53.95
0.9 13.62
0.89 14.22
0.06 51.63
0.15 26.53
0.51 26.18
0.67 9.32
0.19 4.85
0.51 59.7
0.19 53.01
0.08 2.31
0.15 2.55
0.82 11.5
0.83 -8.83
0.36 -10.2
0.21 -12.1
0.66 60.84
0.73 28.07
0.17 -12.0
0.06 50.63
0.94 14.09
0.59 27.79
0.48 -8.28
0.26 54.49
0.98 14.61
0.67 63.0
0.37 57.27
0.93 66.77
0.83 66.61
0.68 11.24
0.21 28.17
0.68 62.79
0.41 -7.94
0.67 61.59
0.57 61.23
0.43 -9.69
0.45 28.23
0.5 28.29
0.03 -9.44
0.51 60.85
0.69 63.6
0.8 30.17
0.76 29.4
0.84 29.5
0.29 3.73
0.68 11.21
0.21 -9.73
0.67 -7.58
0.3 -8.66
0.28 -9.3
0.56 28.98
0.68 62.78
0.91 29.35
0.53 -7.95
0.94 14.71
0.58 8.62
0.86 66.87
