0.71 65.81
0.39 56.55
0.8 65.74
0.26 55.71
0.87 68.04
0.73 65.39
0.54 58.84
0.89 65.53
0.51 60.85
0.64 62.15
0.69 63.2
0.25 52.59
0.07 50.95
0.72 66.72
0.52 60.9
0.7 63.0
0.69 62.9
0.69 63.22
0.47 59.65
0.62 62.19
0.07 50.03
0.38 57.16
0.21 53.79
0.49 59.74
0.57 61.96
0.95 69.82
0.59 60.73
0.71 63.82
0.16 53.88
0.22 54.04
0.04 51.19
0.93 69.03
0.38 58.95
0.65 60.45
0.27 55.48
0.49 58.65
0.34 55.41
0.3 56.1
0.07 50.68
0.97 69.92
0.59 60.16
0.92 67.4
0.02 49.68
0.66 62.95
0.24 55.18
0.55 59.72
0.86 67.34
0.61 61.76
0.97 69.43
0.36 55.75
0.6 63.04
0.33 59.45
0.61 60.91
0.76 64.5
0.18 53.4
0.64 63.14
0.11 51.3
0.63 62.31
0.93 66.14
0.06 51.63
0.11 50.43
0.04 51.13
0.82 64.66
0.76 63.71
0.56 62.64
0.27 54.81
0.06 50.63
0.52 59.68
0.49 59.23
0.4 60.11
0.72 62.84
0.36 55.95
0.67 63.0
0.14 52.53
0.03 49.76
0.47 58.75
0.53 59.83
0.51 59.7
0.18 53.38
0.25 54.83
0.76 64.58
0.57 60.93
0.51 60.47
0.68 62.79
0.17 53.95
0.66 60.84
0.39 58.17
0.59 62.3
0.46 59.77
0.35 56.95
0.4 58.35
0.43 59.73
0.41 57.59
0.59 60.41
0.02 50.17
0.03 50.64
0.28 55.89
0.79 65.35
0.64 62.68
0.9 67.34
0.88 66.72
0.3 56.02
0.7 65.7
0.02 51.35
0.47 59.25
0.81 66.35
0.38 55.64
0.81 64.9
0.69 63.6
0.84 66.49
0.87 67.22
0.63 61.56
1.0 69.85
0.82 66.34
0.37 57.27
0.67 63.58
0.3 56.27
0.19 53.01
0.1 49.64
0.34 56.85
0.29 55.49
0.76 63.49
0.46 59.23
0.26 54.49
0.67 61.59
0.28 56.74
0.87 66.69
0.62 63.43
0.06 51.23
0.41 56.79
0.73 65.03
0.15 52.27
0.98 70.39
0.38 57.74
0.86 67.42
0.19 53.58
0.35 55.61
0.75 65.14
0.51 60.92
0.75 63.97
0.86 66.87
0.63 60.18
0.22 52.54
0.06 50.73
0.46 58.29
0.8 65.16
0.1 49.37
0.89 68.56
0.93 66.77
0.38 56.58
0.15 52.8
0.5 58.84
0.12 51.57
0.99 70.12
0.66 63.86
0.65 62.23
0.86 66.41
0.55 61.8
0.53 59.74
0.57 61.23
0.42 57.64
0.99 67.59
0.59 61.48
0.85 67.32
0.39 57.94
0.02 50.97
0.56 60.48
0.95 68.77
0.33 56.05
0.86 67.24
0.66 63.78
0.61 61.62
0.89 67.59
0.29 55.0
0.26 54.97
0.55 60.19
0.23 54.92
0.7 65.05
0.9 65.92
0.42 58.72
0.19 52.18
0.68 63.37
0.89 68.17
0.71 65.34
0.61 61.88
0.67 64.28
0.88 68.16
0.81 65.57
0.97 70.02
0.39 57.75
0.76 65.41
0.68 62.78
0.52 60.39
0.83 66.61
0.65 63.34
0.36 55.05
0.47 57.77
0.51 57.81
0.09 50.96
0.41 58.3
