0.85 14.83
0.86 12.6
0.71 11.27
0.89 13.93
0.96 13.64
0.34 5.59
0.8 12.83
0.25 4.85
0.09 2.16
0.25 6.13
0.62 10.67
0.89 13.38
0.22 4.97
0.32 4.97
0.41 6.28
0.58 8.62
0.36 6.05
0.76 11.29
0.48 6.77
0.94 15.98
0.02 0.17
0.36 5.73
0.96 15.72
0.51 7.24
0.08 2.31
0.63 9.2
0.94 14.09
0.98 14.61
0.24 4.45
0.5 7.02
0.1 4.28
0.74 13.15
0.98 16.24
0.48 7.38
0.09 1.19
0.25 4.07
0.57 7.67
0.03 -0.26
0.05 0.02
0.35 5.28
0.55 7.33
0.94 13.82
0.31 7.01
0.95 14.67
0.9 13.53
0.07 -1.12
0.35 7.83
0.91 14.63
0.24 3.99
0.64 11.56
0.53 6.49
0.19 4.85
0.02 1.77
0.54 7.95
0.63 10.25
0.15 3.85
0.68 11.21
0.0 -0.17
0.08 2.06
0.48 7.87
0.32 5.78
0.08 0.93
0.33 3.89
0.36 7.05
0.18 5.07
0.91 12.07
0.15 5.28
0.05 3.09
0.38 7.4
0.3 4.54
0.63 10.11
0.68 11.24
0.35 6.03
0.9 13.68
0.56 8.48
0.51 7.64
0.14 2.55
0.64 10.56
0.63 10.61
0.7 11.27
0.47 8.01
0.8 13.4
0.55 7.24
0.08 2.32
0.63 9.11
0.15 2.55
0.94 14.71
0.5 6.61
0.6 11.22
0.08 3.02
0.44 7.37
0.51 6.86
0.75 12.8
0.36 6.16
0.93 14.45
0.66 9.12
0.39 5.45
0.55 7.51
0.38 7.54
0.63 10.6
0.92 14.67
0.52 8.29
0.88 14.02
0.16 1.8
0.23 5.72
0.55 9.45
0.81 13.56
0.78 11.54
0.44 7.54
0.74 11.65
0.71 12.03
0.98 14.54
0.68 11.54
0.36 7.12
0.55 10.11
0.6 10.12
0.04 2.72
0.76 11.33
0.7 11.99
0.39 6.56
0.23 3.17
0.47 8.56
0.66 13.67
0.47 7.28
0.37 6.01
0.44 6.86
0.82 12.63
0.75 9.71
0.47 6.26
0.4 7.6
0.34 7.86
0.78 11.54
0.9 15.69
0.05 1.08
0.53 8.17
0.77 13.08
0.9 13.62
0.42 7.59
0.98 15.92
0.45 7.91
0.27 5.14
0.36 6.22
0.98 16.03
0.29 5.76
0.73 13.57
0.4 7.18
0.42 6.51
0.26 3.96
0.75 11.08
0.09 1.31
0.87 15.69
0.54 8.52
0.56 9.09
0.49 8.72
0.86 12.89
0.9 11.85
0.22 3.12
0.53 8.72
0.59 8.11
0.69 11.85
0.0 -0.31
0.01 1.94
0.27 4.51
0.9 12.94
0.38 8.1
0.14 3.75
0.68 11.76
0.99 14.09
0.68 12.91
0.59 8.45
0.73 11.29
0.82 11.5
0.45 8.44
0.33 5.71
0.33 4.37
0.26 3.36
0.13 3.32
0.74 11.77
0.3 4.66
0.71 10.11
0.86 13.39
0.69 11.49
0.8 11.57
0.76 12.49
0.14 2.15
0.45 4.94
0.8 12.5
0.29 3.73
0.35 5.61
0.5 8.15
0.47 7.97
0.89 14.22
0.1 0.73
0.48 7.46
0.82 13.08
0.96 15.52
0.26 4.88
0.16 4.43
0.67 9.32
0.11 0.63
