0.45 -11.43
0.44 -8.59
0.39 -8.14
0.92 -8.72
0.73 -6.0
0.8 -7.64
0.95 -9.34
0.29 -7.52
0.52 -7.7
0.12 -11.15
0.68 -9.92
0.87 -7.54
0.19 -9.29
0.2 -9.38
0.0 -10.37
0.61 -9.16
0.01 -11.93
0.79 -7.89
0.65 -7.65
0.3 -9.16
0.02 -10.51
0.38 -8.23
0.48 -9.17
0.53 -7.76
0.45 -8.75
0.6 -9.58
0.66 -7.21
0.88 -5.96
0.37 -9.1
0.28 -10.52
0.54 -10.53
0.3 -10.71
0.71 -6.29
0.17 -9.96
0.73 -6.88
0.81 -5.76
0.12 -9.96
0.26 -9.08
0.9 -7.42
0.28 -10.92
0.95 -5.92
0.65 -7.79
0.2 -10.77
0.96 -7.88
0.68 -9.32
0.34 -9.51
0.78 -9.23
0.56 -6.46
0.03 -9.44
0.14 -10.76
0.24 -9.05
0.41 -7.94
0.26 -9.32
0.0 -10.55
0.95 -7.06
0.66 -9.36
0.67 -7.58
0.7 -7.38
0.28 -10.71
0.03 -9.36
0.17 -12.0
0.87 -7.41
0.48 -8.28
0.28 -9.3
0.36 -8.91
0.95 -8.72
0.14 -11.23
0.1 -8.98
0.24 -10.01
1.0 -7.16
0.22 -9.96
0.27 -9.33
0.56 -10.13
0.56 -8.52
0.21 -12.1
0.91 -4.95
0.72 -7.25
0.97 -6.97
0.83 -6.5
0.3 -8.66
0.83 -8.83
0.96 -7.35
0.43 -9.97
0.19 -10.8
0.85 -7.62
0.15 -10.24
0.43 -8.43
0.33 -10.74
0.31 -10.83
0.18 -9.56
0.91 -6.99
0.53 -7.95
0.43 -8.6
0.91 -6.78
0.28 -8.59
0.73 -7.07
0.24 -11.42
0.16 -9.64
0.76 -7.57
0.5 -8.85
0.71 -6.71
0.82 -8.26
0.1 -12.02
0.69 -9.36
0.19 -11.49
0.84 -6.91
0.87 -6.59
0.75 -8.85
0.92 -7.42
0.32 -7.26
0.17 -9.56
0.53 -7.95
0.59 -7.93
0.21 -10.58
0.75 -8.06
0.66 -7.92
0.5 -8.95
0.82 -7.66
0.61 -9.32
0.93 -6.62
0.6 -9.11
0.41 -9.16
0.11 -10.37
0.15 -8.31
0.6 -8.54
0.79 -7.53
0.57 -10.5
0.96 -5.74
0.3 -8.83
0.54 -7.54
0.28 -9.02
0.18 -9.2
0.87 -6.98
0.81 -6.88
0.39 -8.52
0.89 -7.01
0.98 -5.4
0.66 -7.69
0.85 -7.85
0.25 -10.19
0.41 -10.78
0.91 -8.24
0.56 -7.48
0.96 -6.34
0.18 -10.84
0.37 -8.22
0.44 -9.76
0.82 -7.74
0.08 -10.06
0.72 -8.91
0.22 -9.52
0.33 -9.51
0.7 -9.72
0.81 -7.25
0.36 -10.2
0.45 -9.06
0.26 -8.83
0.43 -9.69
0.78 -8.35
0.72 -9.67
0.78 -7.5
0.56 -9.19
0.94 -8.25
0.74 -9.76
0.43 -9.52
0.0 -9.81
0.77 -6.87
0.45 -9.48
0.96 -8.09
0.63 -9.31
0.88 -7.81
0.97 -8.45
0.42 -6.29
0.42 -9.43
0.24 -11.01
0.43 -8.08
0.98 -7.55
0.69 -6.83
0.31 -9.14
0.92 -7.48
0.83 -7.42
0.85 -6.32
0.18 -11.15
0.91 -7.08
0.43 -10.17
0.95 -8.32
0.51 -8.92
0.85 -5.34
0.28 -11.62
0.21 -9.73
0.02 -9.1
0.94 -8.7
0.05 -11.63
0.48 -9.38
0.61 -9.09
0.39 -9.79
0.42 -11.08
0.45 -6.94
0.69 -7.69
0.37 -8.39
