33.79 -116.19
-19.51 -170.19
36.05 -112.66
-22.52 -173.52
-7.58 -156.48
-24.6 -174.06
-12.2 -162.9
-35.61 -184.34
30.26 -119.24
10.03 -141.65
7.68 -143.19
35.45 -114.35
36.15 -114.58
3.23 -148.1
-9.72 -159.81
3.31 -144.73
-32.87 -182.63
41.12 -107.32
28.27 -121.96
-21.49 -171.35
-48.33 -197.77
24.98 -123.15
19.55 -130.1
-16.38 -166.03
49.05 -100.53
5.95 -144.61
-13.96 -165.18
-7.0 -158.63
-17.87 -169.33
-3.95 -153.44
5.99 -142.86
-23.23 -171.63
-31.19 -182.15
-24.98 -175.3
-5.15 -156.14
-19.27 -169.0
43.54 -106.43
24.78 -125.98
-3.34 -151.95
40.19 -109.67
-32.01 -181.49
-13.89 -163.91
-19.83 -168.91
-43.0 -192.31
-29.79 -180.2
-25.92 -176.5
9.38 -143.05
31.36 -120.3
-12.08 -163.15
48.44 -101.92
4.71 -143.86
26.88 -122.7
-9.44 -160.03
-4.43 -154.15
31.61 -118.21
17.49 -131.25
43.54 -105.27
3.81 -145.95
-36.07 -188.07
-16.82 -167.72
-39.19 -188.67
32.01 -119.09
8.72 -140.51
-2.19 -151.16
-7.82 -160.15
-10.9 -160.36
-0.54 -151.42
44.32 -105.27
-7.65 -159.23
16.67 -132.6
17.6 -133.71
3.02 -144.94
-40.4 -189.26
45.05 -103.97
40.11 -109.2
4.35 -145.93
-7.69 -157.24
3.06 -145.85
44.03 -108.19
47.76 -100.59
25.65 -124.0
-23.2 -171.91
47.53 -101.6
-4.81 -154.56
25.9 -123.6
-4.8 -154.78
6.74 -142.29
8.23 -141.27
-41.26 -191.08
38.77 -112.65
8.83 -142.68
15.67 -133.95
6.31 -143.32
-1.69 -151.38
48.13 -102.96
-29.88 -182.75
-33.56 -183.77
6.35 -143.31
-37.65 -188.2
-7.28 -158.09
29.77 -119.6
32.52 -117.57
27.03 -121.28
35.45 -115.24
-43.78 -193.64
29.72 -120.11
21.15 -128.36
29.19 -120.97
46.4 -101.85
-36.24 -187.28
-1.89 -151.6
40.31 -109.9
33.35 -115.57
4.68 -144.6
24.06 -125.56
-20.35 -173.35
-26.1 -174.21
-27.43 -176.87
-20.29 -171.07
-36.23 -186.16
19.47 -128.61
-9.27 -158.62
-38.25 -188.3
8.79 -142.8
-25.15 -175.59
-1.9 -152.36
-38.79 -187.92
46.45 -101.83
-22.11 -171.3
-26.23 -177.13
-20.78 -171.33
21.48 -127.97
1.15 -148.69
40.29 -109.61
41.05 -109.49
9.41 -139.71
-27.31 -177.82
-11.48 -162.21
11.6 -139.31
23.32 -126.33
-49.06 -199.18
17.32 -132.56
-28.39 -179.62
-5.9 -155.17
-38.95 -189.63
-16.84 -167.04
48.31 -101.93
-5.28 -156.32
16.71 -130.89
-38.41 -189.7
4.76 -146.85
-26.55 -176.67
-17.32 -168.52
-46.62 -194.79
16.0 -134.09
-7.04 -158.36
-32.1 -183.89
-24.44 -175.44
-3.81 -154.5
8.42 -140.13
35.05 -116.02
-24.78 -175.77
45.33 -105.06
-1.97 -154.78
30.13 -120.2
24.85 -125.67
47.52 -101.95
-0.85 -151.72
-43.77 -194.2
34.66 -115.88
12.59 -137.6
-49.86 -199.39
-22.11 -172.41
-35.66 -185.02
19.78 -131.01
49.12 -99.61
41.44 -108.56
-0.78 -151.74
12.54 -138.19
-7.39 -157.64
-29.56 -180.38
-26.39 -175.95
-18.9 -166.49
43.44 -106.75
21.52 -125.89
22.84 -126.15
-46.84 -197.29
-48.96 -198.54
-40.58 -188.95
44.45 -106.52
-37.31 -185.85
26.05 -123.1
7.63 -143.83
-30.66 -180.17
0.66 -148.91
-8.7 -160.87
26.36 -123.16
6.97 -143.95
12.86 -136.85
-49.49 -199.65
