-34.67 405.59
49.39 1244.01
19.26 943.17
11.65 867.23
-8.47 235.03
16.0 -134.09
36.94 418.49
19.93 348.3
9.65 309.06
-44.88 301.06
28.27 -121.96
-0.85 -151.72
-33.9 133.18
38.15 1131.92
-24.26 173.68
3.47 784.84
-28.53 156.99
31.12 1061.44
-19.4 191.67
-37.31 -185.85
-22.78 522.59
-5.15 -156.14
-1.69 -151.38
-17.56 200.41
37.28 1124.41
34.92 409.88
-36.22 125.86
-27.43 -176.87
-20.91 185.95
24.06 -125.56
22.84 -126.15
40.37 432.53
16.43 336.41
19.47 -128.61
34.0 405.66
-10.9 -160.36
-14.75 602.8
-30.69 442.08
9.38 -143.05
38.95 1138.08
4.71 798.17
-35.07 399.36
-49.06 -199.18
34.65 1097.3
47.52 -101.95
30.21 392.01
32.8 402.2
-32.29 427.21
4.76 -146.85
47.84 460.91
11.33 315.5
36.97 1120.16
-38.95 -189.63
-16.34 589.98
-38.79 -187.92
11.65 865.54
16.71 -130.89
21.91 357.74
10.84 856.83
34.66 -115.88
-33.64 413.42
-27.88 472.72
-7.39 -157.64
-47.03 279.15
12.86 321.02
2.54 776.48
30.21 1052.0
-26.1 -174.21
43.54 -105.27
-0.44 745.54
34.03 406.5
29.77 -119.6
36.05 -112.66
46.56 1215.32
6.31 -143.32
-33.17 136.77
-4.35 705.69
-48.33 -197.77
-17.39 575.89
40.19 -109.67
-34.27 132.86
36.74 416.96
24.98 -123.15
46.4 -101.85
19.78 -131.01
9.41 -139.71
-34.23 408.18
-12.42 220.47
32.52 -117.57
31.78 397.54
8.71 835.91
-44.16 95.04
-7.82 -160.15
-37.16 121.65
8.79 -142.8
20.19 951.56
-36.23 -186.16
-40.99 106.09
-5.28 -156.32
-9.72 -159.81
-27.09 479.43
-23.31 176.82
34.88 410.22
-0.52 745.52
-45.73 88.4
1.43 276.04
35.05 -116.02
-24.98 -175.3
-43.46 95.95
-7.04 -158.36
12.54 -138.19
-9.27 -158.62
-49.49 -199.65
-17.54 574.29
-46.62 -194.79
28.52 1035.2
-11.48 -162.21
30.26 -119.24
-13.89 -163.91
-23.98 510.52
-43.07 319.27
-13.96 -165.18
-42.91 97.72
45.05 -103.97
-25.84 492.23
-20.29 -171.07
-32.87 -182.63
-21.79 532.29
39.87 1147.79
-20.56 544.88
-11.97 220.88
10.03 -141.65
12.27 319.35
-43.88 311.18
8.69 305.85
-22.73 179.64
3.81 -145.95
8.12 830.68
-7.65 -159.23
-36.24 -187.28
-46.49 283.62
-31.81 142.7
-38.5 115.81
-24.44 -175.44
-28.0 157.94
23.36 984.28
45.75 1207.14
-40.4 -189.26
49.5 1245.48
29.92 388.94
-40.9 340.49
-12.76 622.69
-26.55 -176.67
-25.15 -175.59
-24.39 171.91
-21.49 -171.35
48.01 462.47
11.77 316.05
19.39 944.33
12.59 -137.6
-27.62 472.06
-25.77 493.35
-41.35 336.81
-5.5 695.75
14.29 326.68
-21.76 182.98
41.23 1161.71
-30.35 148.41
-19.27 -169.0
39.06 425.98
8.95 306.14
-17.6 199.49
23.3 984.91
-16.84 -167.04
18.22 342.14
12.7 320.53
-43.77 -194.2
36.89 1120.71
-12.37 627.61
-17.87 -169.33
-3.81 -154.5
39.34 1144.08
-41.26 -191.08
15.07 330.0
17.21 337.63
20.52 351.05
-28.98 462.62
8.23 -141.27
-9.44 -160.03
25.87 372.96
28.51 1034.3
47.47 1223.07
22.54 359.71
-26.39 -175.95
1.46 274.99
-36.07 -188.07
41.42 1164.36
48.44 -101.92
-17.64 199.85
-8.77 663.46
-45.52 88.65
-15.28 208.37
7.68 300.57
-45.44 88.98
-47.3 277.89
-31.33 437.48
-20.36 545.83
5.62 291.89
-13.46 216.29
-19.51 -170.19
-48.62 75.95
-26.87 482.2
-15.82 592.65
-24.6 -174.06
-1.9 -152.36
-18.06 198.69
16.67 917.91
6.49 815.16
24.19 366.65
19.25 347.57
-23.23 -171.63
-39.18 113.7
-39.19 -188.67
-31.79 141.82
39.48 429.98
-12.2 -162.9
38.77 -112.65
19.68 947.16
46.6 454.78
-19.68 554.93
11.6 -139.31
24.85 -125.67
40.34 1153.1
-32.01 -181.49
-23.22 518.49
17.32 -132.56
-9.03 234.93
26.88 -122.7
17.33 338.46
-46.84 -197.29
9.92 847.58
6.5 815.82
-20.35 -173.35
40.11 -109.2
36.57 1114.51
17.6 -133.71
39.67 1145.99
-35.66 -185.02
-22.11 -171.3
-20.74 186.35
33.35 -115.57
-38.25 -188.3
3.74 285.89
-17.32 -168.52
-48.18 76.53
-0.4 266.95
-31.99 141.36
47.08 1221.21
9.21 306.55
1.21 762.72
25.87 372.06
-25.69 492.41
34.58 407.15
44.56 447.09
34.98 410.25
-14.53 604.14
35.45 -115.24
48.96 1239.89
-30.89 442.64
-46.39 84.13
-26.98 163.16
-29.88 -182.75
-0.54 -151.42
-10.23 647.76
-11.93 629.93
29.72 -120.11
-18.91 560.19
32.64 1075.8
6.65 816.75
-11.74 631.03
-32.25 141.43
-17.85 198.05
-37.63 119.68
-11.44 634.82
43.44 -106.75
-7.28 -158.09
40.29 -109.61
35.9 415.22
3.96 788.71
41.44 -108.56
1.32 763.04
-33.62 413.74
26.05 -123.1
44.45 -106.52
-18.74 194.83
0.83 758.07
-44.83 299.95
-29.64 154.05
45.71 1207.67
-4.8 -154.78
43.13 443.12
-30.12 449.48
-28.86 154.3
31.26 1062.97
11.62 864.62
3.02 -144.94
49.05 -100.53
-43.38 95.56
23.32 -126.33
-49.86 -199.39
-8.86 235.07
-17.05 202.24
2.06 279.21
45.85 452.63
-33.79 412.26
14.14 324.76
-38.57 364.42
-27.31 -177.82
32.01 -119.09
-7.0 -158.63
4.68 -144.6
7.38 299.1
16.67 -132.6
-1.89 -151.6
41.84 438.5
39.89 1149.54
-37.26 120.13
33.79 -116.19
-0.78 -151.74
41.12 -107.32
24.83 997.87
31.3 1063.96
-5.9 -155.17
-14.36 607.56
-42.72 98.79
-23.33 177.36
-32.64 139.24
15.69 333.3
22.13 970.86
-35.7 392.64
-16.82 -167.72
-23.91 510.62
24.8 369.47
-41.76 334.4
7.63 -143.83
-23.02 518.81
-43.9 94.99
12.36 318.67
11.29 861.29
22.43 362.1
31.62 395.41
49.12 -99.61
-22.11 -172.41
6.83 817.86
-12.08 -163.15
-42.66 323.7
24.78 -125.98
-28.39 -179.62
45.33 -105.06
-6.81 242.37
27.14 1021.87
-21.32 537.73
-4.27 252.64
6.09 810.82
-38.77 115.88
43.93 448.0
-18.86 194.62
21.15 -128.36
1.15 -148.69
8.19 833.67
44.24 1193.96
-0.46 268.21
-35.61 -184.34
23.74 987.08
38.56 424.31
-6.11 689.44
30.13 -120.2
-31.19 -182.15
-47.32 273.71
-11.62 222.84
19.36 349.11
-1.57 734.47
-33.4 136.78
17.49 -131.25
-9.52 230.6
18.31 342.96
-19.31 556.42
-19.47 556.65
5.95 -144.61
8.95 306.47
0.67 755.59
-17.06 202.54
34.64 407.5
33.27 1082.1
7.62 825.7
25.13 369.99
8.42 -140.13
-15.28 595.38
48.31 -101.93
38.55 1134.09
-20.78 -171.33
-32.78 421.47
-37.33 121.78
4.35 -145.93
-19.79 551.62
-40.58 -188.95
-22.52 -173.52
7.73 828.62
-4.43 -154.15
-49.19 72.9
46.92 458.32
-13.86 213.39
39.27 427.26
37.5 1125.66
-19.44 193.15
-29.29 457.47
33.17 403.96
-18.28 196.7
12.85 879.36
18.8 345.82
-25.92 -176.5
23.22 360.7
-23.2 -171.91
26.36 -123.16
-0.49 744.4
-22.0 182.91
48.37 463.79
19.29 348.47
-7.69 -157.24
-41.68 103.68
48.13 -102.96
21.48 -127.97
2.62 280.37
-2.19 -151.16
-43.17 95.98
-43.0 -192.31
8.98 840.9
3.23 -148.1
-3.34 -151.95
10.29 311.83
-42.85 99.36
-4.81 -154.56
-3.95 -153.44
-3.08 258.66
42.03 437.01
46.45 -101.83
6.97 -143.95
36.67 416.71
0.26 271.13
29.19 -120.97
20.53 351.42
27.79 380.9
25.85 1007.43
22.08 968.04
-7.58 -156.48
2.56 280.08
-48.16 78.07
24.87 999.41
5.99 -142.86
-48.96 -198.54
16.35 912.61
-2.6 724.38
3.53 785.0
18.13 931.59
-39.95 350.25
44.83 448.72
-20.1 190.6
-43.78 -193.64
-4.5 249.55
25.65 -124.0
-33.34 417.45
-21.78 531.09
-24.78 -175.77
47.53 -101.6
9.46 843.22
-21.06 539.02
13.28 882.46
3.06 -145.85
41.05 -109.49
40.31 -109.9
22.71 974.93
-8.67 662.77
31.61 -118.21
-18.9 -166.49
25.9 -123.6
-30.71 442.01
14.77 897.35
-30.66 -180.17
-44.2 92.31
8.38 303.34
32.2 1074.42
32.33 399.49
-13.86 213.52
21.52 -125.89
-19.1 194.48
36.15 -114.58
31.76 1068.43
30.88 394.15
20.77 957.85
-31.76 141.3
31.36 -120.3
-45.32 88.75
-0.42 744.31
-30.1 448.43
3.31 -144.73
7.68 -143.19
8.72 -140.51
5.75 291.56
-13.42 616.05
-35.59 394.71
4.69 798.74
-24.78 170.57
-40.44 108.27
-37.65 -188.2
-37.04 121.38
-22.32 179.22
43.95 1189.83
3.64 785.98
17.18 921.6
0.66 -148.91
-12.53 623.01
9.45 842.31
41.79 1167.26
-29.79 -180.2
-19.83 -168.91
12.3 317.36
-13.3 217.4
44.39 448.23
38.34 1134.29
19.55 -130.1
45.74 452.12
-8.7 -160.87
-48.3 265.81
-46.85 83.35
-1.97 -154.78
-14.1 214.16
29.44 1044.3
-41.88 331.53
-40.57 107.17
1.99 768.92
47.76 -100.59
6.74 -142.29
-8.69 664.03
-25.48 495.74
-43.85 93.86
11.69 865.57
-4.98 251.37
-8.15 237.83
6.1 811.98
-27.3 161.87
44.03 -108.19
43.95 1189.57
35.45 -114.35
35.89 1111.23
-38.41 -189.7
-23.55 514.52
15.67 -133.95
16.38 334.5
3.07 780.14
-26.33 487.62
-32.1 -183.89
-6.01 245.15
-8.12 237.78
-29.82 451.88
12.86 -136.85
17.47 924.76
-48.47 77.16
22.34 972.25
-39.79 110.1
44.32 -105.27
49.48 1245.69
-13.27 218.07
-24.37 172.04
18.73 344.82
10.91 313.74
-10.53 227.95
18.78 937.92
18.32 932.83
38.36 422.49
-16.38 -166.03
43.54 -106.43
-33.56 -183.77
-3.79 713.09
-26.23 -177.13
4.71 -143.86
8.83 -142.68
6.35 -143.31
-6.02 688.46
-35.35 396.15
-1.76 733.38
3.98 790.85
-34.04 408.49
23.62 364.0
27.03 -121.28
-49.86 69.63
-29.56 -180.38
-20.82 186.55
31.84 398.43
1.29 762.61
39.25 1141.0
