-20.1 190.6
-8.12 237.78
-17.64 199.85
5.62 291.89
34.98 410.25
2.06 279.21
-9.03 234.93
-42.72 98.79
-36.22 125.86
18.8 345.82
11.77 316.05
34.03 406.5
-49.19 72.9
-13.3 217.4
-43.9 94.99
-28.0 157.94
-24.78 170.57
14.29 326.68
-38.5 115.81
-45.73 88.4
22.43 362.1
25.87 372.06
-48.47 77.16
-17.85 198.05
-19.4 191.67
-19.1 194.48
-37.63 119.68
-27.3 161.87
17.33 338.46
36.67 416.71
39.27 427.26
31.84 398.43
-45.44 88.98
-6.01 245.15
-46.85 83.35
36.94 418.49
17.21 337.63
-39.18 113.7
1.43 276.04
-43.85 93.86
-14.1 214.16
40.37 432.53
32.33 399.49
0.26 271.13
20.53 351.42
14.14 324.76
-8.15 237.83
18.31 342.96
18.73 344.82
-33.9 133.18
-28.53 156.99
34.92 409.88
-9.52 230.6
-43.38 95.56
23.62 364.0
-20.82 186.55
-48.16 78.07
12.27 319.35
-13.27 218.07
30.88 394.15
-17.6 199.49
15.69 333.3
29.92 388.94
-10.53 227.95
-8.86 235.07
-46.39 84.13
16.43 336.41
-4.98 251.37
20.52 351.05
-40.99 106.09
-13.86 213.39
-33.4 136.78
21.91 357.74
44.56 447.09
-12.42 220.47
2.62 280.37
42.03 437.01
-45.32 88.75
18.22 342.14
-18.06 198.69
-40.44 108.27
30.21 392.01
33.17 403.96
19.36 349.11
-41.68 103.68
31.78 397.54
-32.64 139.24
-23.33 177.36
-31.81 142.7
48.37 463.79
-24.39 171.91
-30.35 148.41
45.85 452.63
-39.79 110.1
19.25 347.57
-42.85 99.36
-37.16 121.65
-48.18 76.53
-43.17 95.98
-6.81 242.37
-34.27 132.86
-20.74 186.35
15.07 330.0
16.38 334.5
-33.17 136.77
-11.97 220.88
-42.91 97.72
-22.73 179.64
34.0 405.66
43.93 448.0
8.95 306.47
-13.46 216.29
47.84 460.91
-17.56 200.41
38.56 424.31
-45.52 88.65
39.48 429.98
-38.77 115.88
48.01 462.47
-24.26 173.68
-37.26 120.13
8.95 306.14
-13.86 213.52
34.58 407.15
7.38 299.1
12.86 321.02
19.29 348.47
-0.46 268.21
-48.62 75.95
-3.08 258.66
32.8 402.2
-37.33 121.78
43.13 443.12
46.92 458.32
-43.46 95.95
-20.91 185.95
10.91 313.74
8.69 305.85
-21.76 182.98
-23.31 176.82
-40.57 107.17
34.88 410.22
-49.86 69.63
-8.47 235.03
-31.99 141.36
9.21 306.55
-15.28 208.37
5.75 291.56
-44.16 95.04
34.64 407.5
-18.28 196.7
23.22 360.7
12.3 317.36
-18.74 194.83
3.74 285.89
-44.2 92.31
46.6 454.78
45.74 452.12
19.93 348.3
-24.37 172.04
-0.4 266.95
7.68 300.57
24.8 369.47
-31.76 141.3
24.19 366.65
25.13 369.99
22.54 359.71
44.83 448.72
27.79 380.9
44.39 448.23
-22.32 179.22
-37.04 121.38
-29.64 154.05
-22.0 182.91
12.36 318.67
12.7 320.53
-4.27 252.64
25.87 372.96
-17.05 202.24
-18.86 194.62
1.46 274.99
-31.79 141.82
36.74 416.96
-28.86 154.3
11.33 315.5
-19.44 193.15
9.65 309.06
2.56 280.08
31.62 395.41
-4.5 249.55
-32.25 141.43
-26.98 163.16
8.38 303.34
10.29 311.83
39.06 425.98
-17.06 202.54
-11.62 222.84
41.84 438.5
35.9 415.22
38.36 422.49
