6.5 815.82
-2.6 724.38
-43.88 311.18
-23.91 510.62
6.49 815.16
18.32 932.83
31.26 1062.97
49.5 1245.48
-30.71 442.01
43.95 1189.57
-1.76 733.38
1.32 763.04
-11.93 629.93
-11.44 634.82
-15.28 595.38
-6.11 689.44
18.13 931.59
-13.42 616.05
22.08 968.04
38.55 1134.09
-10.23 647.76
0.83 758.07
-21.32 537.73
1.29 762.61
-27.09 479.43
7.62 825.7
8.12 830.68
39.87 1147.79
39.67 1145.99
32.2 1074.42
-17.54 574.29
9.46 843.22
31.12 1061.44
-32.29 427.21
36.97 1120.16
31.76 1068.43
11.62 864.62
17.47 924.76
22.71 974.93
12.85 879.36
-34.04 408.49
-33.64 413.42
24.87 999.41
6.1 811.98
41.79 1167.26
-12.37 627.61
-8.77 663.46
-18.91 560.19
-20.56 544.88
25.85 1007.43
-28.98 462.62
4.71 798.17
45.71 1207.67
47.47 1223.07
-23.98 510.52
16.67 917.91
37.5 1125.66
39.89 1149.54
1.99 768.92
-34.23 408.18
-22.78 522.59
-35.07 399.36
11.65 867.23
9.92 847.58
1.21 762.72
20.77 957.85
33.27 1082.1
-27.88 472.72
11.69 865.57
-5.5 695.75
-35.35 396.15
28.52 1035.2
3.96 788.71
-0.52 745.52
7.73 828.62
3.07 780.14
38.95 1138.08
-11.74 631.03
18.78 937.92
19.39 944.33
-33.62 413.74
3.98 790.85
-40.9 340.49
-31.33 437.48
6.09 810.82
-8.69 664.03
-23.02 518.81
39.25 1141.0
-14.75 602.8
22.34 972.25
-3.79 713.09
-21.79 532.29
4.69 798.74
40.34 1153.1
38.15 1131.92
22.13 970.86
37.28 1124.41
-42.66 323.7
-21.06 539.02
49.48 1245.69
-30.12 449.48
-17.39 575.89
-30.89 442.64
-44.88 301.06
-19.47 556.65
0.67 755.59
20.19 951.56
-33.79 412.26
30.21 1052.0
-8.67 662.77
3.53 785.0
-41.35 336.81
19.68 947.16
-15.82 592.65
48.96 1239.89
6.65 816.75
-1.57 734.47
-14.36 607.56
-46.49 283.62
-16.34 589.98
24.83 997.87
-33.34 417.45
-23.55 514.52
10.84 856.83
8.19 833.67
-35.59 394.71
17.18 921.6
19.26 943.17
9.45 842.31
-41.76 334.4
-6.02 688.46
-0.44 745.54
-47.3 277.89
47.08 1221.21
-23.22 518.49
8.71 835.91
36.89 1120.71
43.95 1189.83
34.65 1097.3
13.28 882.46
23.3 984.91
41.23 1161.71
35.89 1111.23
-12.53 623.01
-47.32 273.71
2.54 776.48
-32.78 421.47
-29.82 451.88
-4.35 705.69
-19.31 556.42
23.74 987.08
28.51 1034.3
-48.3 265.81
49.39 1244.01
3.47 784.84
27.14 1021.87
-0.49 744.4
-21.78 531.09
36.57 1114.51
-39.95 350.25
-0.42 744.31
45.75 1207.14
16.35 912.61
11.65 865.54
39.34 1144.08
-26.87 482.2
-25.84 492.23
-38.57 364.42
38.34 1134.29
-26.33 487.62
41.42 1164.36
-35.7 392.64
-30.1 448.43
-47.03 279.15
-41.88 331.53
-30.69 442.08
11.29 861.29
-25.69 492.41
-43.07 319.27
-25.77 493.35
31.3 1063.96
6.83 817.86
-12.76 622.69
8.98 840.9
-29.29 457.47
14.77 897.35
32.64 1075.8
-34.67 405.59
-27.62 472.06
23.36 984.28
46.56 1215.32
-19.68 554.93
3.64 785.98
29.44 1044.3
-44.83 299.95
-25.48 495.74
44.24 1193.96
-14.53 604.14
-20.36 545.83
-19.79 551.62
