Execution time: 5.164766550064087
mse: 12.497653467534164
Regression coefs:
	[array([2.04999632]), array([0.]), array([0.97901458]), array([0.])]
Regression interception:
	[np.float64(59.20749446381951), np.float64(27.887750000000004), np.float64(7.307745810851695), np.float64(-8.846300000000001)]
Clusters:
[1 2 3 3 0 2 2 1 2 3 1 3 0 2 0 2 1 2 0 3 0 2 2 1 1 3 2 1 2 3 1 0 1 3 2 2 2
 0 0 1 3 1 2 2 2 0 0 2 1 0 1 3 0 3 2 1 2 0 3 3 1 3 1 2 2 3 3 0 2 0 2 1 1 1
 0 2 0 2 3 1 0 1 1 1 3 0 3 3 2 3 0 0 1 3 1 1 3 3 1 0 0 2 1 0 0 3 1 0 0 3 0
 1 3 3 1 2 0 3 1 3 0 2 0 0 2 3 1 2 0 2 1 1 1 1 1 2 3 2 1 2 0 0 1 2 0 1 1 3
 3 0 2 1 0 2 1 2 2 3 0 1 0 3 3 0 2 3 1 0 1 2 1 1 0 2 0 3 3 3 2 3 0 3 3 2 1
 1 1 0 1 2 3 2 1 1 2 0 1 2 2 0 2 3 2 2 1 3 3 1 1 2 0 0 0 2 1 0 1 3 2 2 0 1
 0 0 3 0 2 1 3 1 2 0 1 1 0 2 0 0 0 3 0 3 0 2 3 1 0 2 0 3 1 0 1 2 3 3 3 0 1
 0 2 2 3 0 3 0 2 1 3 0 3 1 3 1 1 3 3 3 2 0 0 1 0 2 2 0 3 1 2 0 2 1 1 0 3 3
 3 1 2 2 0 3 0 1 2 3 0 2 2 0 2 2 2 3 2 2 2 1 3 1 3 3 2 0 2 2 2 3 2 3 0 3 2
 1 2 3 3 3 3 2 1 3 1 0 0 3 2 2 3 0 0 0 0 0 0 3 1 2 2 1 2 3 1 2 2 1 2 1 1 0
 2 0 2 1 3 2 0 0 1 0 3 3 1 2 1 2 1 2 0 2 0 1 1 2 0 0 1 3 3 0 1 0 3 1 1 0 2
 1 0 3 3 0 3 2 1 2 2 3 1 3 3 3 2 3 1 2 3 1 3 0 2 2 3 1 2 3 1 3 2 3 1 3 2 0
 3 2 3 3 0 0 1 3 3 3 0 0 3 2 3 1 1 2 3 1 0 2 1 3 1 3 0 1 3 3 0 3 1 3 2 1 3
 0 2 0 2 2 3 0 2 3 1 3 3 2 0 3 0 3 0 3 1 3 3 2 0 0 3 1 1 2 0 1 1 1 0 2 2 3
 1 0 2 1 0 1 0 0 2 2 0 3 2 2 1 2 3 0 3 0 2 2 0 2 1 0 2 3 0 0 2 0 2 3 3 3 0
 3 2 2 1 3 1 0 3 1 3 1 1 0 0 1 1 2 1 2 1 0 0 2 3 3 1 2 3 1 1 1 1 1 0 3 1 0
 1 2 3 3 2 0 3 2 1 2 2 0 0 1 0 0 3 0 0 1 0 0 2 0 3 1 3 2 1 2 2 3 3 2 0 3 0
 0 2 0 1 3 2 2 3 0 2 1 0 1 3 1 1 3 1 2 1 2 1 2 0 2 0 3 2 3 1 1 0 3 2 1 0 3
 0 1 0 0 3 3 2 3 2 2 0 3 1 0 0 2 2 3 2 3 3 2 1 1 1 3 3 3 2 1 3 3 0 1 2 1 3
 0 2 0 3 2 0 0 2 1 2 2 2 2 0 1 1 2 0 1 0 1 3 2 1 2 1 2 0 1 0 2 3 3 0 3 0 0
 3 3 0 1 1 3 0 1 1 0 1 3 2 1 1 1 2 1 2 1 3 2 1 0 3 2 3 0 0 0 0 2 3 0 0 1 1
 1 0 0 1 3 1 0 3 3 3 3 0 1 0 0 1 2 0 3 1 2 2 1]
