Execution time: 21.79974365234375
mse: 0.9766129908040985
Regression coefs:
	[array([3.99654043]), array([9.99296522]), array([1.00284418])]
Regression interception:
	[np.float64(269.9826995804622), np.float64(750.0204083471519), np.float64(-150.0245831030061)]
Clusters:
[1 1 1 1 0 2 0 0 0 1 2 2 0 1 0 1 0 1 0 2 1 2 2 0 1 0 0 2 0 2 2 0 0 2 0 2 1
 1 2 1 1 1 2 1 2 0 0 1 2 0 0 1 2 1 2 1 2 0 1 2 1 1 2 1 0 1 1 2 2 1 0 2 2 1
 2 0 1 2 1 2 0 0 2 2 2 2 1 0 2 0 1 0 2 0 2 1 2 0 2 2 1 0 0 1 0 0 2 2 0 2 2
 2 2 1 2 1 2 2 2 1 1 2 0 2 1 2 2 1 1 1 0 2 0 1 0 0 2 1 2 2 1 0 0 2 0 1 1 2
 1 0 1 1 2 2 0 2 0 0 1 2 1 1 1 1 0 0 1 0 2 0 0 0 1 2 0 0 2 1 1 2 2 1 2 0 0
 0 1 2 2 0 1 1 0 2 0 2 1 2 0 1 0 0 0 0 1 1 1 0 0 2 0 1 1 2 2 0 1 1 0 0 2 0
 2 0 0 2 2 1 0 1 2 2 1 2 1 2 0 2 0 2 1 1 2 2 1 2 1 2 2 0 2 2 0 2 0 0 0 1 0
 1 0 1 0 0 0 1 2 1 1 0 0 2 2 1 1 2 1 1 1 1 0 0 0 1 2 2 2 0 1 2 1 1 2 2 0 1
 1 0 1 2 0 1 0 1 1 2 2 0 2 2 0 0 0 0 1 0 1 2 2 2 2 0 2 2 0 1 0 2 2 2 1 1 2
 1 0 0 0 0 1 1 2 1 0 1 2 1 0 0 1 0 0 2 2 1 2 1 2 2 2 0 1 1 0 1 0 0 0 2 2 1
 1 0 2 1 0 1 2 2 1 0 0 1 0 2 0 0 1 1 2 0 1 0 0 1 1 0 2 1 2 1 2 1 0 2 1 2 2
 1 2 0 0 0 0 1 0 1 0 0 1 0 2 0 2 2 1 0 0 0 2 0 2 2 0 2 0 2 1 2 2 0 0 2 2 0
 0 2 2 0 0 2 0 0 1 1 2 0 0 1 2 2 1 1 1 1 1 0 0 2 0 2 1 1 2 2 1 1 1 2 2 2 1
 1 2 2 2 1 1 2 0 0 1 0 0 2 0 2 1 0 1 0 2 0 1 1 2 2 2 0 1 1 1 0 0 2 0 0 1 1
 1 2 1 1 1 2 2 0 0 0 1 2 0 2 1 0 2 0 1 1 0 1 2 2 1 1 0 1 0 0 1 0 2 1 2 1 2
 1 2 0 1 1 2 0 0 1 2 1 0 1 0 2 1 0 0 0 0 0 1 1 0 2 2 2 1 2 2 2 2 1 1 1 1 1
 0 2 0 2 0 0 1 1]
