12.28 -12.69
3.47 -4.3
-12.91 12.08
-20.38 22.95
-13.57 14.64
6.58 -4.85
-6.45 6.65
-7.58 7.82
11.12 -10.25
26.43 -25.27
-22.91 23.07
-25.25 25.71
-13.57 12.72
3.7 -4.8
-10.98 11.66
-4.4 3.98
-2.63 2.51
-7.82 9.49
-13.75 13.51
14.81 -16.27
9.69 -9.49
26.02 -26.27
-23.04 23.68
14.57 -13.05
29.38 -28.61
-4.18 4.71
14.53 -13.93
-27.76 27.95
10.26 -11.08
13.64 -14.3
-6.2 7.62
-13.56 11.86
-4.16 3.82
6.74 -6.47
21.42 -22.1
-4.81 4.36
-28.17 27.58
7.04 -7.79
10.03 -10.04
-5.93 4.66
-26.56 25.59
21.59 -20.95
0.34 -1.28
-6.28 6.16
-4.08 4.87
11.09 -12.65
-12.6 12.5
3.36 -3.49
-25.87 25.8
-28.77 28.92
23.52 -25.15
-28.31 28.7
26.03 -26.69
10.15 -9.35
-12.9 13.48
7.16 -7.18
4.12 -3.4
-4.0 4.36
18.03 -18.22
8.43 -8.43
-22.6 22.06
0.25 -0.61
-18.33 17.95
7.46 -9.83
18.71 -20.1
-23.42 23.48
-17.36 17.03
11.19 -10.61
8.85 -10.2
-8.59 6.52
6.3 -5.87
-16.86 17.35
-12.35 12.09
17.17 -17.56
3.64 -0.97
7.41 -8.22
20.13 -21.94
-10.34 11.6
-6.21 6.58
-10.55 10.63
3.02 -1.13
-9.12 7.87
0.98 0.1
16.1 -16.98
-12.41 13.12
21.94 -22.57
29.97 -31.34
27.72 -28.09
7.8 -7.8
-0.46 0.9
10.39 -9.3
-10.64 11.03
11.85 -12.2
16.3 -17.73
-3.21 3.19
4.34 -4.6
-22.93 21.8
29.42 -28.92
28.73 -28.95
-18.48 17.09
14.9 -12.48
7.57 -7.59
5.95 -6.28
15.52 -14.77
-0.36 0.3
15.05 -14.2
-3.43 3.02
1.64 -1.21
27.86 -29.4
-21.86 20.89
-22.85 22.09
17.12 -16.46
-13.14 14.92
0.42 -0.02
-28.87 29.26
-14.3 14.16
-28.88 29.2
-21.51 21.19
21.52 -21.09
3.37 -3.22
-14.27 13.71
-19.18 20.35
-4.32 3.77
23.56 -23.76
5.27 -4.78
1.68 -3.96
14.68 -15.72
-2.81 2.09
20.02 -21.6
19.32 -18.15
-16.42 15.92
15.06 -16.41
-26.0 27.58
13.97 -12.97
13.11 -14.64
-25.9 26.38
22.86 -20.36
-12.3 13.19
-22.13 22.48
-5.69 5.76
1.07 -0.8
-0.44 1.26
14.13 -11.67
28.87 -29.09
-15.75 15.98
16.89 -17.85
-26.04 25.56
17.67 -17.56
-7.69 9.97
-3.49 3.0
6.1 -5.16
21.9 -21.31
9.79 -10.4
9.08 -7.81
-19.69 19.17
27.43 -29.2
5.8 -5.16
16.63 -15.43
12.95 -12.78
-6.55 7.11
-0.95 0.99
13.76 -14.54
4.22 -4.95
20.35 -19.25
9.0 -11.42
-15.39 15.59
23.37 -22.31
26.77 -26.61
-11.71 11.71
3.21 -3.01
-18.55 18.1
3.33 -5.11
-19.35 18.7
11.23 -11.74
-19.26 20.7
-7.0 6.29
-13.02 14.58
-1.51 0.11
22.8 -21.42
28.57 -28.09
-3.75 4.51
-22.71 22.23
15.59 -14.77
24.29 -24.79
7.64 -7.09
25.88 -27.19
14.16 -13.94
8.88 -9.11
5.81 -6.23
-10.06 9.45
27.37 -27.16
11.18 -10.83
-14.69 14.75
-25.71 25.8
22.84 -23.66
24.37 -24.69
1.36 -0.63
11.4 -11.19
1.97 -2.21
-26.04 26.89
-1.53 1.02
-24.6 22.9
8.45 -9.09
-14.82 13.58
-27.68 28.58
-24.97 25.58
3.67 -1.59
2.72 -2.7
-12.52 12.49
-6.99 7.65
11.78 -10.69
-5.23 5.44
-20.68 21.62
-7.31 6.89
9.19 -9.49
21.05 -21.0
24.76 -25.29
-25.35 25.31
-29.8 29.39
12.65 -13.21
6.26 -5.18
-28.2 27.61
-24.84 24.82
18.21 -17.24
22.44 -21.33
-26.76 27.06
-5.97 8.94
20.21 -19.32
12.57 -12.3
24.22 -23.57
22.06 -21.39
17.65 -17.75
3.98 -4.92
-14.1 15.06
-6.74 6.28
-0.57 -0.74
-24.57 26.55
2.2 -1.77
-18.36 20.01
-29.59 28.7
-28.57 26.49
-1.15 1.42
-18.59 15.75
-16.97 17.98
16.94 -15.81
20.25 -21.39
-1.84 0.18
-7.97 5.96
29.36 -30.11
26.25 -25.76
-4.84 4.93
-13.94 13.8
8.46 -7.61
22.37 -22.61
18.47 -18.78
5.66 -3.86
26.06 -27.3
0.8 -0.01
20.68 -20.33
-4.69 6.89
14.27 -14.94
25.42 -25.93
25.73 -24.51
-7.1 7.12
25.9 -25.69
-25.93 25.76
29.56 -30.19
-2.91 2.84
-27.72 26.47
-3.45 2.33
8.1 -8.07
16.08 -14.49
1.78 -2.94
-21.77 21.85
17.93 -18.12
-16.17 16.52
-29.9 29.35
-2.48 2.5
2.18 -2.88
-15.87 16.21
-22.62 22.74
17.01 -15.95
14.75 -14.14
-19.32 20.19
17.49 -17.78
-17.87 17.57
-27.98 26.73
28.56 -26.42
-12.29 12.17
-21.09 21.82
4.35 -4.28
9.34 -8.15
3.65 -3.56
20.34 -21.44
20.05 -18.79
-24.66 25.31
13.62 -13.17
-0.02 -0.52
29.01 -29.06
-18.88 20.34
