-24.42 -24.21
-19.29 -18.71
10.05 11.2
9.7 10.02
16.16 17.11
-22.76 -22.67
7.7 7.94
17.97 16.56
29.44 29.59
29.77 29.47
20.53 19.69
19.16 19.53
-15.17 -16.09
14.9 14.84
8.63 9.65
-9.02 -10.01
26.98 26.94
22.38 22.85
-13.24 -13.1
-6.77 -5.82
30.0 29.22
1.86 0.39
-0.68 0.25
-9.36 -11.04
13.11 11.62
-1.22 -1.31
-28.14 -29.35
2.79 2.34
-29.76 -27.01
-18.32 -19.24
-11.33 -12.49
18.21 16.92
20.9 20.4
4.41 3.25
-6.9 -7.26
-12.4 -12.09
20.08 20.58
23.16 24.83
-1.56 -0.83
-10.53 -9.87
1.06 1.64
-5.55 -5.94
-12.13 -12.53
9.51 8.92
14.06 14.01
-10.4 -10.07
12.09 12.75
4.88 5.25
-17.48 -17.02
26.29 25.2
14.76 13.69
-20.16 -19.87
-1.87 -1.83
23.95 23.71
-20.3 -21.58
-3.84 -4.09
5.27 4.96
7.42 7.28
-1.64 -2.2
29.36 30.48
7.14 7.53
-22.24 -20.81
14.23 15.52
-24.81 -25.33
-8.6 -7.99
-23.06 -24.85
7.53 8.66
5.89 6.74
8.9 9.78
-17.85 -18.47
-29.65 -29.87
-6.29 -6.44
26.5 26.91
-26.77 -28.08
22.77 22.02
6.04 7.13
1.78 2.4
-3.63 -4.37
-18.59 -17.06
-5.9 -5.01
16.77 15.18
-20.97 -20.78
-24.81 -25.3
-13.37 -14.32
26.52 29.01
-28.39 -27.53
-25.26 -26.28
0.58 1.1
-26.03 -25.61
20.91 21.97
8.52 9.96
13.05 12.66
4.93 5.07
-1.67 -1.95
24.63 23.62
-18.84 -18.39
4.31 5.7
13.22 14.0
12.09 13.32
18.44 17.73
20.42 19.61
-25.61 -25.89
-16.42 -15.8
22.55 21.52
15.32 14.3
15.26 16.67
-20.14 -21.35
7.56 6.63
-4.38 -1.84
-13.92 -14.35
-19.32 -18.81
-13.86 -13.87
15.82 15.54
-11.7 -10.9
-2.48 -3.39
14.1 14.11
-7.5 -7.34
-15.26 -15.19
-16.52 -18.97
20.96 21.54
-4.64 -5.37
-11.64 -12.8
-24.8 -24.1
-27.4 -26.41
29.44 27.59
10.34 11.08
-12.37 -12.77
7.86 8.7
-4.28 -4.44
-29.18 -28.27
0.82 0.92
27.91 27.11
18.82 19.74
-7.9 -8.51
-28.43 -28.76
6.09 5.59
-25.36 -22.01
-1.55 -2.45
21.71 19.58
7.2 6.64
24.25 23.28
-24.17 -24.35
-24.71 -25.19
21.8 22.94
25.28 26.3
-5.43 -4.83
-27.13 -27.36
-7.22 -7.24
2.4 3.74
15.37 15.01
26.38 27.4
-21.12 -23.2
17.84 17.92
5.39 4.82
-6.59 -7.7
-23.66 -23.04
-3.23 -3.29
21.08 19.99
12.26 11.9
-10.98 -10.16
19.55 18.07
-15.98 -15.18
-9.18 -10.35
-24.35 -24.63
-14.92 -12.75
7.81 9.66
14.26 15.74
4.77 4.82
-12.34 -12.88
27.82 27.05
2.41 2.28
3.03 3.28
-3.6 -4.5
-19.8 -19.18
-10.57 -10.88
-21.11 -22.45
20.87 21.47
4.59 3.23
-2.59 -3.04
2.51 4.03
-18.97 -18.23
19.57 18.62
13.83 14.21
3.79 4.68
-11.74 -11.44
-4.91 -5.96
7.48 7.6
11.38 11.72
-29.11 -28.72
-29.92 -30.21
-22.2 -21.69
-6.48 -3.85
15.34 16.1
3.4 2.6
-23.63 -21.73
-16.75 -15.9
-26.98 -28.06
9.89 9.34
-13.52 -12.36
-16.95 -16.65
-21.99 -21.9
-23.53 -22.8
-13.96 -13.47
24.6 23.97
-21.44 -21.59
17.67 16.72
-7.67 -5.73
-29.89 -31.57
2.39 1.27
-18.76 -17.4
14.46 15.73
22.05 21.89
12.44 12.94
4.74 5.42
9.07 8.41
17.58 17.71
2.63 2.64
-28.42 -28.64
19.75 19.91
-18.03 -17.27
19.41 18.86
-26.58 -27.98
21.7 20.03
22.78 22.96
-5.27 -4.75
-24.73 -24.62
-28.24 -28.24
29.71 31.37
22.28 21.71
-25.01 -25.47
-25.74 -25.24
-24.99 -24.89
-13.12 -13.25
1.95 1.93
7.49 7.98
8.85 8.36
-15.54 -16.29
20.9 21.63
0.37 0.39
-16.14 -15.18
6.51 6.02
26.11 25.76
27.63 30.14
25.53 25.18
-15.23 -15.09
-25.75 -25.95
-16.78 -16.01
21.16 20.63
1.19 3.17
-14.25 -13.76
-15.75 -15.23
3.93 3.47
-16.74 -17.35
16.69 18.26
-21.12 -19.89
3.05 1.7
23.66 25.59
-24.25 -24.75
-22.7 -21.61
24.13 25.23
26.28 25.18
9.04 10.64
-5.24 -6.06
-14.05 -15.79
18.78 19.22
-1.88 -1.51
24.31 24.46
1.6 1.25
-17.16 -18.62
-22.25 -21.66
3.53 2.65
-25.57 -23.63
-14.92 -16.29
-12.64 -14.91
14.22 13.94
-7.82 -7.94
-18.3 -16.95
19.53 20.43
-19.19 -21.68
-11.4 -10.89
-5.9 -5.51
-15.04 -14.83
-7.31 -5.79
-14.02 -15.23
-23.95 -22.91
-20.71 -20.43
-5.18 -6.9
-9.65 -7.98
-18.07 -17.57
19.99 20.18
-29.33 -28.88
21.67 21.29
-20.54 -20.84
6.71 7.55
2.33 0.66
4.68 4.28
18.82 19.42
13.54 13.78
16.85 17.32
-6.81 -5.39
