13.07 19.01
6.07 11.45
6.68 12.9
19.1 25.87
10.13 16.49
15.89 20.54
15.4 21.4
2.02 7.54
16.72 21.07
10.42 17.6
18.04 24.21
7.87 13.28
5.39 10.7
6.56 12.94
15.54 19.34
4.38 10.27
13.04 20.22
18.61 24.48
8.55 14.96
2.93 9.25
12.07 19.46
13.21 19.01
9.1 15.59
4.91 10.33
19.55 26.0
17.87 26.03
0.78 8.1
7.65 13.28
7.0 12.66
9.72 15.06
5.55 11.2
13.06 19.47
3.01 8.98
5.53 13.18
14.43 20.63
0.32 5.64
17.56 24.59
1.98 7.42
7.91 13.2
2.11 9.44
11.2 16.33
2.72 9.5
2.13 6.23
5.47 12.23
19.8 26.28
0.29 6.96
11.07 16.21
7.2 12.41
7.53 13.68
2.1 7.18
11.72 17.25
11.79 17.47
13.19 20.25
17.08 23.71
6.01 12.51
5.98 11.69
13.56 20.85
5.16 12.22
2.56 10.14
7.58 14.16
9.86 15.01
6.72 11.58
17.07 21.52
1.11 5.43
7.03 12.53
18.79 25.07
16.62 22.63
16.65 22.79
6.97 11.85
19.34 25.37
9.81 15.94
1.67 8.33
12.01 18.4
12.12 19.03
15.81 19.45
12.23 18.53
4.42 10.79
6.19 11.22
16.76 22.1
16.17 22.42
7.18 14.16
19.72 25.91
16.2 21.65
0.32 5.52
11.56 16.9
17.62 24.53
8.82 14.21
3.47 8.59
2.27 7.8
5.53 10.43
13.14 19.29
13.77 18.74
12.26 18.82
5.98 12.02
17.46 24.65
7.53 13.85
15.61 22.1
7.54 12.57
11.89 18.55
12.66 19.56
4.66 7.81
4.82 9.25
18.53 24.51
10.28 16.51
1.29 8.94
11.7 18.08
3.14 8.56
16.91 23.01
14.09 20.46
16.58 23.27
0.56 7.81
11.86 18.94
18.4 22.86
2.16 7.56
17.59 23.55
15.35 21.5
16.31 22.25
17.27 23.87
17.89 23.24
15.07 21.11
0.46 6.49
9.88 16.09
16.31 22.26
0.72 4.85
10.07 16.32
4.39 11.36
6.12 11.96
7.57 14.6
2.36 9.41
5.46 12.25
19.09 26.48
9.18 15.84
17.29 22.78
13.82 19.96
0.94 7.27
16.88 22.88
9.75 17.19
16.18 22.83
0.55 7.28
18.43 24.95
18.55 26.18
17.52 24.13
6.83 12.96
11.57 17.51
0.45 4.98
16.55 21.48
10.28 16.47
4.06 12.24
7.3 13.16
8.19 14.07
14.57 22.7
18.24 24.15
19.49 26.91
14.43 17.76
8.71 12.6
1.3 7.99
2.51 9.27
6.8 11.01
9.95 15.49
4.25 10.59
13.49 21.32
2.43 8.16
11.49 17.32
3.99 10.92
18.77 25.41
1.69 7.88
6.84 14.5
18.59 23.33
18.23 24.0
18.44 24.14
9.85 15.99
8.7 14.47
18.73 25.24
13.34 18.32
12.16 18.44
10.03 16.98
5.32 9.65
15.89 21.03
8.54 14.85
1.53 8.78
0.27 4.82
18.36 24.37
0.47 6.4
9.65 16.58
15.36 22.82
19.21 24.68
10.87 16.56
9.07 15.06
12.53 20.35
9.25 14.53
8.84 16.41
4.88 9.39
13.82 19.32
5.49 11.43
14.99 20.2
0.25 6.35
13.93 19.23
6.83 12.51
12.87 17.56
5.23 11.55
5.2 12.14
0.53 5.79
2.56 8.5
17.55 23.18
19.95 25.19
18.25 25.03
10.95 16.91
13.37 17.62
4.32 12.19
4.14 11.01
11.62 16.97
19.96 25.45
6.0 11.4
0.12 6.88
5.08 11.6
7.21 10.61
17.57 22.98
11.96 18.13
13.34 18.52
3.28 8.85
6.17 10.95
17.69 21.63
18.43 24.89
10.61 16.42
0.93 7.45
19.49 25.9
0.37 4.77
19.8 27.14
1.9 7.18
0.6 7.11
17.75 23.79
15.62 22.16
8.21 14.23
8.95 15.48
18.3 25.53
18.9 23.21
0.55 5.48
17.22 24.27
16.49 22.58
16.5 22.23
9.86 14.27
9.75 17.63
4.07 9.59
17.83 23.11
16.65 22.67
6.38 11.76
7.85 13.85
4.42 9.03
17.46 24.43
13.87 19.29
5.12 11.87
9.79 14.72
2.19 8.28
8.3 14.55
13.98 20.97
14.19 18.62
15.18 21.19
6.93 14.34
2.08 9.47
7.92 13.64
14.94 22.03
10.61 17.72
12.8 20.26
6.93 14.21
13.13 19.14
3.65 10.03
1.9 6.07
16.73 23.08
14.47 19.62
15.55 20.79
12.15 18.32
17.55 23.79
19.36 24.61
19.57 26.58
13.82 19.76
3.58 9.46
9.23 15.49
5.22 11.65
12.62 17.12
4.54 10.04
2.14 8.63
12.6 17.2
17.48 22.19
8.79 13.97
5.02 11.87
4.82 10.34
14.49 20.68
5.93 11.26
7.07 13.04
1.46 8.62
5.94 10.93
18.14 24.25
4.42 9.8
12.97 19.76
9.24 14.17
19.41 23.97
16.01 21.66
4.25 9.87
17.35 24.07
15.82 22.52
1.91 7.84
17.54 24.06
15.28 19.53
4.88 9.14
2.22 8.42
9.0 14.29
2.77 9.05
1.77 7.59
10.74 16.14
12.31 19.29
7.46 13.41
5.47 11.15
13.94 20.44
7.34 13.55
0.23 6.11
4.76 12.62
6.0 12.81
3.67 8.88
11.11 17.01
9.54 15.91
2.93 10.24
5.47 11.03
10.09 13.42
0.63 8.03
10.38 15.9
15.5 21.48
6.51 11.88
14.39 18.52
2.84 8.68
6.97 10.15
0.12 5.3
6.84 11.69
9.76 14.57
1.44 8.41
15.47 20.01
8.69 14.21
4.67 9.81
9.79 15.71
13.11 18.45
3.0 8.91
6.17 13.07
10.1 16.08
7.56 13.13
10.26 18.64
4.7 10.56
16.3 22.01
6.25 12.41
1.15 7.36
7.02 13.46
18.51 24.15
6.73 11.57
18.99 25.46
16.93 22.31
6.2 12.36
13.34 22.13
5.71 11.34
13.15 19.74
11.47 18.99
12.5 18.74
0.72 7.37
17.61 22.65
19.14 26.51
4.86 9.92
3.66 10.81
17.88 22.98
4.41 11.32
9.92 16.08
6.82 12.91
14.51 19.89
13.4 21.31
19.73 26.91
16.3 22.0
2.69 9.28
4.77 11.59
7.26 13.27
8.94 14.71
18.27 24.95
14.14 19.67
10.54 15.08
16.61 22.23
18.67 25.09
5.86 12.42
10.41 14.56
8.26 13.73
5.48 11.12
2.08 7.84
17.31 24.43
15.62 20.25
1.75 9.0
7.44 12.73
4.26 9.7
6.36 13.89
11.36 18.49
15.39 21.46
14.91 18.64
2.23 8.78
1.12 7.13
5.68 12.84
0.14 6.45
8.88 14.22
