14.47 -17.94
3.98 -3.76
8.98 -15.05
2.02 -10.09
18.33 23.77
10.13 17.35
16.88 -22.46
19.71 -2.05
8.43 -14.79
14.69 -18.5
14.86 -18.23
13.45 -17.67
8.7 -14.11
10.82 -4.72
19.16 -4.3
12.72 18.61
3.43 -10.91
18.11 -19.69
14.03 -17.62
18.76 23.38
19.6 -21.0
14.29 -19.53
5.25 -5.45
12.13 -4.02
2.84 9.05
18.76 24.55
0.3 -3.59
12.4 -3.99
10.83 -16.83
14.62 20.21
17.11 -2.36
1.26 -5.01
4.08 -2.98
13.9 -18.53
9.44 16.01
19.39 -19.05
18.63 -22.72
9.69 -3.75
19.07 25.15
3.78 9.51
3.35 9.19
18.79 25.19
3.09 -11.04
19.29 23.99
1.63 -3.97
5.75 -4.45
11.87 -17.23
16.91 23.28
10.16 14.22
10.21 -4.16
17.97 23.51
5.92 -12.65
8.09 -11.81
6.42 -2.64
9.28 14.5
6.26 -14.35
0.43 -10.42
11.33 -4.82
6.68 -5.36
6.25 -14.39
2.86 -4.79
2.19 -3.99
15.45 21.04
2.54 7.86
19.64 26.07
3.72 -12.99
5.07 -12.7
1.19 6.79
13.76 -2.05
4.26 -3.32
2.46 8.01
9.33 -14.3
2.42 7.58
5.73 13.36
10.52 -3.65
8.8 15.78
16.46 -19.65
19.43 -21.42
1.65 -5.08
19.88 -21.69
1.59 -11.3
10.53 -3.05
5.25 11.24
17.2 -22.25
7.15 -14.05
6.38 -3.05
12.08 -5.05
18.47 23.81
16.61 23.24
13.89 -19.81
9.89 -3.67
0.85 7.38
19.97 -20.08
15.13 20.83
9.2 14.19
0.32 -7.63
0.76 -3.96
9.59 -14.77
10.83 -18.35
3.37 -11.21
8.17 -15.18
2.33 8.21
0.52 -2.85
10.47 -15.99
5.59 13.56
10.56 -4.6
17.38 -21.86
18.13 -3.32
4.25 11.06
1.5 -12.06
6.93 -13.1
13.16 -4.08
13.95 20.04
11.57 -3.25
10.36 -3.58
11.79 -2.07
2.98 -12.67
19.13 -20.95
7.23 -3.64
18.75 -20.53
17.76 24.62
1.53 9.66
19.4 -2.04
0.88 -3.42
15.69 22.25
3.66 8.97
13.23 17.89
5.04 -4.44
2.97 -2.7
10.06 -2.85
3.42 -3.24
13.44 -3.56
10.32 -15.5
4.05 10.43
19.96 -21.41
3.65 -12.0
16.82 -20.15
3.95 -13.38
11.33 -16.44
14.43 20.2
1.9 -0.73
12.14 -16.83
16.42 21.32
4.36 -12.85
1.48 -4.13
10.96 -3.05
4.57 -3.4
12.26 -3.13
6.2 -5.24
13.74 -5.03
4.81 11.44
2.63 -3.09
5.71 10.94
3.2 9.97
5.56 -12.14
14.55 19.05
17.59 25.13
3.0 8.23
13.03 -17.86
4.44 -3.42
18.46 -3.49
14.61 -17.19
2.27 8.07
9.8 16.21
15.14 -19.96
6.69 12.74
17.97 -3.99
5.52 -13.33
13.44 -2.71
8.72 -3.33
7.97 -4.18
12.87 17.64
11.93 -3.98
8.64 -15.82
14.97 -1.9
9.54 -16.24
17.47 -21.55
4.84 -4.38
4.47 -13.87
14.99 22.64
0.43 -9.58
0.31 4.29
13.48 -17.22
17.08 -4.6
12.59 -3.25
2.77 -10.02
3.33 -3.0
17.46 -4.0
19.37 -5.55
14.78 20.15
9.08 -15.59
3.19 10.5
12.04 -2.41
0.84 -10.1
11.43 -5.36
17.81 23.42
13.39 18.52
9.92 14.8
5.57 -13.26
1.21 -11.86
1.7 7.67
10.32 -17.59
10.56 -3.25
5.42 -11.49
7.85 -15.14
7.24 -13.82
6.35 -4.2
3.27 7.69
12.63 -3.5
18.22 -19.52
8.3 -4.06
11.28 -2.43
6.62 -3.2
6.57 11.33
16.33 19.79
16.84 21.65
3.05 9.31
9.89 17.12
10.02 -4.0
15.74 -3.56
8.96 -3.83
11.45 17.57
1.92 -10.13
12.92 18.12
14.98 -4.0
14.23 -17.6
19.51 26.57
16.24 22.16
19.68 -21.51
10.28 -4.44
16.36 -3.4
11.87 -4.15
14.65 -2.81
18.97 25.29
15.47 -19.23
7.17 13.03
6.87 15.07
19.68 -5.44
10.66 -17.21
11.91 18.74
3.15 -12.98
13.53 20.34
13.05 19.66
18.3 24.87
12.01 19.09
7.58 -4.43
13.51 -3.91
2.62 8.64
9.41 -3.52
17.43 -21.83
3.02 7.41
18.07 -3.67
13.62 -2.57
16.2 -18.79
5.58 -12.34
19.41 -19.96
1.13 5.98
10.26 -2.64
2.91 8.83
16.63 -4.5
9.18 -14.22
5.82 -1.84
15.97 -3.51
7.89 -3.62
7.84 -4.74
12.75 -17.75
6.91 -5.41
3.8 10.05
10.21 -2.53
10.31 -3.81
1.76 9.67
15.61 22.22
10.96 17.95
11.77 -17.59
6.05 -13.56
6.93 -3.97
6.83 13.03
19.68 -21.73
7.37 -14.16
1.38 -11.4
8.1 14.51
18.07 -21.71
1.38 -3.49
2.51 -4.55
15.61 -3.17
13.33 -17.91
1.11 -2.69
5.94 12.51
3.98 -11.37
15.16 -4.0
2.32 10.38
6.35 -5.69
3.04 -3.39
14.8 -4.32
11.98 -2.37
1.51 -3.43
13.57 -4.22
19.07 -22.58
8.28 15.17
18.02 -5.2
4.08 -5.01
15.78 22.73
5.22 10.12
4.66 -13.68
2.63 7.1
6.75 -13.08
13.91 -19.4
17.61 21.6
19.2 -4.48
14.78 -18.45
4.56 -4.17
10.83 -17.31
14.45 -18.92
19.74 -3.53
9.06 -2.22
9.8 14.03
18.95 25.28
3.11 -4.81
1.65 8.14
17.46 -4.03
4.32 10.96
9.89 -5.02
7.25 -4.65
12.73 17.94
10.67 -17.25
19.75 -3.19
11.35 17.73
11.15 -4.62
17.48 -4.34
14.6 -20.52
9.31 -3.26
12.13 -16.93
0.76 7.95
11.12 15.79
2.54 10.75
8.4 -14.24
12.71 20.23
1.18 -3.37
12.37 -18.46
1.33 -3.81
1.17 7.55
1.11 5.6
3.2 9.25
14.06 -20.22
2.45 8.45
5.47 11.17
6.13 -4.01
3.1 -4.81
0.14 -9.2
12.19 18.7
6.5 -4.42
8.03 -14.89
6.28 -4.56
16.33 22.8
5.77 11.11
12.88 -5.83
8.14 -3.37
13.45 -2.0
12.89 17.54
11.25 -4.66
18.68 -4.36
4.98 -3.75
7.19 -14.85
11.22 -2.93
13.94 21.67
15.41 -4.26
5.36 -13.03
8.44 -15.22
10.95 -17.34
12.06 -16.61
8.56 -3.42
2.48 8.77
9.69 16.43
1.57 -4.57
13.31 -17.18
2.0 -6.76
14.85 21.17
19.07 25.96
12.39 -16.69
1.61 8.17
1.54 -11.59
2.01 8.75
17.19 24.17
5.11 -3.78
19.09 -3.18
14.87 20.32
7.73 -4.42
18.52 -22.45
4.36 -15.96
14.01 -18.56
19.15 24.85
17.68 -4.29
6.46 -12.66
11.28 -17.78
11.16 -17.03
19.2 -5.32
15.77 23.09
5.83 -4.9
0.64 5.4
19.87 -22.56
6.69 -12.8
14.13 -19.24
17.93 -19.55
14.21 -3.83
6.81 -3.62
14.74 -3.71
16.17 -19.57
16.14 22.21
3.13 9.35
13.24 19.37
13.58 20.26
11.75 -16.55
13.31 -17.8
17.76 -21.9
9.6 -16.25
15.58 -3.72
3.44 -3.18
9.09 15.06
12.26 -3.51
4.32 -12.06
2.64 -4.0
18.53 24.95
1.38 8.28
2.29 8.09
0.26 -5.0
11.85 -17.13
5.66 -12.52
2.89 -11.12
10.99 -17.55
10.44 -3.82
9.76 -14.57
15.14 -19.1
0.71 -9.57
4.7 12.43
0.55 -10.21
9.71 -15.46
19.08 -4.79
14.93 19.8
17.12 22.96
18.87 23.49
3.81 -12.38
8.52 -15.6
6.98 -15.1
8.35 13.06
19.06 26.49
19.26 26.01
19.01 -4.5
1.27 -3.81
7.53 14.93
15.97 -2.49
2.16 8.91
7.76 -14.1
19.22 25.04
10.28 -3.68
6.97 -3.14
9.1 -15.94
17.06 21.41
15.47 21.11
17.63 24.23
13.21 -18.86
13.94 -17.66
7.47 -4.5
16.02 22.4
17.08 22.48
4.54 -11.54
16.93 21.99
2.47 9.03
13.84 -18.98
2.35 -11.83
12.21 18.9
11.07 -5.2
5.4 -11.73
19.23 25.71
1.4 6.8
7.96 -4.19
10.36 -14.72
1.99 -2.2
19.88 25.33
11.6 -3.54
10.51 -3.99
16.8 -3.54
9.04 -15.14
4.74 10.55
5.7 -3.94
12.38 -2.32
9.14 -4.45
0.96 6.51
18.63 24.82
18.29 -4.04
17.41 -21.06
16.38 -4.48
14.74 20.65
16.72 -20.21
19.9 -4.43
16.49 -18.32
19.21 -23.38
15.5 20.48
11.32 16.86
2.47 -8.89
18.2 -2.72
14.03 20.35
5.27 10.59
4.56 -4.2
5.17 -3.01
13.22 -19.26
3.05 -4.08
14.54 21.37
8.07 -3.76
12.43 20.33
13.75 19.91
19.27 -23.23
16.82 -20.33
11.62 17.9
1.03 -11.71
17.67 -20.02
10.37 -15.84
5.93 -3.79
14.9 21.19
12.27 17.82
12.16 17.2
2.53 7.42
15.58 -5.29
8.01 -15.04
11.71 18.52
1.23 -10.01
8.5 15.56
1.89 7.55
1.83 7.93
1.53 -4.49
6.71 10.16
3.32 -12.05
7.47 -14.4
1.23 -11.38
3.92 9.56
9.03 -4.11
14.92 22.15
15.38 -5.75
5.08 -11.03
1.1 7.42
17.49 -4.48
10.24 -15.62
13.61 -2.9
14.25 22.09
0.8 5.88
19.49 -19.92
18.49 -21.37
7.46 -15.15
15.22 -19.61
2.25 9.42
18.2 -18.67
4.23 -14.33
13.36 -16.51
2.61 -11.66
3.11 -3.89
7.07 -3.8
6.34 12.85
14.02 -2.74
8.89 15.18
4.72 -14.83
10.28 -4.27
7.1 -4.2
12.6 19.2
7.11 -4.13
16.38 -19.96
4.07 -3.87
2.79 8.03
7.96 -16.92
10.55 18.27
12.09 -17.92
4.38 -13.69
11.22 17.14
9.86 14.83
7.74 -15.77
12.24 -15.95
15.1 -19.29
16.04 -21.27
11.6 -2.88
14.54 -3.83
2.52 7.56
18.11 -19.77
19.13 25.18
2.3 -14.19
3.8 -3.38
13.09 -5.34
17.69 24.27
13.13 19.92
7.09 -15.02
12.86 18.0
14.78 -4.53
18.69 25.55
1.1 -4.07
8.9 -16.72
8.34 -14.01
10.32 -16.5
1.02 -4.09
1.11 7.85
13.58 19.38
6.6 -12.91
18.11 23.64
18.33 24.33
18.07 -20.3
16.59 -20.37
2.38 8.13
9.98 -4.53
19.76 26.17
0.96 8.3
7.92 -2.73
16.87 -19.25
12.24 19.68
1.47 -2.86
19.69 -5.09
14.4 -5.16
12.24 17.7
4.6 -5.0
0.66 6.37
15.9 -18.61
18.14 24.94
4.81 -14.65
15.95 22.71
9.8 -5.59
15.36 -4.32
12.82 -4.42
19.59 25.23
1.02 8.64
1.92 6.43
4.94 -12.81
5.62 -13.18
2.04 8.19
12.03 -17.09
17.33 -3.75
19.54 -3.88
7.73 12.57
9.75 16.16
13.37 19.69
3.86 -4.98
7.75 13.88
4.64 -12.35
2.51 8.45
8.64 -4.72
3.49 -5.18
2.24 -6.11
19.74 -3.55
0.64 -5.27
11.92 -17.1
2.95 -10.7
19.83 -23.56
3.15 10.21
17.45 -4.35
1.13 -4.82
8.97 -16.38
7.43 12.07
4.97 11.21
0.37 -10.7
13.79 20.65
18.6 -3.93
2.41 6.85
17.06 -19.67
13.15 -15.79
13.08 18.32
10.92 -17.96
4.79 -3.6
8.26 -15.1
10.05 -15.46
2.25 8.12
11.88 -18.75
11.88 -16.69
7.41 -3.45
19.93 -5.5
16.77 -19.64
4.95 12.34
18.01 -3.91
3.06 -12.45
17.74 26.51
16.72 -21.7
18.66 -21.59
10.51 -2.98
18.58 -4.57
11.09 -3.97
3.4 -12.85
1.9 -11.44
13.27 -19.85
14.51 -18.44
19.79 26.03
3.99 -4.92
11.67 17.19
9.37 -14.98
7.68 13.28
8.78 -16.04
18.01 -5.06
9.87 16.45
17.39 22.91
18.3 -20.59
8.44 -15.6
2.35 9.56
7.05 -13.11
18.76 -4.71
13.28 17.95
14.16 -19.01
16.59 -18.98
0.62 5.87
8.86 -14.78
0.35 7.36
15.8 -18.65
9.71 -3.94
1.76 8.76
7.94 11.8
5.49 -3.57
3.9 -5.04
6.18 -2.18
11.19 -16.21
3.78 -11.14
11.16 -3.47
16.48 -2.66
5.09 -13.78
1.88 8.36
6.97 12.93
16.38 -4.1
8.26 14.52
4.26 -13.36
10.79 17.8
17.58 23.12
9.6 17.17
6.5 -14.63
19.59 26.85
8.15 -1.99
17.03 -4.19
9.79 -16.59
18.05 -4.47
11.35 -17.41
12.13 -3.24
6.18 -3.56
11.23 17.44
12.5 16.87
8.18 -14.27
3.19 9.18
2.2 -11.22
6.31 -3.78
13.99 18.5
17.33 -4.35
16.21 21.92
5.13 -3.55
14.29 -18.6
7.23 -3.95
13.07 -4.44
16.81 -3.47
0.09 4.56
1.25 8.94
2.71 9.45
7.07 -14.51
15.71 19.51
12.98 -17.97
12.56 -1.97
6.31 -12.95
18.94 -21.04
2.68 8.87
18.64 -5.01
2.6 10.48
12.23 -17.1
18.55 -2.24
6.69 12.55
9.05 -16.15
10.44 -5.66
1.32 7.88
19.19 -5.24
8.76 -15.94
3.63 11.0
14.92 -18.33
0.46 -5.08
1.57 -3.91
7.99 -14.77
12.25 17.91
11.57 -17.44
4.44 11.85
7.48 -3.74
17.21 -20.31
4.97 -11.8
19.58 24.73
12.59 20.84
4.79 10.77
1.22 -10.63
4.03 9.18
4.17 -4.34
19.91 -3.87
16.03 21.19
19.95 -4.06
10.42 -4.47
4.98 -3.41
17.56 -1.25
9.37 -5.03
14.42 21.75
10.79 17.89
15.22 -17.61
17.2 -20.67
8.6 -15.24
7.41 -5.1
0.84 -4.64
12.37 -17.79
1.63 -10.11
16.05 21.45
10.11 -3.06
0.71 5.88
5.04 -4.93
5.69 -13.77
14.03 -3.33
13.87 -4.11
14.35 -19.2
7.51 13.54
8.88 -3.81
7.68 -4.68
10.9 -5.07
9.17 -15.12
11.88 -4.8
5.97 11.59
11.78 -16.8
12.36 17.4
19.21 -21.88
13.81 -18.52
0.42 -5.52
16.81 -20.75
19.05 -3.69
12.13 -5.41
18.18 -2.23
8.22 -4.91
1.33 6.88
1.01 -3.19
4.3 -4.29
4.14 9.01
19.39 -5.69
9.51 17.41
11.92 -3.41
3.32 -3.44
15.25 -18.09
18.02 -3.07
19.71 -23.26
4.44 -3.07
9.88 -13.45
5.78 12.1
7.03 11.19
4.1 -11.14
9.97 14.02
11.47 -16.77
13.52 -4.12
7.75 -1.48
17.02 -20.58
8.06 -3.74
16.65 -4.45
19.15 -21.09
16.27 -20.34
14.86 20.96
3.02 9.14
10.65 -3.42
3.01 -4.05
11.27 18.16
14.85 -18.37
16.39 -4.52
5.77 -11.92
17.43 -3.67
11.38 -4.09
16.81 -4.08
1.37 -2.37
6.93 13.08
17.02 23.47
14.15 -4.99
1.59 -4.26
4.18 10.07
16.49 -2.69
11.14 -16.96
17.26 -22.78
6.86 14.04
9.7 -15.9
18.44 24.16
17.15 -4.62
5.93 12.35
16.75 -19.07
11.81 -2.28
6.45 -13.77
6.49 11.39
17.63 -20.52
16.98 -19.22
12.63 19.21
5.65 -4.63
12.06 18.19
1.76 -10.61
1.97 7.14
18.64 23.77
17.75 -19.82
8.07 -14.87
18.92 24.13
11.6 -17.17
0.43 6.18
10.29 17.25
11.89 -5.7
5.23 -4.19
19.44 25.86
0.93 -3.41
13.2 18.91
8.52 14.28
1.65 -3.17
9.1 -13.56
19.21 -21.45
6.86 13.54
4.04 -12.02
1.97 7.36
10.69 -16.12
1.39 -4.4
16.37 23.06
19.27 -21.13
2.53 -3.93
4.03 10.11
9.48 -17.18
2.54 -4.38
6.44 13.55
0.23 8.13
16.64 23.89
15.8 -6.16
8.91 -3.22
3.57 -12.26
4.32 -3.64
4.26 -12.56
10.0 -18.7
0.91 -5.32
9.84 -14.58
12.25 -3.36
0.48 -4.36
7.36 -14.71
3.08 -3.86
8.77 -14.05
2.7 -4.2
12.7 -3.17
6.98 13.93
10.82 -16.14
11.0 18.99
2.08 7.14
2.71 -12.07
13.89 20.53
17.83 -19.87
19.53 26.99
2.94 -12.07
0.56 7.45
11.4 -3.04
1.0 -10.66
18.76 25.32
15.71 21.93
3.26 8.89
11.89 -15.83
0.49 -9.96
4.25 -13.23
11.39 16.63
10.53 14.83
5.43 11.77
16.31 -18.54
14.73 -3.29
6.8 12.53
2.14 -3.2
13.49 -6.16
4.53 -4.34
9.06 -15.12
0.8 -9.08
16.05 -4.59
11.12 16.13
15.96 -20.16
10.94 -3.0
7.24 13.64
19.69 26.16
17.41 -21.29
7.08 -14.37
2.51 -11.26
7.76 -5.26
0.93 -4.03
13.19 -19.2
9.83 -5.03
17.09 -21.24
0.25 -3.72
11.43 15.1
9.95 16.32
19.9 23.31
12.68 18.54
11.26 -17.1
17.6 -5.45
10.94 15.95
14.56 -19.42
9.83 -16.85
1.87 -3.91
0.3 -10.63
10.82 18.04
10.38 -16.88
9.52 16.24
8.49 14.36
19.57 25.9
19.69 -21.37
16.65 24.5
17.39 24.04
17.61 -4.38
9.59 -2.79
13.68 -4.68
10.67 16.96
7.92 13.52
0.61 -9.19
16.02 20.27
5.31 -12.98
19.61 -21.52
7.2 -3.12
14.61 20.91
4.19 -13.23
18.29 25.03
10.53 -5.49
4.86 -15.22
0.37 -2.42
0.49 -4.89
17.57 -20.77
17.02 -18.84
17.97 23.41
9.98 -15.82
4.15 -3.52
9.59 16.55
10.65 -5.68
4.49 11.01
11.99 -4.57
17.2 -4.43
15.59 -3.24
4.35 -13.54
16.34 -19.05
10.69 -17.26
0.34 -3.38
7.15 -5.56
14.41 -5.06
11.0 -16.41
12.41 -3.32
6.11 -12.16
2.63 -3.44
18.63 -23.13
10.56 -4.75
15.31 21.36
3.52 -12.84
1.67 7.44
8.62 13.54
16.37 -3.74
6.99 -3.69
18.9 -4.48
15.11 -3.01
15.11 -20.12
1.3 6.01
14.89 -20.18
19.03 24.52
3.55 -11.48
16.08 21.96
17.15 -4.22
18.01 -4.55
11.84 -5.84
10.58 -16.67
8.81 -5.02
19.49 -20.52
12.79 -4.22
12.87 -17.3
12.47 17.21
11.92 -17.44
17.97 -4.36
3.16 -12.84
5.66 -11.11
5.67 -16.07
3.97 -11.73
6.9 12.88
9.45 14.77
17.25 -21.31
9.3 13.58
5.41 12.86
0.82 -11.71
1.56 -10.41
3.58 -2.62
3.4 10.56
19.58 25.57
12.71 19.94
15.59 22.95
17.15 -4.51
4.16 10.43
14.15 -18.42
18.57 -3.88
7.91 13.47
8.89 -4.33
7.11 -14.49
0.88 7.46
2.66 -4.02
6.97 -16.15
18.26 -3.97
2.95 -4.92
11.21 17.67
11.34 -3.74
11.05 16.19
1.95 -3.74
9.23 13.89
18.17 -3.37
14.04 -18.41
16.81 22.72
3.98 9.99
5.89 -14.35
15.15 22.34
2.12 8.27
4.2 -3.96
0.93 -11.39
17.59 23.84
3.42 -12.83
11.93 -16.54
4.29 10.94
15.66 22.89
14.33 20.54
9.07 14.6
5.92 11.75
0.69 6.78
3.91 -3.81
7.73 -4.34
6.88 12.1
16.24 -1.62
6.82 -3.71
8.94 17.75
15.39 21.68
9.85 16.81
15.21 -18.62
14.46 18.59
19.69 24.28
13.42 -2.9
17.72 24.73
13.04 -2.65
4.41 -4.65
14.31 20.16
1.59 6.85
0.9 -4.72
0.39 -2.95
17.59 -3.26
13.04 -20.0
4.24 -3.79
14.61 -18.61
6.07 -16.2
6.35 12.75
8.74 -15.31
16.77 -18.3
4.91 10.58
3.28 -4.02
8.17 14.98
2.92 -5.32
17.36 24.09
0.76 -4.5
5.44 12.38
6.93 13.45
16.56 23.22
17.55 -20.81
4.99 -13.5
9.82 -16.24
18.54 25.26
4.3 -3.98
7.9 13.09
18.94 -4.32
19.76 -21.1
13.03 19.76
1.18 5.97
11.31 -3.61
7.66 14.24
10.18 -17.19
2.0 -6.11
18.75 -22.06
16.4 24.22
8.52 14.09
6.58 -12.63
15.1 -18.51
11.66 -17.13
7.85 -15.11
5.05 -3.77
15.73 -21.44
11.81 -4.51
10.96 -16.0
19.06 -20.43
5.42 -3.92
1.57 8.77
17.18 -2.64
4.31 11.26
3.15 -11.5
5.86 -12.23
5.38 -2.83
0.04 6.23
9.33 -2.87
19.93 -3.06
7.14 -13.53
14.64 -2.47
8.12 -4.81
1.91 -10.83
11.03 -17.05
2.69 -10.92
13.35 -16.7
1.18 -9.58
14.61 -18.04
2.47 -5.07
8.98 -13.36
6.71 -14.4
14.82 -4.49
6.71 11.92
15.68 20.28
8.49 -15.39
8.37 -14.34
3.04 -12.03
17.9 -20.32
7.41 -3.53
