15.61 -5.12
15.03 -5.56
16.77 -3.38
19.59 -4.89
13.3 -4.33
8.99 -2.09
7.93 -3.07
18.07 -3.28
4.76 -2.67
2.63 -3.93
18.92 -4.2
3.09 -5.05
13.35 -3.93
13.34 -3.83
5.07 -3.2
16.45 -3.6
12.91 -3.37
13.06 -5.01
1.17 -2.73
15.07 -3.8
15.1 -4.47
13.09 -5.42
4.18 -3.98
3.62 -3.93
19.54 -4.41
12.33 -4.84
19.94 -3.45
3.05 -5.16
14.69 -3.76
6.8 -2.31
7.94 -4.95
4.93 -3.71
17.59 -3.68
15.56 -3.09
17.76 -4.17
2.61 -3.87
12.46 -5.05
0.31 -3.64
6.17 -4.52
19.25 -4.0
18.07 -4.78
4.77 -3.76
14.8 -2.4
19.04 -4.3
0.81 -3.46
5.09 -4.48
19.34 -5.7
19.32 -4.93
13.78 -3.7
12.56 -1.78
14.81 -5.41
11.97 -3.39
13.86 -3.75
7.26 -5.08
8.66 -3.36
15.63 -3.22
7.15 -5.38
19.71 -3.99
8.77 -6.05
9.18 -4.15
0.75 -4.08
7.63 -6.23
10.04 -4.57
6.87 -4.79
5.9 -3.73
3.18 -4.05
7.16 -4.91
10.24 -1.82
14.82 -1.54
10.96 -4.37
14.88 -5.14
12.36 -4.0
12.52 -2.65
14.91 -3.99
19.09 -3.34
14.11 -3.5
16.32 -4.82
18.52 -3.45
18.73 -3.22
8.34 -5.16
10.3 -4.14
12.49 -3.24
13.32 -3.7
14.64 -5.37
1.87 -4.81
1.71 -3.06
0.75 -3.38
4.02 -4.42
17.29 -3.73
18.14 -5.05
19.28 -4.44
10.03 -2.46
8.89 -2.82
19.58 -5.26
6.77 -3.78
6.97 -4.7
6.58 -2.87
0.23 -2.83
2.28 -4.96
2.87 -3.35
19.59 -3.3
1.83 -4.53
2.28 -3.76
18.3 -3.38
7.86 -4.0
18.25 -3.04
1.12 -4.22
11.18 -3.35
1.44 -4.15
11.98 -4.19
8.4 -3.8
3.75 -3.9
19.62 -3.51
12.19 -3.39
10.89 -3.38
14.25 -2.94
14.42 -3.53
7.58 -2.92
19.8 -1.95
6.58 -5.04
13.19 -4.91
7.47 -5.98
1.35 -3.51
14.8 -4.6
13.97 -3.88
16.99 -3.26
5.09 -4.34
18.93 -4.72
0.06 -6.07
8.12 -4.03
5.76 -4.1
18.21 -3.96
18.79 -4.1
8.26 -4.09
6.49 -4.07
0.39 -5.54
10.23 -4.59
5.52 -2.93
5.17 -4.53
2.62 -6.11
0.42 -5.2
12.02 -4.73
18.08 -3.84
11.94 -3.38
14.54 -5.61
3.72 -3.74
1.87 -3.17
14.52 -3.64
13.06 -3.7
17.44 -4.08
4.28 -6.05
11.7 -3.23
11.54 -4.25
10.67 -4.74
5.66 -4.06
11.13 -3.56
15.26 -2.91
17.54 -5.16
18.89 -5.23
4.12 -3.38
6.73 -4.2
8.04 -4.08
6.24 -4.02
17.1 -5.38
1.78 -4.47
6.61 -3.77
10.86 -1.38
4.61 -5.12
2.25 -4.39
3.18 -4.04
15.99 -4.33
10.23 -3.96
18.37 -2.86
13.01 -3.52
10.15 -2.54
17.39 -3.51
10.63 -4.73
17.47 -3.86
16.68 -4.0
7.34 -4.47
2.31 -2.81
5.23 -3.58
2.06 -6.52
19.59 -4.55
6.31 -4.45
4.08 -4.92
16.56 -3.52
13.96 -2.06
2.9 -3.94
8.3 -2.22
10.61 -4.19
15.22 -3.57
3.16 -4.29
15.62 -4.84
13.31 -3.2
16.97 -3.16
15.41 -3.27
11.23 -2.45
10.31 -5.66
5.2 -3.28
7.67 -4.92
0.14 -5.7
16.03 -5.26
10.45 -4.7
5.24 -2.92
7.82 -2.99
4.11 -3.71
11.73 -3.56
3.48 -4.84
4.22 -3.27
9.49 -2.73
18.79 -2.17
17.08 -3.72
16.0 -2.94
15.94 -1.64
17.18 -4.44
3.76 -3.56
17.87 -3.43
12.25 -3.22
6.7 -4.36
9.25 -3.63
12.09 -4.42
17.58 -2.05
0.98 -3.23
0.13 -3.45
9.88 -1.97
12.15 -2.52
1.89 -2.54
14.48 -3.19
16.65 -3.48
11.45 -2.85
5.69 -6.04
17.17 -5.34
19.05 -2.51
12.85 -6.05
12.67 -2.79
8.04 -4.23
7.52 -5.42
12.65 -5.47
18.34 -3.44
10.98 -3.64
12.64 -4.2
8.28 -3.36
13.24 -4.85
19.08 -3.99
8.33 -4.02
3.23 -3.28
18.77 -4.09
19.88 -7.1
19.59 -4.77
0.53 -3.35
2.88 -3.5
16.72 -4.58
2.71 -3.04
11.82 -5.34
8.63 -5.78
7.67 -4.99
19.38 -4.0
8.61 -4.06
7.04 -2.96
17.95 -3.3
17.46 -5.02
3.65 -4.41
17.14 -4.51
13.4 -3.95
5.31 -4.23
6.64 -3.09
17.27 -4.79
8.5 -5.49
9.93 -4.48
11.35 -4.0
6.97 -4.84
12.89 -3.18
7.2 -3.78
19.14 -4.8
1.54 -1.68
8.29 -5.65
9.48 -2.52
0.72 -4.02
13.87 -5.01
16.2 -5.07
18.23 -4.13
16.28 -3.41
5.56 -3.9
11.07 -3.22
8.74 -2.6
9.48 -2.13
9.7 -4.19
18.2 -2.91
8.14 -2.38
13.92 -3.38
4.34 -4.41
8.64 -3.36
13.18 -2.72
19.7 -5.08
10.78 -2.09
12.63 -4.58
1.62 -2.84
13.19 -5.6
14.07 -3.69
12.89 -4.19
1.13 -4.46
14.42 -3.83
2.5 -4.93
0.01 -2.79
11.99 -3.54
12.06 -4.23
1.2 -2.49
8.28 -3.0
1.89 -4.17
11.85 -3.26
0.5 -4.57
17.05 -5.08
16.41 -2.55
14.41 -5.52
12.82 -5.63
17.52 -5.02
10.12 -2.47
9.18 -3.63
18.63 -5.17
16.13 -5.4
1.67 -2.33
9.13 -4.24
14.28 -4.24
11.42 -3.44
4.11 -3.64
16.1 -3.16
10.31 -4.63
19.73 -2.71
17.73 -4.0
1.7 -2.8
9.24 -4.77
15.52 -5.01
8.08 -2.07
9.1 -3.47
15.42 -4.57
16.59 -3.75
14.33 -5.16
13.9 -3.21
12.76 -4.29
8.57 -4.53
5.18 -4.63
16.46 -5.46
13.42 -3.73
7.11 -3.66
10.88 -5.78
7.06 -2.89
15.88 -5.41
6.99 -4.07
1.43 -5.16
19.02 -3.97
2.6 -2.65
15.81 -3.68
3.51 -2.53
7.71 -3.9
11.98 -4.33
5.51 -3.37
17.62 -2.96
18.67 -2.69
8.96 -4.04
8.05 -3.24
9.93 -3.5
17.37 -3.02
2.47 -4.59
17.61 -3.9
11.38 -3.31
4.18 -4.71
19.11 -3.6
14.11 -3.01
11.86 -2.43
19.3 -3.79
4.29 -4.36
8.45 -4.93
2.63 -3.86
10.33 -5.09
8.01 -4.63
18.97 -1.93
5.91 -4.81
1.33 -4.52
7.18 -4.62
8.36 -3.55
8.21 -5.05
13.46 -5.36
8.92 -3.53
4.24 -4.73
19.07 -5.86
13.65 -3.04
9.68 -3.53
17.6 -4.25
6.14 -4.53
3.21 -4.42
5.86 -4.19
16.84 -4.64
8.99 -4.15
19.07 -4.7
8.6 -2.29
1.26 -4.89
15.32 -5.08
3.13 -4.12
1.28 -2.58
