13.74 -19.68
10.4 -16.77
16.29 -21.0
0.71 -9.81
11.67 -18.06
0.08 -9.73
11.69 -18.17
3.21 -13.1
14.73 -18.33
3.41 -11.73
4.5 -11.69
18.24 -18.93
10.39 -16.29
3.11 -13.73
19.76 -21.22
18.08 -20.96
7.92 -15.28
11.83 -18.0
19.72 -21.94
4.21 -12.04
15.11 -17.63
17.16 -21.59
19.81 -21.56
16.49 -20.02
9.05 -16.91
12.05 -17.06
12.97 -18.48
10.36 -15.44
12.78 -18.97
7.67 -14.36
8.27 -15.64
13.57 -17.4
3.82 -13.54
17.09 -19.4
1.81 -10.83
19.52 -21.74
0.41 -10.68
3.39 -13.3
12.05 -16.56
15.99 -19.28
7.82 -15.39
15.08 -17.21
2.19 -12.39
10.15 -16.01
2.02 -11.36
11.94 -18.97
3.2 -10.23
3.0 -10.71
7.64 -15.49
18.23 -21.44
12.13 -17.26
4.28 -12.81
15.22 -18.56
8.0 -14.76
4.28 -11.36
10.0 -15.98
18.96 -20.04
7.6 -13.47
2.47 -11.7
0.67 -10.32
17.05 -18.75
10.46 -14.47
8.75 -15.18
4.59 -11.86
17.31 -20.6
14.27 -19.47
18.48 -21.73
11.61 -15.99
6.63 -14.29
1.37 -11.27
2.85 -11.55
14.4 -18.26
6.96 -13.96
15.77 -19.54
9.38 -16.1
9.76 -16.41
12.33 -18.56
15.01 -18.64
14.4 -18.1
7.07 -13.67
12.23 -17.39
17.08 -20.53
13.79 -16.16
9.49 -17.85
13.46 -18.38
12.68 -16.74
7.45 -13.93
18.33 -21.73
0.39 -10.83
4.22 -10.78
1.1 -10.44
18.43 -22.01
11.15 -18.0
4.36 -10.01
1.65 -10.22
14.89 -19.61
14.89 -17.2
7.85 -13.89
16.41 -20.04
15.19 -20.26
16.17 -21.9
14.76 -19.33
5.13 -11.77
5.31 -13.72
8.78 -15.74
16.55 -18.8
11.38 -16.26
12.12 -17.83
9.07 -15.53
13.79 -17.05
2.62 -11.69
15.51 -19.54
4.03 -11.16
4.11 -11.28
18.38 -20.08
4.25 -10.5
10.69 -16.74
8.82 -14.95
17.89 -21.86
7.35 -15.84
18.53 -22.58
1.26 -11.29
15.93 -19.26
13.49 -18.32
18.46 -21.43
12.65 -17.69
6.58 -13.32
2.53 -10.26
10.81 -17.16
1.33 -8.62
8.12 -13.65
14.95 -17.74
6.94 -13.35
8.14 -15.39
7.91 -15.45
3.42 -13.36
9.22 -15.45
16.03 -17.73
7.77 -14.39
19.44 -22.16
9.94 -15.26
10.03 -15.09
8.11 -15.15
5.63 -14.6
17.25 -19.6
18.6 -20.45
11.66 -16.72
13.05 -19.64
16.0 -19.13
1.97 -11.34
10.32 -15.49
15.87 -21.0
18.71 -21.72
2.3 -11.84
6.72 -12.88
11.16 -16.51
7.08 -12.23
17.36 -19.73
15.3 -20.7
14.42 -19.14
12.72 -18.14
13.68 -19.31
5.87 -13.2
18.65 -21.88
6.96 -13.76
1.27 -9.68
17.48 -20.56
0.05 -11.32
6.19 -11.92
5.51 -13.97
6.84 -15.3
10.12 -16.99
14.77 -18.6
15.12 -20.44
15.09 -18.2
13.17 -15.84
10.19 -15.69
7.44 -13.83
1.32 -11.06
8.43 -14.6
17.91 -19.77
13.09 -18.01
3.57 -10.28
13.43 -17.94
17.25 -22.01
1.12 -9.87
16.62 -20.05
5.46 -12.98
2.93 -11.98
9.14 -15.55
12.04 -17.9
6.66 -13.74
0.44 -8.87
13.16 -18.59
6.29 -12.21
8.75 -16.7
13.29 -18.7
9.05 -13.9
17.93 -20.59
17.64 -20.71
2.37 -12.6
4.51 -13.61
8.39 -15.52
2.25 -12.56
18.14 -20.74
13.83 -17.85
3.97 -9.89
16.37 -21.86
11.75 -15.56
8.51 -14.12
16.37 -19.27
15.86 -20.13
14.9 -19.01
11.18 -15.58
1.55 -12.15
3.96 -12.71
4.03 -10.83
16.94 -18.83
8.28 -14.74
7.74 -16.47
8.72 -15.88
3.42 -12.63
13.05 -17.79
15.89 -20.15
1.38 -9.25
10.23 -14.59
18.38 -21.64
18.0 -21.5
7.1 -12.55
7.64 -14.03
4.6 -13.14
14.36 -16.71
17.43 -20.48
7.6 -16.46
14.73 -18.7
2.83 -11.6
18.07 -19.46
18.3 -19.65
0.02 -10.77
12.02 -17.83
6.26 -14.14
10.75 -15.91
17.7 -20.95
3.13 -13.15
10.13 -16.46
1.36 -11.89
4.01 -12.55
12.05 -15.37
7.02 -14.72
12.73 -17.91
13.35 -15.97
17.01 -21.32
13.71 -16.01
4.16 -12.69
18.3 -21.81
14.12 -17.81
15.71 -19.96
2.03 -12.94
5.51 -12.37
13.05 -17.67
5.07 -13.83
6.68 -14.01
17.51 -21.44
5.61 -13.35
19.94 -22.59
13.88 -17.69
4.92 -14.25
15.22 -19.82
5.67 -12.45
17.97 -21.43
14.51 -19.54
14.22 -19.23
14.66 -18.01
12.15 -17.31
3.45 -10.95
19.7 -21.8
15.52 -19.87
6.63 -12.56
6.58 -14.5
16.66 -17.71
10.73 -15.14
6.66 -12.45
16.9 -19.87
6.67 -14.05
19.92 -22.92
13.84 -17.12
5.97 -15.93
19.13 -20.89
3.96 -11.67
3.27 -9.99
12.82 -18.07
19.41 -21.63
1.95 -11.62
9.73 -17.24
0.14 -10.83
9.78 -16.5
1.13 -11.48
4.86 -12.21
3.62 -11.15
16.39 -19.43
19.66 -22.78
13.07 -16.62
8.0 -14.2
9.77 -14.79
15.54 -19.39
18.93 -20.19
18.11 -21.41
15.02 -18.72
17.69 -19.87
1.92 -10.38
16.87 -21.94
8.89 -14.11
6.63 -15.64
3.39 -11.16
5.88 -13.58
8.76 -17.3
18.96 -22.09
13.25 -18.18
12.16 -17.57
16.89 -20.37
16.55 -19.88
4.27 -10.98
12.43 -16.69
15.64 -19.08
5.42 -13.67
11.89 -17.76
19.47 -22.29
0.19 -10.53
7.14 -14.15
9.95 -16.56
9.13 -14.85
5.15 -11.9
18.73 -22.44
5.59 -13.8
9.99 -16.77
3.3 -12.26
19.93 -22.21
7.7 -14.21
11.81 -18.42
12.02 -15.54
1.45 -11.18
19.89 -22.82
10.49 -15.04
8.6 -15.52
6.43 -13.34
0.55 -10.45
7.54 -14.87
0.16 -12.09
19.94 -22.16
9.25 -16.16
7.27 -15.37
6.22 -14.89
14.99 -17.44
12.9 -16.15
15.4 -19.75
5.81 -14.08
13.56 -18.03
18.35 -22.31
9.79 -15.56
7.74 -15.97
12.24 -16.78
15.61 -19.74
3.65 -12.76
12.58 -16.8
2.14 -9.11
0.06 -10.28
18.9 -21.65
12.51 -16.72
9.92 -15.17
6.18 -11.64
17.3 -21.22
10.03 -16.44
4.07 -10.84
13.0 -19.67
19.67 -20.59
10.35 -16.46
1.87 -9.22
3.32 -10.7
0.59 -10.31
13.23 -18.21
0.62 -9.77
18.06 -21.26
3.97 -11.55
18.17 -21.64
4.01 -13.53
3.19 -12.95
4.73 -11.74
2.88 -11.54
15.06 -18.41
5.17 -12.71
5.32 -12.29
11.72 -15.32
10.18 -14.65
5.69 -13.94
11.23 -17.12
7.25 -13.67
11.02 -17.33
1.38 -10.68
19.76 -21.44
9.22 -15.82
