8.03 23.59
9.33 20.36
11.62 34.43
3.0 10.99
11.41 32.89
0.71 2.94
12.57 34.34
12.63 37.31
8.22 21.66
4.74 14.94
4.0 8.32
7.16 24.92
6.99 18.81
1.13 -4.26
3.49 12.77
5.73 12.13
2.75 6.0
11.83 38.9
0.01 -0.54
0.07 1.41
5.97 24.4
3.55 13.98
2.21 8.15
8.5 23.33
5.31 13.04
3.23 11.45
0.21 -1.16
8.93 28.56
11.07 35.67
7.0 12.61
7.48 19.36
5.68 20.85
11.77 35.37
6.96 15.75
8.9 27.18
9.11 28.03
5.13 16.15
12.53 38.39
8.64 25.58
11.89 30.24
12.06 29.96
11.02 33.29
12.25 31.21
2.78 8.55
12.1 31.84
7.99 16.91
6.32 21.19
6.94 9.35
11.4 32.12
9.42 29.03
11.96 29.97
12.18 38.4
6.28 11.96
0.41 0.39
3.91 9.2
1.02 3.78
0.64 5.68
6.68 21.38
8.28 23.86
10.71 28.56
1.56 6.43
5.49 13.81
7.86 19.7
1.63 2.31
3.19 14.45
0.18 3.38
6.87 23.96
10.07 18.35
6.3 17.1
8.86 20.09
3.32 10.53
1.58 4.79
9.02 30.8
3.12 9.61
4.54 17.52
10.32 32.61
1.54 2.93
12.78 36.19
10.71 28.31
9.42 35.77
4.79 17.27
12.53 36.45
5.75 20.53
8.15 25.76
1.62 3.58
3.1 7.3
4.96 14.53
6.88 22.83
2.34 -1.95
12.13 38.18
4.6 9.97
12.48 34.97
12.46 34.02
2.19 3.28
12.34 31.55
0.79 -2.17
4.4 13.62
6.35 13.63
10.61 41.87
5.02 8.26
2.08 7.79
7.54 16.53
3.79 5.61
8.52 26.41
2.75 8.08
3.16 3.94
12.67 33.56
8.0 16.89
11.69 38.47
2.53 2.23
3.8 11.09
7.94 20.03
7.02 14.03
7.9 20.84
3.33 9.54
12.16 37.32
7.16 24.84
8.1 22.34
6.8 24.18
7.34 20.96
4.92 8.73
7.6 27.31
9.94 30.57
12.22 35.65
3.22 10.24
9.16 23.57
8.57 23.43
7.79 23.34
11.3 32.04
1.64 3.51
5.05 13.12
1.52 -0.09
8.6 22.87
4.43 10.44
8.81 23.36
7.54 25.21
2.27 1.91
4.89 14.42
0.04 -1.64
12.27 34.11
6.14 22.0
8.92 23.36
0.31 -0.87
1.33 3.42
0.32 -5.32
2.14 4.69
11.45 36.79
9.96 24.99
11.98 42.3
6.63 12.85
1.73 9.98
4.0 16.94
6.89 19.73
7.87 27.69
4.3 15.16
12.49 37.21
5.55 12.43
2.75 11.94
7.69 23.74
10.26 33.74
11.19 33.14
3.35 12.28
1.58 0.51
6.03 20.48
9.49 26.13
7.96 24.05
2.92 11.53
7.55 18.62
6.6 19.47
9.71 29.9
11.64 24.66
5.4 18.0
11.51 35.14
0.29 -11.29
7.65 13.32
10.83 28.17
10.39 34.46
3.95 10.77
2.69 4.53
3.86 12.41
3.61 8.41
5.57 17.18
4.5 13.9
0.99 2.16
9.93 29.88
4.52 12.26
5.05 11.94
2.99 9.09
5.85 15.48
6.05 11.2
6.47 19.83
4.13 6.49
8.55 26.73
0.04 1.78
12.67 37.86
10.87 32.73
10.31 33.72
6.01 13.88
9.66 24.41
0.89 -2.3
5.29 21.39
7.03 24.77
0.51 0.18
5.29 19.03
9.39 19.78
6.77 13.49
2.1 0.4
2.72 16.73
7.47 20.52
11.74 36.14
3.44 10.91
6.03 13.84
11.79 30.81
3.62 10.5
1.67 2.73
10.03 33.81
8.0 21.82
0.33 -3.62
12.98 42.79
2.61 9.07
10.4 33.43
3.64 7.46
6.95 35.94
6.45 15.49
0.92 7.17
2.31 2.65
4.2 11.12
6.56 21.65
5.88 12.64
1.7 7.78
3.83 10.78
12.14 32.05
1.92 7.07
9.7 33.26
2.62 6.51
9.49 34.48
5.01 12.69
5.5 13.88
7.08 17.79
12.56 39.75
2.64 9.72
7.5 20.33
7.59 19.0
9.94 29.22
6.46 20.94
9.06 28.89
10.88 34.05
12.23 42.84
11.99 37.53
9.02 27.19
8.26 22.23
5.93 9.0
12.58 41.02
10.06 31.33
1.34 3.93
6.38 13.53
6.01 10.22
11.79 33.21
0.02 8.14
0.1 1.02
10.97 37.9
3.21 9.13
2.64 6.44
6.83 13.79
5.2 21.07
4.96 9.54
10.63 34.5
6.68 18.16
2.87 6.05
11.93 42.02
4.03 12.17
12.72 42.66
2.56 6.83
4.1 16.72
9.76 23.4
6.45 12.4
8.72 26.38
3.05 12.18
1.28 4.35
7.29 22.2
9.6 22.31
11.6 34.92
0.91 1.84
0.63 4.0
2.79 13.94
3.11 8.38
11.13 28.93
4.94 9.44
11.55 37.97
9.47 27.81
7.11 20.93
6.83 14.45
1.92 4.08
11.87 37.73
11.36 30.82
7.59 25.53
9.65 21.07
7.37 16.75
4.96 13.05
3.13 2.05
10.1 33.87
3.02 9.73
11.91 40.29
11.5 31.9
8.44 24.26
12.07 26.57
1.14 8.6
12.97 38.83
9.89 34.47
6.51 15.81
7.76 27.2
2.02 15.04
5.6 15.02
12.33 37.37
9.2 19.54
1.19 2.54
6.4 25.48
7.49 26.59
6.92 22.25
6.92 23.18
3.63 15.52
12.09 38.02
9.68 27.57
12.63 36.43
4.87 6.77
0.25 1.45
6.92 21.88
2.86 5.49
3.83 12.33
6.12 21.42
11.49 31.17
5.6 11.48
2.35 14.26
12.23 33.95
10.1 30.64
9.2 19.41
0.94 9.19
3.7 11.16
3.15 10.7
11.05 32.63
0.98 5.13
6.74 24.42
11.24 36.74
1.17 10.94
1.16 -4.9
12.88 30.31
7.01 30.79
4.93 17.86
3.76 10.48
8.89 26.92
12.0 38.46
9.78 28.85
11.58 36.6
4.76 14.93
0.91 1.07
9.81 26.63
7.88 21.23
5.16 15.74
11.78 30.5
9.33 30.08
12.03 40.88
10.53 27.58
8.47 26.29
8.77 24.0
10.12 26.59
7.31 21.52
12.34 41.61
7.36 9.09
4.23 7.63
3.34 13.75
2.98 13.11
9.37 29.49
4.26 7.85
6.48 14.31
12.84 38.13
5.05 11.09
6.95 15.87
12.19 32.22
4.9 11.85
0.88 6.16
3.04 10.63
1.84 6.25
8.54 26.13
0.03 2.87
9.11 27.52
2.23 8.13
12.76 39.3
4.11 15.49
4.19 12.14
9.27 31.05
6.99 24.35
3.42 9.76
5.03 18.29
8.87 18.95
11.02 34.42
0.95 0.5
1.13 3.6
5.42 13.27
12.27 24.72
10.48 36.15
11.77 25.02
9.15 21.72
10.97 30.47
1.14 6.65
4.2 21.19
7.02 23.88
0.44 4.95
2.08 6.31
4.69 15.46
4.79 8.76
5.42 13.18
4.97 8.24
6.48 21.94
11.22 32.12
6.53 12.74
0.44 -3.35
8.48 29.07
7.55 25.52
0.32 2.3
5.0 10.91
5.97 14.67
10.99 35.39
8.39 20.55
1.45 6.47
0.44 2.64
4.95 14.43
11.23 33.52
2.4 0.1
1.52 2.27
2.11 4.0
3.64 13.75
0.68 -2.94
3.47 7.59
3.88 11.92
6.36 16.33
6.04 22.4
2.26 1.01
6.75 16.58
7.91 24.59
11.68 37.22
10.48 34.28
10.59 34.45
5.32 3.1
8.56 21.09
7.51 19.49
4.67 15.35
8.81 31.42
5.9 22.47
6.53 14.84
1.81 8.26
1.15 -1.75
7.4 18.73
10.21 32.57
10.87 37.82
0.56 2.99
10.36 35.87
12.42 39.47
5.66 11.03
7.82 21.35
3.56 10.59
4.17 3.48
4.73 12.18
6.35 21.92
2.89 8.79
1.12 2.14
9.21 28.75
0.43 2.18
10.31 27.86
4.22 1.56
8.33 30.03
4.47 5.56
6.5 20.5
2.12 7.2
1.74 12.18
3.17 6.65
2.18 4.83
3.14 7.33
7.1 23.14
8.1 28.61
9.08 24.03
9.41 32.56
1.02 4.73
6.33 16.42
6.65 10.85
5.54 14.26
11.27 38.51
7.81 27.44
5.04 8.45
11.4 42.23
8.09 23.67
1.85 3.44
1.74 4.53
7.13 21.64
10.86 33.71
8.49 18.97
3.8 13.74
12.63 30.29
5.04 17.79
7.69 20.75
9.44 26.14
9.94 26.84
9.19 28.93
3.35 18.46
9.44 26.94
8.06 29.77
10.61 31.72
3.2 5.77
10.14 25.42
10.84 38.04
11.86 37.82
5.83 15.27
0.48 7.77
12.55 28.42
2.95 1.89
2.47 8.79
5.55 14.62
1.16 -3.42
4.73 14.64
9.53 24.63
9.49 32.84
4.25 13.16
5.07 12.14
10.01 24.76
3.55 6.23
10.46 32.73
4.75 17.12
10.22 27.57
4.31 10.93
8.83 23.93
9.77 33.09
7.61 21.68
3.31 10.89
9.08 18.31
6.88 20.41
6.87 18.12
2.11 -3.32
8.13 16.38
3.07 7.18
10.9 31.82
11.16 31.91
4.0 10.24
6.68 19.45
8.55 24.47
9.1 32.91
8.92 30.58
8.89 17.58
11.42 32.56
5.68 17.57
0.48 2.01
10.31 32.42
7.95 17.86
9.62 34.04
12.21 30.47
2.27 6.46
12.06 33.0
0.06 0.73
1.62 6.83
5.92 25.48
5.41 14.89
8.32 19.47
2.47 2.17
1.12 0.68
8.29 28.69
10.93 34.34
0.66 5.68
2.53 1.19
1.9 5.62
9.16 20.3
5.56 18.31
1.44 3.71
0.42 6.61
9.32 35.05
9.44 21.24
9.83 29.25
0.12 -8.7
0.25 -0.15
0.62 -2.33
10.83 31.03
1.11 -5.66
12.07 33.93
6.65 23.03
0.22 -0.8
5.78 18.01
9.11 31.35
4.36 10.94
4.69 22.44
6.84 20.08
0.88 5.7
9.76 20.73
2.36 5.68
0.67 0.89
2.62 5.59
10.8 27.41
10.73 35.75
10.68 24.8
4.71 11.99
7.66 23.6
10.18 29.04
11.72 37.63
11.82 40.05
1.98 -2.04
10.74 26.7
2.64 9.27
2.23 10.24
10.88 33.34
6.78 16.93
12.76 34.24
10.85 30.36
5.71 12.21
0.55 -0.65
3.1 9.82
4.31 8.66
4.23 13.76
9.19 28.4
11.05 31.75
1.54 0.46
6.75 21.51
2.01 4.13
12.89 38.73
7.75 17.34
8.26 26.92
7.87 24.81
7.13 21.09
0.16 5.08
5.46 21.6
2.6 2.57
1.38 -4.63
8.45 18.72
4.66 13.16
6.74 25.09
4.51 11.29
1.85 10.4
5.91 11.78
2.37 8.89
1.88 -0.04
4.11 3.25
8.18 31.0
5.99 20.26
7.7 20.53
5.67 16.95
11.34 40.56
2.64 11.02
9.96 22.93
10.95 31.42
7.5 21.48
5.41 14.91
12.28 31.43
4.7 15.91
10.8 28.74
0.64 1.84
11.29 38.48
11.73 36.63
12.85 37.58
5.48 23.28
5.93 17.52
8.19 22.8
1.52 5.91
5.51 16.88
4.11 10.45
5.57 13.95
9.21 22.38
11.59 36.09
7.07 22.05
5.78 11.58
9.1 23.74
8.38 25.24
7.69 24.23
3.05 7.26
8.58 22.47
12.69 40.31
9.36 29.92
11.42 34.04
6.18 23.09
2.53 -0.28
8.28 31.31
0.23 -0.38
7.28 26.57
9.57 27.11
3.07 10.06
9.04 21.34
5.04 15.18
6.2 20.65
7.99 19.48
0.94 1.74
11.39 34.69
2.78 6.71
12.88 37.02
8.7 25.7
8.41 24.11
11.32 34.63
12.3 33.39
0.61 5.05
3.85 12.42
6.06 19.38
3.31 10.5
9.45 29.27
6.67 19.41
10.46 41.21
5.59 19.62
11.31 38.27
8.64 28.21
6.72 16.96
3.94 1.55
4.98 12.92
3.91 10.89
1.78 3.4
1.58 5.73
1.61 -5.42
5.46 11.27
4.08 15.81
1.97 5.86
5.95 17.0
2.5 11.78
11.13 25.4
9.5 28.47
8.82 16.09
2.52 1.67
3.2 7.13
2.86 9.05
3.1 10.94
12.7 33.3
0.72 5.92
4.69 13.96
12.91 37.93
6.07 20.76
12.89 36.53
0.89 -2.55
8.81 24.02
1.92 10.67
12.14 34.51
3.29 8.13
2.53 3.28
2.5 -1.68
10.15 32.41
3.74 7.29
5.69 20.71
10.6 34.38
9.2 25.82
2.16 2.25
7.5 22.66
0.37 -1.04
3.91 4.38
11.22 28.82
11.45 33.91
6.19 15.44
1.59 4.75
11.52 33.76
9.0 18.93
10.8 34.04
1.91 6.27
7.32 11.06
10.86 29.64
1.34 2.45
6.26 21.11
4.16 18.01
9.31 23.58
8.92 29.13
7.31 24.24
3.89 9.37
6.11 14.06
12.26 31.42
6.1 19.68
9.22 24.14
8.03 23.2
10.87 33.1
2.75 15.39
1.97 3.52
12.57 36.58
11.13 38.24
9.51 23.66
0.73 -2.84
4.02 0.92
5.08 11.16
4.93 4.78
0.74 4.42
11.32 36.44
11.11 33.55
3.38 13.04
12.86 41.13
0.04 -5.58
9.77 26.6
4.19 17.48
2.96 4.71
4.01 12.18
8.55 18.42
0.24 6.28
11.44 33.89
3.67 9.06
10.07 32.37
8.24 21.0
0.66 10.89
4.34 15.61
6.65 22.9
11.01 30.36
3.25 3.94
8.78 21.19
1.96 6.31
1.78 7.64
12.25 34.45
9.81 24.09
