9.13 37.4
4.84 28.27
7.79 32.66
9.22 41.83
7.61 37.24
3.11 28.64
3.11 23.51
5.39 33.93
7.37 34.48
11.58 52.04
4.87 34.98
8.58 41.7
5.16 31.99
7.84 37.66
8.45 43.68
1.68 21.25
12.58 51.51
2.48 25.67
3.41 24.39
12.54 47.88
0.02 13.09
1.43 17.07
10.69 38.55
10.54 46.78
7.82 44.21
11.47 47.2
8.8 39.08
1.26 14.01
4.38 32.09
5.88 45.81
0.32 15.08
10.89 42.27
12.94 54.85
6.46 31.23
2.28 23.74
7.86 36.88
0.62 14.08
0.55 17.35
3.66 25.03
2.21 17.7
8.23 43.57
11.61 49.49
9.39 42.15
4.02 24.97
12.49 50.93
0.49 10.98
5.7 40.57
3.93 32.59
12.63 55.52
10.85 45.99
7.12 36.15
10.86 47.55
0.98 20.32
8.74 38.13
12.94 49.92
2.39 17.74
2.88 26.55
1.04 14.58
4.49 34.15
12.23 48.12
3.62 24.5
9.25 40.68
6.06 35.54
0.3 16.88
6.64 34.17
0.42 17.54
3.26 28.65
5.44 24.69
5.77 37.2
2.6 25.95
6.04 35.7
11.22 51.44
6.9 32.09
9.43 45.45
11.65 49.69
10.3 48.47
8.75 39.63
0.6 19.11
5.5 29.81
1.77 16.14
1.08 17.8
7.77 39.39
7.99 34.9
1.42 16.26
9.76 45.17
8.16 43.91
4.71 26.9
6.24 33.39
7.54 40.91
2.02 17.29
8.35 39.22
8.42 47.47
5.41 32.8
7.8 43.25
9.58 46.27
11.38 44.82
10.85 39.92
2.45 16.61
6.02 31.79
9.81 49.43
9.6 43.42
4.23 27.25
12.81 51.96
5.13 26.4
0.25 24.82
3.43 21.18
0.19 16.48
1.42 23.01
6.84 38.3
2.11 16.73
10.28 45.9
1.35 24.81
3.68 27.93
12.45 51.38
7.41 33.83
9.89 50.41
9.66 46.88
8.73 32.52
2.88 20.85
8.48 44.86
6.77 36.74
2.92 25.49
9.48 47.01
3.24 29.28
1.83 19.06
3.69 29.09
12.01 53.46
11.28 42.01
3.34 29.65
1.23 15.0
7.5 39.72
5.04 34.04
3.58 26.31
5.09 31.74
9.78 47.76
5.38 21.5
3.63 24.32
2.8 28.13
12.51 49.82
8.43 41.82
10.13 48.64
9.94 38.21
10.14 45.55
5.72 34.38
11.16 48.72
11.28 49.82
5.65 27.82
7.43 40.0
1.09 15.68
11.79 42.77
6.04 38.09
9.49 39.76
1.86 14.44
1.09 19.79
11.62 54.45
10.7 48.42
9.94 41.41
8.48 41.2
12.44 43.44
10.57 54.18
6.25 34.9
9.55 42.51
11.68 46.33
0.79 24.53
3.19 21.28
2.61 24.39
4.41 31.62
12.51 56.51
1.17 23.84
10.84 42.65
9.27 40.18
8.7 41.67
8.71 32.36
5.23 33.21
1.48 13.75
12.18 49.21
10.6 43.19
12.32 55.72
2.21 16.99
3.6 20.36
12.85 58.45
5.42 27.84
6.58 36.95
0.67 16.96
7.21 22.92
0.69 19.55
12.99 53.48
0.73 16.21
2.64 20.7
2.36 22.93
11.53 43.41
1.19 9.69
1.71 25.0
2.45 24.81
1.2 22.72
7.18 33.1
0.52 17.39
7.47 36.69
7.72 26.98
6.6 30.64
6.16 30.99
2.07 24.81
10.51 41.02
9.39 38.07
10.04 49.44
10.29 43.16
4.98 29.89
6.15 28.24
3.39 26.34
0.12 12.27
6.01 32.94
8.54 41.17
8.93 40.44
4.28 18.61
9.97 47.58
2.22 21.34
7.5 35.58
9.58 46.64
1.01 17.84
6.38 35.33
1.08 17.7
12.64 58.37
12.19 51.42
3.14 23.06
4.27 30.71
9.67 49.79
8.83 44.92
7.89 35.75
3.33 20.92
7.3 35.26
5.29 27.63
3.49 29.61
8.93 43.62
1.69 16.43
7.59 44.37
2.97 28.34
6.12 49.0
2.27 20.39
11.3 45.68
6.03 35.84
4.01 22.03
11.61 53.48
4.25 33.91
3.42 27.01
8.72 40.21
9.7 53.46
12.82 51.4
9.45 34.13
4.66 21.36
5.18 37.62
6.82 42.11
3.57 30.25
5.76 34.33
7.38 35.74
1.28 18.65
2.67 21.96
6.15 32.08
10.54 44.46
5.94 36.6
4.67 26.75
5.6 30.98
10.68 45.68
12.12 49.65
7.19 35.93
0.17 13.46
5.61 36.96
5.95 27.17
3.65 18.8
3.83 25.75
11.8 52.87
5.76 35.96
2.61 21.62
8.67 42.39
4.66 33.97
3.8 21.96
4.61 30.29
4.08 27.6
10.4 42.17
6.15 32.21
7.87 39.66
0.11 12.02
5.42 29.12
11.34 53.31
10.59 53.05
2.34 20.4
2.28 28.24
11.2 51.58
11.2 47.19
6.68 31.58
9.53 41.75
11.38 49.52
11.26 46.21
8.25 44.49
3.1 22.07
9.05 42.23
10.98 47.39
6.14 27.62
6.31 36.89
0.66 21.44
11.99 49.26
4.03 28.5
9.17 37.09
12.33 47.66
8.54 40.06
0.14 16.43
11.13 49.3
4.0 21.02
8.25 41.18
12.17 51.99
7.99 39.13
5.48 28.16
3.66 21.79
3.88 23.94
5.04 33.34
9.87 39.85
4.12 25.34
6.55 39.66
0.48 19.46
0.92 19.69
11.35 50.93
1.31 22.06
2.13 29.0
4.69 25.64
1.57 14.45
6.32 39.06
3.13 25.88
11.64 51.11
6.81 39.57
1.87 23.48
9.47 40.5
0.12 9.78
8.12 34.15
11.63 52.45
12.5 48.49
7.67 34.14
1.19 15.21
7.37 37.64
4.27 27.37
7.32 35.3
0.39 12.19
5.22 33.35
0.81 27.25
5.75 27.34
12.33 45.48
4.07 30.52
3.21 24.42
0.72 13.55
6.29 30.4
12.11 48.46
1.45 18.26
3.15 24.31
5.06 29.18
5.78 22.17
6.68 27.42
1.4 21.47
3.07 30.79
11.69 47.14
10.94 47.01
6.33 35.25
10.05 43.4
5.06 24.63
5.16 27.55
8.14 33.92
11.44 46.88
11.5 51.92
9.34 37.21
10.89 48.66
3.6 16.85
12.04 57.22
2.59 20.19
10.12 43.02
1.91 20.31
0.96 21.79
0.43 20.98
2.88 25.8
10.78 40.13
6.21 38.07
11.82 52.99
9.3 41.49
12.03 56.3
9.37 44.78
9.15 40.14
11.92 44.68
2.97 21.95
11.28 48.86
5.5 30.84
6.07 37.19
3.51 25.43
11.37 53.6
9.24 52.99
11.97 52.32
5.75 36.48
0.08 19.9
0.55 18.53
2.5 24.85
5.14 30.87
1.76 21.62
10.11 38.94
11.69 49.18
6.74 34.3
1.63 24.36
3.08 19.47
8.59 34.2
2.88 17.1
12.39 50.41
6.07 36.88
4.19 35.2
4.92 31.25
9.85 52.58
12.65 54.86
6.53 35.44
0.91 19.79
9.38 46.63
6.64 34.09
2.45 22.81
0.09 16.85
2.0 18.19
1.04 13.43
8.71 36.61
4.63 33.24
1.93 14.62
12.2 44.65
7.21 34.73
2.81 17.04
3.66 24.61
2.43 20.76
7.82 37.73
6.3 34.25
8.4 35.12
10.72 48.49
11.83 43.67
6.54 37.94
4.39 29.6
2.47 17.24
4.1 25.3
7.93 43.21
0.77 18.86
11.57 52.38
6.9 35.28
8.45 39.94
1.62 20.75
8.24 36.48
6.29 29.88
10.45 45.3
12.34 53.21
10.18 37.98
6.99 39.9
6.16 38.21
1.4 23.98
4.54 35.2
7.63 35.23
11.04 50.28
1.56 18.82
7.46 33.03
12.01 53.81
5.65 29.91
8.37 38.54
1.79 17.64
12.05 53.2
1.04 14.78
12.64 46.21
8.2 43.64
9.31 37.42
2.06 15.17
7.45 37.55
8.75 46.24
12.83 49.38
7.52 40.1
3.31 28.75
4.16 29.25
2.59 32.57
3.65 25.17
9.56 42.09
3.98 32.01
11.09 41.77
6.22 29.13
12.82 52.11
7.63 45.31
2.87 25.51
2.74 31.24
9.95 43.17
4.08 24.15
0.34 25.21
3.7 17.22
3.69 22.72
1.52 21.49
5.3 30.99
3.5 23.86
6.42 27.58
5.56 28.05
9.06 40.28
12.71 59.82
6.7 31.12
3.71 23.86
0.96 25.85
11.92 51.98
10.05 46.25
0.58 26.3
3.85 21.87
8.42 42.51
5.62 29.92
11.35 51.08
6.99 31.49
3.02 26.1
1.39 23.36
5.45 33.02
7.79 31.64
5.94 40.44
3.37 20.46
11.07 45.43
7.8 42.73
0.51 11.98
12.38 50.61
9.95 44.59
0.75 19.82
4.59 29.2
10.88 46.56
6.05 34.04
3.68 29.43
11.95 56.77
5.8 38.73
4.23 26.26
10.37 47.98
3.84 22.88
11.91 49.99
8.38 46.65
7.54 39.64
10.49 50.32
4.13 22.95
8.9 44.07
12.96 46.98
4.18 29.45
7.4 34.11
4.7 28.5
5.67 35.69
8.94 51.22
11.45 49.24
9.65 36.6
10.99 46.51
8.34 36.24
2.69 21.87
2.16 26.64
2.51 29.15
3.83 22.97
4.97 32.23
10.73 50.33
8.28 36.88
3.77 24.95
4.69 28.67
9.35 46.81
10.18 44.64
6.48 36.11
1.22 18.85
9.02 42.82
2.48 17.78
6.26 38.41
8.01 42.05
8.92 35.36
7.73 35.02
1.95 22.14
7.45 31.87
5.25 27.5
4.21 25.27
11.3 47.59
7.65 31.78
11.64 51.23
7.59 35.02
1.86 20.86
7.08 34.02
10.21 41.65
2.82 34.93
7.69 40.04
12.22 47.43
9.98 51.91
9.13 44.2
3.89 37.63
1.66 17.8
10.7 45.99
5.54 25.53
0.13 17.26
3.58 26.69
9.41 48.29
9.2 40.74
1.04 16.97
5.03 27.55
8.16 41.56
3.06 25.12
9.37 39.24
10.67 42.57
0.85 22.36
3.21 19.25
12.24 51.25
5.34 35.41
2.43 23.61
2.2 17.11
2.58 20.41
10.98 52.32
7.81 37.39
0.1 14.29
11.59 48.06
3.57 27.61
3.96 30.64
9.02 41.77
4.61 34.86
3.59 25.36
6.08 25.58
3.12 19.45
11.47 52.42
3.6 23.21
0.47 19.0
6.76 37.9
0.39 21.76
11.22 49.3
12.14 51.92
2.97 23.78
3.72 25.57
7.0 38.21
4.18 27.35
2.91 24.31
7.37 38.97
2.06 24.75
7.5 40.02
5.75 35.01
9.18 48.34
4.21 25.96
1.27 20.18
0.91 18.75
8.0 48.85
3.56 26.22
1.09 24.1
9.26 40.78
0.6 14.86
3.2 31.55
8.59 44.96
6.19 41.95
2.1 20.04
1.02 14.42
2.55 21.07
2.83 25.98
0.31 12.68
2.85 32.19
5.38 28.85
6.94 37.83
1.91 26.77
13.0 55.61
2.85 18.17
9.23 41.76
11.14 49.07
3.63 23.3
3.75 23.01
9.33 39.64
6.17 40.75
3.97 25.09
4.67 28.81
10.34 47.62
4.88 25.51
10.51 50.74
10.03 40.11
0.64 18.7
8.53 39.89
12.77 55.7
11.99 44.86
5.55 31.15
11.78 56.86
1.53 23.74
9.5 44.21
0.53 12.16
6.64 38.19
10.65 44.25
5.07 32.01
10.49 42.16
12.52 58.19
8.66 43.15
10.71 41.06
0.79 13.84
4.26 30.08
8.57 43.47
0.95 22.23
9.85 46.96
5.76 29.99
7.63 35.67
12.96 52.16
7.5 45.5
10.99 48.77
1.96 26.01
11.71 50.54
10.71 47.17
11.54 48.68
9.17 34.78
1.81 16.39
5.0 34.49
4.23 29.74
6.0 28.3
5.52 34.11
2.46 19.79
7.38 43.88
7.67 37.44
12.09 54.39
7.99 38.05
5.59 27.25
11.67 54.39
11.29 46.04
10.83 50.33
5.52 38.81
10.15 44.88
4.89 29.76
9.09 48.09
2.22 19.14
11.33 48.81
2.7 26.09
4.09 16.62
9.85 43.62
5.81 31.01
1.7 16.69
6.58 33.21
5.78 40.12
4.08 14.54
8.65 34.2
0.56 18.47
0.88 17.74
7.54 36.97
10.46 44.65
10.62 43.2
6.7 33.34
0.85 17.47
9.34 46.29
3.72 28.29
10.31 54.7
8.73 36.69
0.79 15.05
4.48 20.56
6.55 36.39
7.91 38.69
3.08 30.99
8.81 35.0
7.56 40.53
9.93 48.86
2.04 21.6
0.7 19.33
11.45 44.35
4.54 33.92
1.46 15.67
0.84 18.21
3.84 19.15
0.57 17.08
5.92 29.03
9.63 43.42
9.58 43.56
8.37 36.15
8.63 33.96
5.09 27.53
2.23 18.43
12.15 56.9
8.16 43.17
2.18 25.31
9.25 42.65
7.63 38.17
10.25 40.79
10.66 39.13
0.89 18.89
4.09 28.99
11.76 45.22
3.79 26.98
9.93 42.17
7.84 39.8
0.91 13.92
11.55 49.83
1.03 16.5
10.73 46.37
9.99 38.11
8.0 42.73
6.43 31.12
8.71 42.22
9.66 45.04
12.5 41.35
5.64 35.3
4.96 28.03
0.81 12.81
4.03 28.17
7.92 39.5
12.4 54.14
10.16 52.91
1.14 18.72
3.46 30.07
3.92 20.36
7.47 40.35
2.04 22.62
6.94 40.46
4.7 28.08
4.19 24.17
5.98 35.44
11.84 54.11
8.46 44.07
9.64 41.4
10.31 48.08
9.96 42.74
12.81 51.76
6.65 36.52
6.89 37.79
9.05 44.06
