-8.63 -15.09
24.92 10.54
-37.35 -36.44
29.88 12.66
-36.52 -36.24
1.13 -8.08
-30.52 -30.0
36.01 18.54
9.6 -2.0
42.67 21.15
13.04 -0.78
-31.52 -31.52
24.35 10.15
11.6 -0.16
17.62 2.47
13.57 -0.84
-48.02 -42.22
-18.93 -21.59
12.88 1.37
12.37 -0.3
-19.15 -23.52
46.29 23.01
5.05 -4.18
28.4 11.56
29.13 11.85
49.54 25.82
-30.67 -30.13
14.08 0.12
-13.01 -19.27
-38.13 -36.73
-7.15 -14.55
28.45 12.3
-32.56 -32.52
-16.58 -19.69
-21.95 -23.14
19.77 5.01
-36.03 -33.75
44.71 22.74
-32.28 -32.09
37.94 17.08
-47.45 -43.6
29.94 11.94
46.02 23.4
22.08 7.03
-1.35 -9.81
10.01 -2.1
-16.75 -20.19
47.54 24.4
30.42 12.06
-36.89 -33.48
3.89 -5.55
-23.03 -24.56
-24.13 -26.07
49.48 24.58
-16.65 -21.24
-29.36 -30.04
5.91 -5.57
29.68 12.19
-40.69 -36.17
-49.49 -44.07
12.75 1.34
-27.17 -28.27
-7.62 -13.6
0.45 -8.3
21.94 6.34
-27.68 -28.83
6.85 -4.24
-39.12 -34.63
12.04 -0.57
45.19 22.61
11.21 -0.8
18.71 4.75
-11.77 -16.59
13.86 1.92
-29.31 -30.73
-17.53 -20.37
16.84 3.04
39.88 18.26
-43.86 -40.76
2.96 -7.48
-31.04 -30.97
-12.53 -17.6
38.54 17.36
8.73 -3.38
34.88 14.55
-49.44 -43.39
27.03 9.64
-37.58 -34.25
19.14 3.09
48.29 24.45
10.83 -1.53
8.55 -1.31
31.27 13.77
-13.28 -16.92
-24.72 -26.39
-12.34 -15.22
-27.67 -29.1
-18.45 -22.73
-49.9 -43.42
48.62 24.74
-14.16 -19.41
-12.13 -18.94
15.74 1.83
28.07 10.93
-45.52 -40.81
-28.05 -28.27
21.44 6.2
7.54 -4.9
40.28 18.83
14.49 2.04
39.09 18.73
32.91 12.99
-0.21 -9.94
0.18 -10.02
-33.07 -32.86
-28.76 -30.01
-30.1 -31.09
-23.34 -24.94
22.1 6.31
-26.17 -26.62
23.34 8.12
-15.96 -20.95
23.33 7.88
38.65 19.42
41.27 20.49
10.97 -2.1
23.19 7.78
2.87 -9.35
19.62 5.62
-6.99 -13.19
43.66 20.87
-42.36 -38.01
47.54 24.28
8.58 -2.31
-12.23 -17.27
11.56 -0.97
49.95 28.21
-8.84 -15.83
29.86 10.54
13.32 -1.84
13.92 0.83
19.27 4.1
17.58 2.13
22.47 7.18
18.94 7.2
-29.22 -30.23
37.85 17.35
30.57 12.06
17.3 3.01
-46.21 -41.33
5.05 -5.86
12.74 -1.49
-12.94 -19.65
19.97 5.68
-21.15 -24.07
0.52 -8.32
39.82 18.96
29.99 12.59
17.63 3.13
-27.8 -29.81
-19.12 -22.2
-23.03 -25.12
-44.43 -41.83
-37.39 -36.88
15.23 1.13
19.74 5.22
-29.19 -28.28
21.28 6.26
8.49 -4.23
2.66 -9.57
30.77 12.13
42.94 20.31
28.11 10.07
13.07 -0.94
-1.68 -8.68
-24.22 -26.78
47.02 25.69
-36.26 -34.94
-40.68 -36.79
35.81 16.21
12.92 0.5
18.65 3.0
-40.14 -36.36
-33.63 -31.93
10.51 -0.68
41.23 21.25
43.81 20.62
35.68 15.9
-49.18 -43.14
-1.82 -9.3
30.5 11.15
25.86 7.14
-10.98 -18.38
-4.58 -11.17
40.77 18.89
28.04 11.2
-9.19 -15.58
47.25 25.32
-43.13 -39.77
-31.99 -31.11
