18.64 343.65
1.39 274.53
-10.51 228.69
8.98 306.33
28.58 384.81
-21.46 182.02
-29.44 154.1
14.13 328.24
21.18 355.8
36.94 417.53
22.44 358.98
15.39 333.16
-41.99 101.6
18.55 345.08
-21.72 184.62
17.47 339.37
15.12 330.58
-10.32 230.19
11.29 314.4
-9.58 232.64
-44.22 93.1
-31.84 142.46
49.75 469.52
44.3 447.45
-24.92 170.83
-17.61 200.69
-43.68 94.81
-2.46 259.52
9.01 306.49
-47.84 80.23
-32.58 141.22
45.46 453.08
17.97 340.73
23.9 366.05
-9.48 230.38
-20.4 188.96
40.56 431.57
-30.81 146.69
31.01 394.21
3.62 283.5
-10.5 228.4
-5.67 248.86
-14.16 212.38
11.44 315.88
-12.81 220.81
-8.96 233.31
31.18 395.21
18.57 343.76
-32.37 142.46
22.72 360.44
44.69 449.67
-9.43 231.77
20.18 351.41
-42.17 100.13
-38.77 114.61
19.07 345.88
20.45 352.33
27.87 381.7
-35.42 126.88
5.3 290.62
17.92 341.84
40.0 430.79
-42.14 102.11
32.67 399.84
39.97 429.65
8.76 304.46
46.89 456.94
46.88 459.15
3.97 287.1
-41.37 102.81
19.71 349.34
40.92 432.96
-20.51 188.14
-43.76 96.48
38.46 425.58
28.89 387.15
-14.81 210.6
-36.45 123.91
6.22 295.4
38.4 423.37
-10.77 226.57
-11.81 224.12
14.82 329.11
30.01 389.38
-26.4 164.11
-15.19 209.29
-41.61 104.07
18.49 345.23
26.49 376.77
37.07 417.36
27.22 379.15
-22.97 179.02
4.12 284.65
-25.68 165.41
-27.3 161.13
17.45 338.56
-17.31 201.25
-2.77 257.35
-16.3 205.37
2.67 281.52
8.29 304.76
-35.83 127.01
-22.4 180.28
44.5 448.06
27.56 380.11
22.68 361.71
3.75 282.99
8.64 304.94
-1.0 267.03
-28.39 154.95
-10.89 225.58
0.88 274.73
-42.91 98.25
-42.54 100.55
11.43 316.3
-31.28 146.91
-40.83 108.23
-44.27 92.27
-22.05 183.01
-9.02 234.04
6.79 296.8
33.58 406.57
13.64 323.76
48.92 466.28
-25.33 168.74
28.95 385.5
-11.53 226.15
-10.76 227.35
16.03 332.37
28.97 385.88
43.42 446.6
37.31 420.04
-41.61 103.83
9.6 309.59
2.87 281.49
35.22 409.44
29.36 387.77
15.86 332.89
-42.67 100.89
-49.22 73.57
-28.83 154.7
23.27 361.9
42.99 442.9
12.85 322.6
-17.03 203.02
-40.1 111.81
-39.72 110.04
-47.29 80.02
-48.91 73.67
-2.15 263.64
-1.87 263.24
25.03 370.64
41.33 433.87
17.36 339.83
-49.49 72.5
20.96 352.94
-16.3 203.92
45.37 450.73
-42.37 102.17
-9.0 232.58
47.75 459.83
-33.21 136.59
9.48 306.9
-27.69 159.08
45.76 452.93
40.72 432.89
3.13 281.98
-48.81 73.2
-4.8 251.55
43.7 444.67
7.96 301.43
17.6 339.92
-40.32 108.6
-37.98 117.4
-40.57 109.16
-27.96 158.17
30.83 392.95
-21.69 182.9
0.04 269.53
20.49 349.94
-29.4 151.12
2.86 280.27
-17.41 199.47
-17.72 196.52
-7.51 241.06
-31.67 143.6
27.42 380.28
-35.68 127.28
-33.59 135.48
13.01 322.89
-35.22 129.4
-6.48 244.58
2.06 278.48
-40.72 105.93
26.93 376.99
37.39 418.56
16.93 338.55
45.91 453.27
-39.62 112.12
-20.03 189.05
