33.39 -116.31
-19.32 -169.22
-47.78 -197.74
33.53 -115.76
-13.58 -162.87
46.41 -103.01
-27.72 -175.83
-26.85 -177.08
46.39 -104.93
1.74 -149.57
-48.57 -197.03
-18.29 -166.99
25.76 -124.86
-6.02 -156.07
10.65 -138.81
-8.56 -157.91
-3.43 -152.44
-49.25 -199.54
-27.3 -176.36
-31.44 -179.43
-40.56 -189.23
1.27 -147.15
24.38 -125.48
-41.49 -190.06
42.33 -105.36
13.29 -136.13
14.83 -133.47
44.43 -104.3
-35.25 -186.21
39.06 -111.58
-13.32 -163.38
-49.8 -197.17
-15.17 -164.17
-47.93 -198.17
8.49 -139.29
29.4 -118.94
-23.57 -173.46
14.08 -134.83
-43.29 -193.14
13.03 -135.31
19.52 -131.35
48.44 -102.67
37.66 -114.06
23.46 -126.39
16.04 -132.6
-34.41 -183.72
-18.28 -167.05
-5.7 -156.13
-29.6 -179.77
-11.08 -160.39
5.2 -145.31
16.72 -134.4
11.34 -138.99
6.06 -143.95
44.28 -104.39
49.83 -99.84
-5.25 -155.42
1.09 -149.48
1.93 -148.8
-21.37 -171.86
10.52 -139.39
39.49 -110.44
39.44 -108.86
-16.0 -166.65
-46.3 -196.39
-2.8 -151.29
4.9 -143.82
-39.47 -189.09
-47.87 -198.36
11.96 -138.86
37.84 -112.24
13.13 -137.32
-16.41 -166.6
-8.64 -159.04
23.65 -126.7
46.15 -104.32
-25.18 -176.01
44.09 -106.11
-23.73 -173.15
10.53 -141.93
-3.95 -152.96
-12.19 -160.68
45.48 -105.13
30.73 -120.27
23.27 -125.91
-46.05 -196.68
38.66 -110.75
35.61 -113.16
18.87 -131.25
-47.43 -197.93
-3.5 -154.42
-30.56 -179.48
10.52 -138.99
11.02 -138.78
40.29 -109.49
-3.24 -153.98
-28.35 -178.43
-43.44 -192.63
-42.67 -193.35
40.88 -110.31
-3.21 -151.52
38.62 -112.66
35.76 -111.85
-11.21 -161.53
1.71 -149.5
-4.24 -154.65
3.18 -146.39
46.61 -105.3
10.71 -138.58
28.62 -119.87
-36.39 -186.46
0.17 -147.35
-25.25 -175.1
20.1 -129.8
-32.01 -180.36
-20.95 -171.75
28.29 -122.78
-35.75 -185.75
5.38 -145.81
35.25 -115.28
-37.01 -186.68
-25.94 -176.81
10.91 -139.24
22.05 -127.88
-39.7 -189.57
-49.77 -201.43
-4.13 -154.43
27.6 -121.67
21.19 -127.57
40.62 -108.81
-41.33 -190.55
-15.99 -166.18
-46.8 -197.12
38.58 -110.92
4.4 -145.01
48.86 -101.27
48.7 -101.34
12.75 -137.49
23.19 -126.14
10.57 -139.34
18.95 -130.44
-49.1 -200.98
-45.24 -195.11
30.95 -119.21
-36.39 -187.12
-19.31 -169.09
12.69 -136.37
-16.08 -166.97
-5.08 -156.95
-31.39 -181.49
14.64 -134.95
48.84 -99.19
4.43 -146.33
-44.21 -194.35
-13.93 -165.76
-1.25 -150.09
32.32 -117.81
6.99 -141.17
1.51 -149.63
-35.36 -185.74
-30.59 -180.7
23.87 -126.25
17.3 -132.36
32.08 -118.8
-4.37 -153.5
-28.39 -178.3
-1.35 -152.24
-41.42 -191.04
47.56 -102.06
17.67 -132.11
-15.94 -166.61
-4.75 -154.21
-15.88 -166.01
-25.8 -175.18
6.22 -142.93
-40.52 -188.81
-1.82 -150.44
16.96 -134.18
35.79 -114.57
-2.97 -152.5
-33.07 -185.06
49.89 -100.41
-33.48 -183.89
48.71 -99.44
-44.92 -195.74
12.04 -137.6
13.25 -138.22
-41.26 -190.71
-43.49 -194.45
-25.95 -178.04
-43.88 -194.31
-3.53 -152.4
-16.07 -166.45
14.41 -135.16
9.37 -140.36
-19.46 -167.96
-37.01 -187.55
-6.35 -157.33
-47.87 -198.26
-35.77 -186.21
