-35.83 127.01
8.49 -139.29
-3.75 711.29
28.95 385.5
-9.48 230.38
-44.92 -195.74
-1.02 739.44
-43.29 -193.14
34.22 1092.15
32.22 1072.01
-2.8 -151.29
45.46 453.08
1.74 -149.57
-45.25 296.32
25.26 1002.91
-10.76 227.35
-12.17 628.67
-11.53 226.15
4.43 -146.33
-10.5 228.4
-41.61 103.83
-48.35 266.55
38.19 1132.69
-31.67 143.6
33.53 -115.76
14.82 329.11
40.72 432.89
-29.6 -179.77
31.5 1065.2
-49.85 251.84
37.32 1122.33
9.6 309.59
32.74 1077.46
-7.2 678.34
44.75 1198.92
-17.41 199.47
48.81 1238.62
-35.22 129.4
8.29 304.76
12.69 -136.37
30.83 392.95
-46.8 -197.12
22.44 358.98
23.31 984.95
-8.96 233.31
-22.37 526.85
18.87 -131.25
-12.87 621.14
-27.3 161.13
-37.01 -186.68
44.3 447.45
22.46 975.87
40.56 431.57
-38.77 114.61
12.85 322.6
-26.4 164.11
49.33 1243.3
23.87 -126.25
-25.19 497.07
33.69 1086.99
32.95 1079.63
-10.32 230.19
36.94 417.53
-41.13 340.77
-12.38 627.08
14.41 -135.16
26.37 1014.36
-35.36 -185.74
36.45 1115.22
41.45 1162.81
-13.58 -162.87
5.22 800.49
-33.48 -183.89
18.57 343.76
-28.35 -178.43
-9.91 648.43
11.44 315.88
19.07 345.88
-8.56 -157.91
-48.81 73.2
-22.97 179.02
40.29 -109.49
24.99 998.78
3.62 283.5
-41.98 330.05
-41.37 102.81
-4.37 706.17
20.96 352.94
42.99 442.9
-37.01 -187.55
27.26 1022.23
-26.45 486.65
20.18 351.41
-10.08 649.59
30.73 -120.27
21.19 -127.57
-19.69 552.96
-16.08 -166.97
-45.71 293.65
37.07 417.36
-31.39 -181.49
46.61 -105.3
-6.35 -157.33
-28.38 466.73
27.87 381.7
47.75 459.83
0.88 274.73
-38.62 363.47
-49.31 257.65
-40.52 -188.81
37.82 1129.29
22.03 970.05
35.19 1104.67
-4.13 -154.43
48.7 -101.34
-5.67 248.86
-20.95 -171.75
14.08 -134.83
27.22 379.15
13.35 882.88
-17.31 201.25
-5.08 -156.95
27.42 380.28
2.47 773.67
-39.7 -189.57
7.96 301.43
27.85 1026.92
-4.24 -154.65
45.92 1209.27
-19.46 -167.96
39.44 -108.86
44.5 448.06
-43.82 311.94
32.32 -117.81
29.36 387.77
22.05 -127.88
17.58 926.47
-18.21 568.74
-19.32 -169.22
-3.5 -154.42
26.93 376.99
7.47 824.55
1.16 761.63
-19.31 -169.09
23.9 366.05
-11.74 633.65
-21.46 182.02
13.25 -138.22
8.64 304.94
11.34 -138.99
36.84 1119.04
10.65 -138.81
26.49 376.77
38.4 423.37
25.03 370.64
39.5 1144.94
-47.93 -198.17
-34.13 409.16
20.45 352.33
-8.14 667.98
0.04 269.53
-25.94 -176.81
-17.61 200.69
-40.67 342.87
23.32 982.36
45.93 1208.41
10.9 858.93
-3.24 -153.98
-33.77 411.27
47.08 1222.16
38.62 -112.66
-35.77 -186.21
-17.03 203.02
18.49 345.23
-27.73 471.79
34.97 1098.24
12.63 875.85
5.2 -145.31
12.22 873.18
-41.47 335.79
-36.45 123.91
-41.42 -191.04
-33.21 136.59
43.31 1183.63
18.64 343.65
10.87 859.75
-40.83 108.23
40.0 430.79
22.72 360.44
45.76 452.93
-6.02 -156.07
-40.32 108.6
25.76 -124.86
-30.56 -179.48
37.31 420.04
-25.68 165.41
49.83 -99.84
-46.52 284.88
3.18 -146.39
-24.07 508.24
-30.71 443.31
-28.39 -178.3
1.33 763.42
-16.3 205.37
-34.41 -183.72
10.52 -139.39
-18.82 561.29
33.58 406.57
15.86 332.89
9.35 843.36
17.47 339.37
46.88 459.15
-30.72 444.42
6.79 296.8
3.13 281.98
-43.49 -194.45
16.03 332.37
-48.57 -197.03
44.28 -104.39
48.92 466.28
-39.62 112.12
-30.76 441.36
-23.17 518.31
12.04 -137.6
23.19 -126.14
39.06 -111.58
17.45 338.56
-41.36 335.15
-11.08 -160.39
-47.08 279.98
-15.94 -166.61
47.56 -102.06
46.39 -104.93
-20.16 547.77
-8.28 666.41
1.51 -149.63
-43.44 -192.63
11.47 863.48
44.69 449.67
-35.29 397.58
-39.03 360.12
-33.07 -185.06
16.72 -134.4
-30.34 445.55
-9.58 232.64
29.35 1046.68
-27.69 159.08
1.27 -147.15
17.92 341.84
-8.2 668.83
-10.84 641.37
20.49 349.94
-2.97 -152.5
-49.22 73.57
21.74 966.95
-41.12 340.56
48.86 -101.27
31.18 395.21
11.43 316.3
-48.88 262.09
25.92 1006.98
34.83 1098.09
44.43 -104.3
23.27 -125.91
-20.03 189.05
-32.58 141.22
38.99 1139.21
20.4 952.91
-5.25 -155.42
-5.54 694.86
35.61 -113.16
48.79 1237.56
-21.72 184.62
29.4 -118.94
47.98 1229.93
46.15 -104.32
-23.73 -173.15
-36.46 385.95
22.86 978.28
-42.54 100.55
40.92 432.96
46.41 -103.01
-47.59 274.06
11.4 864.05
45.67 1205.88
-1.25 -150.09
4.82 797.04
-13.93 -165.76
30.95 -119.21
-20.51 188.14
-27.3 -176.36
17.67 -132.11
-0.18 748.76
45.48 -105.13
48.44 -102.67
-25.18 -176.01
-44.22 307.44
13.06 880.73
27.98 1028.2
-9.43 231.77
-41.49 -190.06
11.96 -138.86
47.28 1225.58
6.22 295.4
-22.05 183.01
38.66 -110.75
-14.07 610.52
5.9 809.83
9.01 306.49
-42.91 98.25
-9.94 649.35
-21.69 182.9
-44.95 299.15
-47.87 -198.36
12.03 871.59
-41.6 334.4
32.08 -118.8
-43.68 94.81
44.62 1194.37
9.37 -140.36
-41.26 -190.71
-47.43 -197.93
-9.0 232.58
-4.75 -154.21
34.08 1089.14
-39.72 110.04
-38.14 368.57
16.04 -132.6
-33.12 419.07
32.67 399.84
33.39 -116.31
45.91 453.27
6.06 -143.95
-25.95 -178.04
-44.27 92.27
7.77 827.05
9.47 844.58
-42.17 100.13
2.87 281.49
23.27 982.67
11.29 314.4
23.27 361.9
46.42 1213.45
38.46 425.58
13.03 -135.31
16.96 -134.18
-36.39 -186.46
-40.56 -189.23
-11.81 224.12
-14.16 212.38
13.01 322.89
9.48 306.9
17.6 339.92
-8.7 664.2
-9.02 234.04
-42.14 102.11
-3.43 -152.44
10.57 -139.34
40.88 -110.31
-35.68 127.28
35.25 -115.28
43.42 446.6
42.12 1170.09
0.18 750.52
-15.19 209.29
-49.25 -199.54
15.56 905.15
49.89 -100.41
-35.42 126.88
-35.28 397.62
-49.49 72.5
29.5 1044.33
-47.29 80.02
39.97 429.65
8.98 306.33
43.7 444.67
-4.37 -153.5
-31.28 146.91
-34.57 404.23
-47.78 -197.74
-12.19 -160.68
28.58 384.81
-4.98 702.27
-25.6 494.33
-43.53 314.56
-8.64 -159.04
-48.3 268.36
44.09 -106.11
-5.7 -156.13
23.54 984.5
-28.39 154.95
23.59 986.05
3.97 287.1
24.97 1000.4
-21.37 -171.86
-7.51 241.06
37.39 418.56
39.49 -110.44
-10.89 225.58
41.33 433.87
15.39 333.16
-46.05 -196.68
-43.43 316.47
-7.14 678.53
-4.8 251.55
28.92 1039.7
-24.92 170.83
-8.09 669.91
2.67 281.52
-31.44 -179.43
-42.56 324.64
-1.0 267.03
5.38 -145.81
-40.57 109.16
28.89 387.15
17.97 340.73
-27.72 -175.83
-32.01 -180.36
-35.75 -185.75
-15.88 -166.01
-17.89 572.27
14.13 328.24
48.84 -99.19
32.16 1069.95
-33.59 135.48
13.29 -136.13
20.1 -129.8
28.67 1037.7
15.12 330.58
46.89 456.94
38.58 -110.92
3.75 282.99
40.42 1154.12
26.82 1017.46
7.97 830.35
30.01 389.38
-28.83 154.7
46.71 1215.9
37.78 1126.84
35.22 409.44
22.68 361.71
-3.95 -152.96
-1.82 -150.44
14.83 -133.47
-14.81 210.6
-24.55 505.19
31.01 394.21
-12.81 220.81
-16.41 -166.6
9.99 849.23
23.46 -126.39
-25.8 -175.18
-8.24 666.9
-47.84 80.23
-23.22 518.42
40.21 1153.02
-1.35 -152.24
-49.1 -200.98
-17.72 196.52
-42.37 102.17
37.84 -112.24
27.56 380.11
8.88 838.84
-49.8 -197.17
3.79 789.96
-41.33 -190.55
-6.48 244.58
-49.77 -201.43
-3.21 -151.52
1.93 -148.8
-25.25 -175.1
18.95 -130.44
12.46 874.64
6.22 -142.93
19.7 947.72
39.67 1148.35
-36.39 -187.12
23.65 -126.7
-37.98 117.4
-11.21 -161.53
-44.21 -194.35
13.13 -137.32
17.36 339.83
-42.67 100.89
-32.37 142.46
21.18 355.8
4.12 284.65
42.33 -105.36
-44.64 305.15
11.41 864.67
10.71 -138.58
11.02 -138.78
1.25 763.33
-3.08 720.43
-31.84 142.46
28.97 385.88
10.91 -139.24
4.4 -145.01
-15.17 -164.17
-37.17 378.38
-35.25 -186.21
-23.57 -173.46
-3.53 -152.4
-33.34 416.38
19.71 349.34
-43.88 -194.31
-45.64 294.12
14.64 -134.95
-35.91 391.33
49.75 469.52
14.44 896.02
-26.85 -177.08
-4.11 711.6
29.18 1042.28
-39.98 350.3
6.99 -141.17
-46.3 -196.39
1.71 -149.5
-30.81 146.69
-13.32 -163.38
-16.3 203.92
-18.29 -166.99
-37.9 370.84
2.86 280.27
-37.47 375.6
40.62 -108.81
13.64 323.76
0.7 756.21
-48.91 73.67
24.91 999.35
-2.15 263.64
16.93 338.55
-18.28 -167.05
-47.87 -198.26
-38.02 369.71
1.09 -149.48
-45.24 -195.11
-26.9 481.2
-41.61 104.07
-25.33 168.74
37.66 -114.06
-16.07 -166.45
10.53 -141.93
2.63 779.07
-22.4 180.28
-29.44 154.1
28.62 -119.87
28.29 -122.78
8.76 304.46
46.25 1213.55
-15.54 595.24
-27.96 158.17
-24.0 510.96
-42.67 -193.35
5.3 290.62
2.06 278.48
-44.08 309.56
-37.79 371.87
35.79 -114.57
18.55 345.08
-10.77 226.57
-1.87 263.24
18.58 935.5
-43.76 96.48
19.52 -131.35
2.41 773.37
-15.84 592.02
-29.4 151.12
27.6 -121.67
-15.99 -166.18
-29.77 451.07
-20.4 188.96
-16.0 -166.65
-17.24 577.93
12.76 878.35
-40.72 105.93
1.61 766.37
-35.52 396.2
-15.67 593.07
-39.47 -189.09
35.76 -111.85
48.71 -99.44
1.39 274.53
0.17 -147.35
-2.46 259.52
-30.59 -180.7
24.38 -125.48
-18.81 563.21
45.37 450.73
-10.51 228.69
-2.77 257.35
-44.22 93.1
17.3 -132.36
10.52 -138.99
-40.1 111.81
-13.57 614.47
4.9 -143.82
-41.99 101.6
12.75 -137.49
-34.12 408.31
