-44.64 305.15
22.03 970.05
12.46 874.64
-30.34 445.55
27.26 1022.23
-18.81 563.21
31.5 1065.2
-41.13 340.77
-45.71 293.65
-8.28 666.41
-41.36 335.15
19.7 947.72
-8.09 669.91
-22.37 526.85
47.98 1229.93
23.32 982.36
9.35 843.36
38.99 1139.21
-48.3 268.36
-48.88 262.09
-1.02 739.44
5.9 809.83
-23.22 518.42
48.81 1238.62
-35.91 391.33
1.16 761.63
-4.11 711.6
39.67 1148.35
7.47 824.55
-41.6 334.4
-37.17 378.38
-12.38 627.08
27.85 1026.92
-5.54 694.86
-30.71 443.31
-45.64 294.12
45.67 1205.88
34.97 1098.24
45.92 1209.27
34.83 1098.09
24.97 1000.4
-25.19 497.07
4.82 797.04
-9.91 648.43
-24.0 510.96
-3.08 720.43
22.46 975.87
-47.08 279.98
5.22 800.49
24.91 999.35
10.9 858.93
0.18 750.52
-36.46 385.95
-45.25 296.32
-12.17 628.67
32.74 1077.46
11.41 864.67
-24.07 508.24
37.32 1122.33
-8.2 668.83
-8.7 664.2
12.22 873.18
47.28 1225.58
-7.2 678.34
-18.21 568.74
37.82 1129.29
34.22 1092.15
-29.77 451.07
45.93 1208.41
46.25 1213.55
-34.13 409.16
1.61 766.37
-34.12 408.31
-24.55 505.19
-8.14 667.98
-38.02 369.71
-43.43 316.47
-33.12 419.07
-18.82 561.29
-47.59 274.06
44.75 1198.92
-9.94 649.35
22.86 978.28
-7.14 678.53
-33.77 411.27
-8.24 666.9
-49.31 257.65
39.5 1144.94
-15.67 593.07
46.42 1213.45
32.22 1072.01
1.33 763.42
11.47 863.48
43.31 1183.63
-41.12 340.56
-43.53 314.56
1.25 763.33
18.58 935.5
-30.72 444.42
14.44 896.02
11.4 864.05
-3.75 711.29
-10.08 649.59
-44.22 307.44
40.21 1153.02
28.92 1039.7
-41.47 335.79
12.63 875.85
13.06 880.73
-34.57 404.23
-48.35 266.55
2.47 773.67
-46.52 284.88
36.45 1115.22
-4.98 702.27
-14.07 610.52
7.77 827.05
24.99 998.78
-26.9 481.2
-39.03 360.12
0.7 756.21
32.16 1069.95
20.4 952.91
25.92 1006.98
-15.54 595.24
-0.18 748.76
17.58 926.47
-42.56 324.64
7.97 830.35
-41.98 330.05
23.27 982.67
-37.9 370.84
29.35 1046.68
2.63 779.07
15.56 905.15
44.62 1194.37
-17.24 577.93
-33.34 416.38
35.19 1104.67
8.88 838.84
-27.73 471.79
26.82 1017.46
-38.14 368.57
12.03 871.59
12.76 878.35
-15.84 592.02
-43.82 311.94
46.71 1215.9
-30.76 441.36
-11.74 633.65
3.79 789.96
-26.45 486.65
9.99 849.23
40.42 1154.12
23.31 984.95
-20.16 547.77
-35.28 397.62
-4.37 706.17
-13.57 614.47
36.84 1119.04
-37.47 375.6
28.67 1037.7
-35.29 397.58
-19.69 552.96
42.12 1170.09
-17.89 572.27
-40.67 342.87
13.35 882.88
48.79 1237.56
41.45 1162.81
37.78 1126.84
2.41 773.37
-25.6 494.33
-35.52 396.2
47.08 1222.16
32.95 1079.63
-38.62 363.47
-44.08 309.56
-23.17 518.31
-37.79 371.87
29.18 1042.28
23.59 986.05
34.08 1089.14
-39.98 350.3
26.37 1014.36
27.98 1028.2
25.26 1002.91
23.54 984.5
10.87 859.75
29.5 1044.33
38.19 1132.69
-10.84 641.37
-49.85 251.84
-12.87 621.14
-28.38 466.73
9.47 844.58
49.33 1243.3
21.74 966.95
33.69 1086.99
-44.95 299.15
