Execution time: 11.50391149520874
mse: 1.4586280691783475
Regression coefs:
	[array([2.7665335]), array([2.79476885])]
Regression interception:
	[np.float64(-1.1124759006185032), np.float64(5.014526016345261)]
Clusters:
[0 0 0 1 1 1 0 1 1 1 1 1 0 0 0 0 1 0 0 0 0 1 1 0 0 0 1 1 0 0 0 0 0 1 0 1 0
 0 1 0 1 0 1 1 1 0 1 0 1 1 1 0 0 1 0 0 0 0 1 1 1 1 0 1 1 1 0 0 0 0 0 1 0 1
 1 0 1 1 0 1 1 1 1 0 1 1 0 1 1 1 0 1 0 0 1 1 1 1 0 1 0 0 0 1 0 1 0 0 0 0 1
 1 1 1 0 0 0 0 1 0 0 1 0 1 1 1 0 0 0 1 1 1 1 0 1 1 0 0 1 0 1 0 0 0 1 1 1 0
 0 1 1 0 1 1 1 0 0 0 1 0 0 1 1 1 1 0 1 0 1 1 1 1 1 0 1 1 1 0 0 0 1 1 0 1 0
 0 1 0 1 1 0 1 1 1 0 0 0 1 1 1 1 0 0 1 1 1 0 0 1 1 0 1 1 0 1 1 0 0 0 1 1 1
 1 0 1 0 1 1 0 0 0 1 0 1 1 0 0 0 0 0 0 0 0 1 0 0 1 0 0 1 1 0 1 1 0 1 1 0 1
 0 0 0 1 0 1 0 0 1 0 0 0 0 0 1 0 1 1 1 1 0 0 0 1 1 0 1 1 0 1 0 1 1 1 0 0 1
 1 0 0 0 1 0 0 0 0 0 0 0 1 1 0 0 1 0 1 1 1 0 0 1 0 0 0 1 0 1 0 1 1 1 0 1 0
 0 0 1 1 0 0 1 0 1 1 0 0 0 1 1 0 0 0 0 0 1 0 1 1 1 0 1 0 1 1 1 0 1 1 0 1 1
 1 0 1 1 0 0 0 1 0 0 1 0 1 0 1 1 0 0 0 1 1 1 1 1 0 1 1 1 1 1 1 0 0 0 1 0 1
 1 0 0 0 1 1 0 0 1 0 1 0 0 0 0 0 0 1 0 1 0 0 0 0 0 0 0 1 0 1 0 1 1 1 0 1 0
 1 1 0 0 1 0 1 0 1 0 1 0 0 1 1 1 1 1 1 1 0 0 0 0 0 0 0 0 1 1 0 1 1 0 0 0 1
 0 1 1 0 0 1 1 1 1 0 1 0 0 1 1 0 1 1 0 0 0 1 1 0 0 0 1 1 0 0 0 0 1 0 1 1 0
 1 1 1 0 1 1 1 0 1 0 0 0 1 1 0 0 1 0 0 1 0 1 0 1 0 0 1 1 1 1 1 0 1 0 0 0 1
 0 1 1 1 1 1 0 0 1 1 1 1 1 1 0 0 0 1 0 1 1 1 0 0 0 0 1 1 0 1 1 0 1 1 0 0 0
 1 0 1 1 0 0 1 1]
