0.58 29.32
0.46 27.7
0.14 29.2
0.57 27.53
0.51 28.84
0.56 28.43
0.11 28.47
0.86 28.98
0.75 29.01
0.57 29.35
0.61 28.02
0.96 29.27
0.16 27.49
0.04 28.38
0.85 28.08
0.18 27.46
0.67 28.6
0.35 28.38
0.38 27.89
0.8 30.17
0.15 26.68
0.69 27.23
0.62 26.99
0.67 27.6
0.72 27.46
0.05 28.46
0.79 28.8
0.7 29.52
0.27 29.08
0.84 29.5
0.22 29.28
0.44 27.81
0.81 28.79
0.03 28.66
0.81 28.39
0.81 27.91
0.69 28.28
0.36 27.74
0.87 27.67
0.26 28.0
0.56 27.86
0.76 26.92
0.16 26.36
0.35 25.17
0.83 27.66
0.45 28.23
0.27 29.44
0.4 29.33
0.41 29.11
0.51 26.18
0.85 27.81
0.21 28.62
0.16 27.15
0.6 28.42
0.55 27.26
0.39 26.5
0.77 27.06
0.66 27.58
0.74 28.01
0.13 27.18
0.28 27.58
0.55 27.4
0.56 28.59
0.15 26.53
0.53 29.67
0.89 28.27
0.73 28.07
0.6 27.38
0.1 27.12
0.72 27.19
0.43 28.58
0.91 28.89
0.61 27.79
0.18 27.33
0.88 28.67
0.22 27.64
0.68 27.74
0.1 29.74
0.38 27.8
0.55 28.91
0.54 25.77
0.98 28.54
0.93 26.4
0.93 27.56
0.76 31.13
0.14 29.02
0.45 27.56
0.31 26.95
0.82 29.24
0.83 28.75
0.59 29.39
0.73 27.05
0.84 29.38
0.52 28.04
0.21 28.35
0.88 27.2
0.25 26.98
0.92 27.64
0.32 27.68
0.08 27.65
0.27 25.91
0.63 27.44
0.46 27.04
0.01 27.97
0.6 27.19
0.46 28.02
0.19 24.69
0.27 26.6
0.28 28.49
0.67 26.5
0.36 28.02
0.83 28.43
0.64 29.75
0.24 28.14
0.91 29.35
0.23 28.1
0.46 28.3
0.13 26.91
0.14 26.9
0.15 27.06
0.8 29.08
0.45 28.25
0.22 27.2
0.56 28.14
0.2 26.35
0.3 26.68
0.03 28.28
0.18 25.75
0.95 29.18
0.46 28.23
0.89 29.53
0.35 27.13
0.2 27.71
0.24 27.38
0.32 26.6
0.6 27.95
0.23 28.31
0.99 28.24
0.08 26.41
0.16 27.91
0.9 28.82
0.09 29.07
0.05 27.9
0.87 27.68
0.07 26.8
0.75 27.75
0.48 28.64
0.02 27.19
0.82 26.79
0.74 27.21
0.85 27.19
0.65 29.03
0.61 28.03
0.14 28.6
0.75 27.33
0.49 26.08
0.57 27.47
0.85 28.48
0.56 28.98
0.36 26.66
0.74 26.92
0.21 28.17
0.53 27.12
0.58 27.93
0.26 27.2
0.94 27.24
0.12 29.52
0.2 26.36
0.25 25.83
0.91 28.55
0.63 30.14
0.64 28.05
0.11 26.59
0.71 28.11
0.47 28.37
0.51 29.75
0.12 26.93
0.27 30.27
0.81 28.23
0.05 26.61
0.98 29.59
0.59 27.79
0.16 26.9
0.69 29.86
0.07 26.97
0.97 28.25
0.51 26.13
0.15 27.52
0.5 26.62
0.74 27.81
0.71 28.86
0.55 27.54
0.13 27.23
0.82 27.47
0.19 25.41
0.1 28.37
0.76 29.4
0.67 27.94
0.5 28.29
0.55 27.2
