10.77 -173.17
13.35 -132.39
-1.02 -139.43
-11.46 -160.2
20.98 -143.4
-10.58 -175.18
-6.52 -168.97
-2.76 -182.81
10.75 -164.29
23.42 -139.51
-10.12 -139.9
16.46 -137.1
-4.62 -183.49
-4.54 -170.0
3.86 -114.92
-11.34 -179.17
-7.08 -165.1
17.59 -97.34
11.0 -124.92
0.29 -128.25
-7.3 -144.63
9.59 -134.1
4.97 -149.54
-6.4 -151.86
23.21 -108.13
13.52 -165.28
-8.25 -137.29
16.87 -119.74
23.76 -98.15
-10.12 -166.71
17.74 -149.73
12.73 -151.74
18.92 -140.49
7.0 -96.8
9.13 -98.22
1.86 -137.26
-1.29 -176.13
21.62 -128.54
-11.81 -163.9
7.7 -143.58
-7.07 -155.16
8.93 -117.26
0.75 -124.94
11.32 -138.26
18.04 -148.73
-9.29 -160.26
5.34 -147.15
-9.42 -146.22
13.1 -113.77
24.84 -120.19
3.52 -117.12
6.75 -171.82
16.4 -119.1
-3.04 -150.31
20.65 -139.69
3.57 -102.27
-0.84 -142.67
12.7 -163.8
4.32 -139.05
8.62 -136.27
4.47 -111.62
15.18 -111.83
16.56 -169.84
11.48 -145.66
-9.18 -184.0
19.74 -98.47
3.38 -185.33
22.17 -135.7
18.61 -115.79
17.82 -104.25
18.89 -145.03
1.15 -141.86
-7.1 -166.26
13.7 -116.54
17.14 -81.11
14.95 -75.39
-9.96 -129.1
16.25 -92.92
12.11 -80.57
-2.16 -160.19
5.22 -142.51
20.05 -122.62
3.46 -144.2
-0.64 -166.87
4.11 -121.03
0.38 -116.03
24.41 -139.31
7.48 -124.34
24.39 -47.99
17.71 -117.44
-3.23 -158.77
13.42 -109.82
-10.3 -137.0
0.06 -171.93
-8.2 -146.7
21.28 -48.92
18.2 -103.35
14.85 -173.23
21.13 -122.47
10.31 -82.27
22.0 -121.93
-8.38 -163.9
14.95 -168.54
-0.85 -85.96
-10.93 -137.4
1.55 -177.34
-9.04 -127.46
5.09 -152.56
20.53 -145.94
21.02 -119.74
9.33 -131.46
11.13 -87.49
20.24 -94.32
6.31 -132.19
-5.99 -155.07
9.14 -130.52
11.69 -92.28
-4.78 -130.31
23.08 -129.6
8.69 -145.93
-5.96 -113.43
-6.39 -124.75
3.89 -136.0
-9.77 -141.52
10.21 -162.19
19.56 -112.8
17.68 -136.07
-7.32 -105.47
6.5 -147.94
-8.12 -111.94
5.2 -180.44
7.35 -146.7
17.11 -136.8
10.83 -106.32
-7.02 -126.4
5.09 -118.47
11.76 -117.15
-3.93 -173.0
23.23 -122.88
0.8 -128.86
8.28 -173.06
-2.43 -144.23
23.04 -116.66
15.12 -111.53
10.77 -158.95
12.12 -108.83
16.35 -136.24
14.05 -146.86
15.22 -136.54
13.46 -109.14
-0.38 -180.2
-0.83 -161.93
-6.21 -169.0
22.63 -97.96
10.12 -97.62
11.75 -143.51
5.41 -142.65
-10.58 -139.69
-10.79 -133.58
4.55 -188.76
-1.75 -150.57
17.01 -119.16
22.07 -106.01
10.12 -178.22
14.21 -131.37
19.81 -119.09
0.17 -139.51
-4.35 -87.32
18.28 -155.85
0.41 -126.19
-2.0 -120.96
13.05 -150.15
1.29 -138.41
-5.28 -157.41
16.28 -147.47
-1.19 -152.96
8.61 -125.92
7.16 -125.97
23.9 -132.81
4.37 -181.09
3.65 -156.85
5.39 -151.39
-10.81 -187.08
15.69 -101.97
-10.17 -162.43
-6.73 -190.16
19.34 -143.02
2.37 -191.48
23.11 -129.94
24.52 -121.59
-8.78 -155.01
-0.72 -128.66
15.92 -118.31
21.82 -146.22
-3.22 -154.35
6.4 -103.14
8.89 -131.59
-6.7 -144.42
21.47 -61.65
4.11 -156.77
-8.68 -142.86
3.02 -153.16
-7.98 -178.4
15.41 -107.84
-7.27 -172.51
17.95 -152.89
19.74 -97.79
3.42 -141.45
8.79 -143.77
-7.56 -109.37
5.23 -105.64
-5.27 -170.04
13.84 -141.99
-0.04 -159.29
3.5 -138.45
9.37 -106.6
13.95 -138.77
13.09 -129.04
24.58 -132.37
-10.43 -181.57
-2.17 -113.98
11.28 -113.4
-7.24 -159.34
4.97 -127.56
9.19 -124.22
20.13 -139.1
-2.53 -142.59
-6.48 -204.28
24.21 -96.99
-10.01 -164.55
8.4 -141.53
-11.95 -170.56
-7.77 -142.69
15.95 -103.38
24.33 -165.91
6.5 -130.49
13.78 -126.59
-5.37 -94.45
15.74 -129.17
3.65 -134.99
24.22 -84.34
-1.81 -134.57
24.27 -164.37
23.07 -120.16
9.79 -149.19
18.25 -107.99
10.63 -117.54
16.64 -164.72
-4.75 -182.67
23.56 -72.78
11.68 -136.13
23.86 -139.58
13.2 -146.75
15.55 -75.49
18.81 -90.14
12.81 -111.24
-10.17 -139.26
-5.49 -132.64
-7.04 -150.08
19.3 -86.65
2.74 -165.29
3.36 -153.1
9.79 -157.79
-2.2 -112.71
23.21 -142.23
16.93 -138.5
-3.74 -143.37
3.86 -125.05
23.82 -195.36
2.15 -50.53
-0.36 -130.71
-9.06 -141.32
24.69 -128.15
-5.52 -195.76
21.23 -122.33
13.79 -151.46
-5.67 -166.41
15.26 -105.19
-9.59 -170.28
-11.24 -151.53
20.27 -110.2
24.43 -87.92
10.49 -150.05
22.83 -138.54
-10.5 -149.59
-11.11 -171.75
-8.33 -153.29
4.13 -145.91
3.79 -170.28
-8.99 -160.36
-3.47 -138.85
-2.62 -130.26
21.82 -107.43
-6.79 -159.9
11.04 -160.0
14.12 -130.58
2.14 -142.85
15.52 -157.33
1.01 -165.42
24.33 -72.32
-11.6 -127.84
8.51 -79.78
0.8 -168.62
23.57 -136.42
6.61 -102.62
-11.58 -134.45
-5.67 -152.92
0.73 -160.13
6.77 -113.46
-9.74 -184.6
11.53 -154.23
-5.77 -134.55
-0.92 -120.34
5.57 -146.98
-9.21 -181.07
-7.15 -141.83
-1.89 -141.7
-9.66 -185.35
5.64 -155.57
21.82 -160.28
12.83 -136.87
1.57 -129.63
15.36 -113.52
24.0 -133.7
0.5 -166.91
4.35 -141.72
10.37 -133.16
-9.17 -150.25
3.2 -154.21
11.49 -155.17
20.09 -88.57
4.34 -120.14
20.2 -110.21
13.95 -132.95
1.01 -187.21
-0.71 -150.4
24.89 -114.75
12.95 -147.61
-3.48 -167.0
-0.13 -147.73
19.36 -149.73
-4.65 -117.66
-11.37 -186.95
-8.7 -166.07
-3.65 -178.32
-8.08 -151.5
-11.39 -138.15
24.39 -98.72
16.7 -141.59
10.11 -129.37
23.24 -143.98
24.06 -119.6
-0.48 -126.03
-2.2 -141.64
-3.48 -156.57
4.61 -113.3
7.5 -158.11
-3.32 -138.09
-8.43 -184.25
0.51 -205.58
1.59 -167.08
-8.41 -89.82
20.93 -141.55
13.44 -122.55
-7.56 -179.1
-3.97 -114.95
-8.34 -157.85
-6.16 -153.46
0.9 -153.16
14.05 -195.09
12.76 -118.83
23.34 -177.57
18.7 -103.49
7.17 -142.15
13.24 -142.98
9.9 -147.1
-9.09 -119.64
-9.43 -165.02
15.46 -165.08
-5.36 -126.59
12.41 -109.47
10.8 -139.32
-8.02 -142.71
-5.84 -118.84
-6.99 -134.66
6.27 -153.47
-10.24 -155.69
-10.62 -146.14
2.68 -107.96
23.83 -163.38
10.44 -116.12
14.95 -100.38
19.44 -156.19
15.23 -135.75
6.65 -171.82
16.19 -91.07
23.69 -115.57
15.67 -146.29
-1.07 -152.42
13.99 -103.77
3.57 -148.95
6.59 -147.02
-2.1 -169.24
20.58 -76.83
16.38 -118.04
7.81 -158.3
-7.38 -152.35
-1.52 -103.35
-1.36 -129.07
5.1 -117.49
4.86 -125.64
22.06 -143.92
-11.95 -174.02
-11.85 -150.27
-1.77 -173.71
3.15 -132.49
-9.48 -196.94
-11.48 -194.95
24.73 -112.99
-8.99 -125.39
17.48 -156.91
4.96 -177.22
20.86 -88.74
-0.03 -157.1
3.47 -176.76
-4.13 -130.34
-4.26 -144.68
23.4 -124.27
16.41 -102.78
13.95 -171.9
-11.14 -152.3
-1.38 -156.71
19.95 -152.95
-4.57 -173.26
-11.98 -142.89
4.15 -95.68
17.48 -108.61
-0.05 -166.99
-5.62 -98.82
0.58 -147.48
-3.19 -180.08
17.9 -107.61
3.59 -149.46
1.6 -145.76
20.59 -153.18
12.07 -116.52
-9.34 -148.08
-1.55 -149.31
9.59 -126.69
-3.23 -126.46
-11.2 -163.77
-4.6 -169.35
17.35 -140.86
7.74 -136.56
23.27 -144.81
-0.43 -162.07
14.92 -172.82
9.76 -144.23
17.84 -93.79
-7.95 -146.93
6.09 -115.52
8.72 -142.92
22.19 -134.75
-9.79 -146.56
-8.1 -135.91
7.26 -108.72
-8.16 -211.89
20.72 -153.35
-0.91 -120.15
-10.52 -163.32
-6.96 -141.35
22.74 -132.93
-8.79 -162.53
15.55 -135.98
-7.6 -80.63
24.05 -139.87
0.99 -137.35
8.83 -134.37
-5.73 -141.41
-10.62 -142.75
7.29 -126.97
-4.95 -127.84
14.89 -69.68
-8.76 -143.42
1.01 -123.86
9.77 -160.29
10.13 -157.12
-3.51 -195.06
-8.34 -183.51
22.07 -106.61
1.82 -197.96
0.1 -156.93
13.2 -133.21
9.91 -95.0
18.91 -167.63
-8.16 -113.65
4.06 -116.2
12.42 -110.33
-1.31 -151.13
-5.53 -198.97
12.56 -135.66
2.9 -152.8
2.21 -140.42
-7.07 -151.31
2.78 -111.44
-4.93 -134.39
11.45 -95.84
14.71 -131.13
7.9 -126.4
8.19 -134.52
1.22 -141.56
-2.08 -115.43
22.61 -103.4
16.61 -122.67
2.26 -106.04
7.45 -123.4
5.95 -185.97
16.69 -147.67
15.15 -128.52
23.99 -65.91
11.57 -116.19
17.88 -152.28
-0.24 -142.55
9.37 -131.47
20.11 -156.8
-0.68 -179.68
13.8 -113.37
-5.73 -123.95
-8.85 -130.22
-6.42 -179.27
0.71 -121.35
24.26 -113.23
4.21 -150.84
21.24 -160.77
-10.51 -141.8
13.63 -127.77
6.74 -161.84
18.47 -96.24
13.08 -111.32
-11.97 -138.65
5.32 -88.78
-8.52 -128.68
2.51 -149.05
-0.15 -155.69
13.06 -141.05
19.41 -146.31
19.0 -104.72
4.45 -111.74
-6.06 -139.19
16.68 -115.61
-3.13 -161.23
6.63 -118.42
9.72 -152.83
-2.15 -141.79
10.45 -158.42
2.47 -132.79
23.34 -140.59
-4.99 -177.48
4.45 -164.64
6.59 -120.56
24.38 -154.07
-8.74 -124.02
21.07 -79.36
8.73 -140.68
-5.97 -143.46
-5.43 -163.21
16.12 -138.77
10.84 -120.6
16.77 -163.08
18.82 -135.28
-10.29 -171.09
8.86 -183.09
-9.4 -156.96
14.61 -149.62
-9.66 -128.0
21.86 -114.08
-6.16 -140.02
12.15 -128.76
0.24 -154.55
24.8 -102.3
14.36 -143.96
-11.7 -174.62
0.33 -142.66
12.66 -103.2
-7.2 -205.04
21.59 -114.74
-9.99 -127.44
20.92 -118.94
-11.01 -138.57
14.09 -136.08
0.21 -184.84
23.67 -128.26
22.4 -128.3
12.08 -148.88
23.08 -116.35
1.37 -126.43
3.75 -156.13
0.74 -122.87
23.66 -169.25
11.8 -159.76
9.94 -132.65
4.97 -180.54
19.63 -142.44
-6.27 -142.9
-5.68 -113.95
-11.65 -201.6
1.14 -159.56
12.44 -163.86
-0.4 -107.29
-5.98 -123.75
3.21 -134.88
16.08 -134.79
3.08 -108.57
11.83 -120.11
19.68 -56.11
22.08 -123.62
-3.63 -107.98
19.48 -111.98
0.08 -139.17
-3.67 -160.01
8.28 -111.14
-4.4 -117.53
10.48 -130.91
11.21 -131.38
4.21 -134.17
-3.59 -150.15
22.2 -123.79
17.59 -134.83
-11.36 -223.07
17.34 -126.26
22.97 -156.66
15.84 -128.37
-7.32 -102.5
5.97 -126.62
-9.02 -120.05
21.19 -113.94
10.39 -134.18
-8.86 -174.61
9.44 -149.58
11.73 -140.37
-10.49 -160.24
13.7 -121.05
15.46 -164.27
0.04 -140.05
10.75 -139.67
1.17 -161.61
20.15 -132.35
18.94 -129.11
-2.71 -176.04
18.36 -148.69
-10.16 -115.64
10.76 -138.3
23.1 -142.83
-8.58 -120.99
-3.77 -124.53
11.18 -132.86
5.31 -137.15
-3.85 -177.24
3.02 -158.63
10.81 -115.3
-8.51 -148.02
-6.13 -166.3
-1.33 -144.71
15.69 -142.49
20.07 -152.88
17.0 -147.61
-4.54 -114.95
18.39 -122.77
9.5 -146.41
0.97 -122.73
4.63 -163.94
16.84 -95.61
16.45 -129.69
-9.06 -164.77
8.55 -168.74
-2.56 -154.63
-6.98 -164.78
20.39 -126.76
14.8 -66.6
-6.05 -179.89
3.16 -113.53
8.47 -102.0
-8.18 -171.68
11.72 -107.63
16.79 -99.02
-7.12 -157.24
-7.16 -127.24
-10.94 -182.03
-1.63 -154.02
4.37 -117.88
21.85 -140.15
-4.16 -147.75
-6.14 -119.37
15.52 -106.96
-9.3 -181.29
-2.59 -111.14
21.79 -135.08
-8.0 -174.78
15.63 -178.11
21.31 -158.01
14.9 -114.71
19.82 -109.27
-5.01 -150.73
2.87 -137.98
-0.74 -126.05
24.61 -113.83
10.57 -115.87
-5.07 -124.91
-11.67 -180.76
-5.67 -167.82
1.37 -147.23
-2.44 -167.1
-0.72 -135.51
-5.99 -99.58
-8.07 -127.7
7.86 -115.09
3.46 -132.04
-1.39 -116.96
22.43 -137.33
9.54 -129.65
-8.14 -158.91
24.44 -130.58
9.51 -158.73
1.21 -137.96
9.85 -117.59
4.87 -133.11
-4.36 -174.95
1.51 -171.68
-9.74 -115.6
-8.53 -165.11
16.7 -185.94
10.74 -98.29
14.94 -167.9
10.77 -132.27
17.76 -116.89
-1.36 -133.71
19.72 -126.04
18.83 -141.54
2.72 -143.68
-8.22 -162.86
16.66 -119.46
-2.27 -122.85
-4.63 -181.57
1.11 -137.39
5.31 -193.52
21.19 -93.61
1.55 -142.45
15.78 -146.56
-6.39 -180.78
-10.36 -110.83
7.24 -141.24
4.28 -142.88
-3.11 -130.35
12.19 -126.27
19.07 -146.93
-6.06 -162.78
16.91 -119.36
8.35 -168.13
13.95 -144.48
16.15 -79.32
20.46 -106.83
3.67 -109.1
-10.16 -120.48
3.68 -155.37
-2.26 -145.19
15.25 -118.81
-2.41 -161.26
-2.25 -92.56
0.43 -110.42
-10.16 -192.11
-2.54 -149.62
-4.04 -156.95
-0.47 -165.77
22.65 -118.19
-0.35 -137.91
5.08 -156.0
-0.23 -147.91
5.42 -116.05
24.84 -128.37
6.12 -113.94
6.34 -95.5
-8.01 -150.75
-8.86 -145.67
14.5 -78.24
-1.24 -126.26
14.53 -154.17
-2.33 -160.02
17.27 -170.23
1.28 -102.32
2.97 -152.11
4.96 -117.4
19.67 -111.64
8.99 -152.26
23.68 -108.52
-6.3 -145.4
7.5 -124.72
3.8 -149.7
-8.28 -132.51
-6.82 -143.89
19.62 -132.02
-1.2 -124.59
9.64 -114.14
12.53 -145.05
11.14 -117.51
14.62 -129.65
19.42 -129.65
-6.44 -144.1
-9.82 -130.86
8.54 -153.72
22.98 -106.53
2.08 -116.77
4.81 -177.48
-8.14 -108.53
3.54 -141.73
-3.52 -131.14
23.95 -102.18
22.87 -167.51
10.87 -120.56
-7.43 -102.78
17.44 -140.38
7.13 -75.87
6.66 -94.29
5.64 -171.67
1.0 -99.67
-7.83 -143.95
20.34 -98.35
16.47 -148.56
12.45 -152.64
14.24 -169.98
21.78 -150.08
4.51 -161.45
-2.92 -167.31
23.04 -143.06
14.9 -140.97
-9.12 -169.92
3.99 -153.09
6.43 -129.15
12.57 -152.52
-11.65 -147.9
14.78 -182.68
-5.91 -128.49
21.01 -98.54
-6.26 -129.76
-7.84 -117.04
5.35 -120.2
11.47 -155.54
20.57 -118.57
10.4 -108.7
0.17 -123.22
17.36 -150.91
0.88 -143.43
4.48 -148.93
-9.61 -131.1
-5.38 -107.63
17.04 -169.85
7.19 -148.56
-5.36 -174.72
-0.2 -167.95
-4.91 -116.77
5.44 -156.95
5.91 -122.73
2.26 -152.63
-5.59 -216.3
1.6 -142.34
9.27 -88.19
17.73 -107.58
-7.5 -177.41
-7.87 -118.43
-9.89 -187.75
19.39 -130.94
-8.92 -168.31
3.53 -170.59
-9.05 -150.51
18.71 -147.97
-2.58 -135.29
7.21 -158.71
7.7 -187.89
4.97 -108.1
20.5 -98.31
13.7 -170.99
-11.38 -167.03
-7.39 -134.39
3.77 -113.0
20.02 -146.7
-2.2 -107.56
13.52 -124.85
12.33 -117.75
0.4 -158.54
18.07 -103.39
-8.72 -107.93
9.1 -147.66
-4.92 -119.95
-11.24 -173.11
-0.88 -132.32
-6.54 -160.08
16.43 -130.19
23.68 -100.45
3.77 -163.13
12.18 -126.84
5.2 -137.18
-9.84 -137.34
16.76 -138.02
16.04 -152.41
21.8 -201.43
24.51 -99.91
-6.52 -178.12
20.33 -150.17
13.94 -153.86
7.29 -160.55
21.69 -106.63
7.71 -120.3
22.52 -200.73
1.34 -150.56
17.41 -121.79
-11.19 -143.3
-10.01 -197.88
-9.41 -124.22
-6.7 -161.01
9.42 -166.87
-8.84 -122.91
24.49 -131.71
5.76 -148.26
-5.47 -137.25
0.98 -143.65
-4.07 -172.26
16.78 -132.45
15.71 -132.7
-0.78 -125.19
-4.84 -106.18
15.9 -140.73
-11.53 -193.96
18.95 -81.64
11.91 -140.79
19.68 -127.45
-0.74 -148.08
22.56 -146.53
-9.53 -158.1
-11.34 -182.0
22.33 -86.74
-6.05 -128.57
8.81 -127.87
-0.74 -139.79
-1.95 -144.14
11.77 -99.37
-11.01 -153.92
2.32 -156.07
9.09 -136.04
21.41 -122.12
-6.0 -198.63
11.04 -97.14
10.42 -143.57
4.98 -93.84
15.49 -142.8
14.87 -127.26
-1.05 -97.1
22.46 -125.39
-9.66 -140.92
20.79 -86.75
8.98 -136.55
-5.46 -145.6
-3.27 -176.6
-7.58 -136.92
15.33 -85.06
21.87 -99.59
1.87 -132.76
11.7 -131.24
18.89 -92.74
18.89 -131.34
-11.52 -160.31
16.47 -115.53
18.96 -160.05
24.46 -111.83
-0.28 -128.01
13.11 -121.87
-0.79 -159.32
22.8 -127.69
-3.97 -116.26
-2.59 -116.26
8.44 -117.14
-5.2 -179.79
5.74 -146.31
5.78 -148.58
-0.23 -136.42
20.73 -137.48
-10.61 -102.74
20.48 -89.23
5.1 -144.17
-7.95 -178.43
11.15 -90.13
7.36 -139.51
6.22 -133.94
-4.21 -108.08
8.19 -138.53
15.59 -117.26
-2.53 -148.07
16.56 -140.08
21.6 -145.36
-9.65 -137.37
-4.28 -141.45
6.03 -140.87
