13.63 1421.52
-5.8 1133.68
-5.43 1155.45
20.9 1519.26
0.18 1252.65
-0.29 1246.99
-7.14 1087.99
1.06 1200.25
11.41 1430.39
8.97 1362.45
22.48 1555.11
-9.22 1098.01
-6.05 1173.13
16.23 1465.3
-2.69 1192.98
-8.64 1109.43
-2.45 1192.55
21.77 1562.14
-5.28 1145.03
5.1 1311.37
0.63 1241.54
15.66 1447.92
-8.62 1121.95
-7.88 1107.4
15.86 1422.22
10.27 1332.55
16.28 1437.69
-1.74 1214.45
-11.8 1034.29
-6.36 1122.22
-11.69 1054.09
-10.59 1086.84
19.87 1565.49
10.14 1350.92
-0.52 1222.77
4.7 1269.71
20.64 1548.24
16.08 1474.1
20.49 1520.21
-10.58 1077.86
-11.22 1072.85
20.68 1523.95
1.76 1211.19
14.03 1441.73
-6.89 1096.58
21.74 1519.82
23.44 1587.42
-7.98 1118.08
13.92 1416.95
23.47 1579.82
14.27 1458.4
2.45 1281.47
9.6 1387.24
22.59 1544.59
-3.71 1193.59
1.31 1254.61
20.2 1506.6
-3.81 1178.86
-0.23 1194.49
-2.97 1200.25
11.54 1386.18
0.31 1209.53
-11.33 1043.58
21.39 1505.72
-9.36 1080.95
8.26 1353.54
2.5 1249.91
-5.86 1144.25
14.71 1488.56
11.78 1386.7
24.78 1595.35
6.37 1334.17
-7.36 1098.71
-0.96 1224.78
5.76 1287.37
-7.17 1137.89
9.26 1363.59
-10.49 1060.29
11.04 1351.05
15.21 1422.15
-11.67 1062.8
2.92 1243.78
10.69 1450.99
2.59 1280.54
-1.96 1181.06
4.43 1289.08
4.97 1301.45
1.81 1199.45
18.17 1518.26
8.96 1395.35
-3.15 1188.85
23.08 1582.21
21.44 1504.33
8.08 1350.37
0.11 1216.55
9.22 1390.41
13.72 1421.34
12.85 1408.62
-11.2 1082.24
13.79 1445.58
0.54 1300.91
11.15 1432.99
16.61 1481.17
17.38 1494.39
18.45 1560.01
-8.26 1107.58
2.65 1278.33
0.01 1217.14
0.64 1255.39
-1.91 1201.69
-11.96 1090.2
23.29 1589.54
4.7 1316.75
-6.6 1140.56
9.45 1385.41
-4.91 1178.12
-2.71 1191.85
7.56 1306.49
16.67 1439.05
22.81 1611.8
8.19 1364.13
3.24 1287.83
-2.98 1170.16
5.78 1331.36
15.55 1458.6
3.17 1289.83
24.57 1624.37
-4.7 1142.24
19.6 1565.47
24.59 1600.96
20.3 1516.23
24.69 1610.0
-1.3 1227.4
22.85 1557.75
-1.76 1166.14
22.95 1549.33
-1.36 1222.93
-9.9 1077.23
-10.52 1098.7
9.82 1409.58
17.32 1478.14
-11.21 1021.45
-8.04 1126.8
23.04 1585.69
12.85 1412.92
5.22 1298.49
9.81 1383.74
7.06 1367.17
23.97 1596.66
-1.58 1183.24
17.46 1478.47
3.07 1262.2
4.16 1291.46
-8.27 1068.86
-6.32 1107.99
1.73 1291.96
21.43 1552.04
8.87 1373.56
8.8 1326.35
21.81 1546.28
4.66 1299.23
15.92 1461.32
11.74 1431.35
-0.18 1228.43
7.97 1333.54
-4.42 1170.67
11.24 1420.93
22.71 1614.78
8.74 1364.99
4.94 1299.7
-1.79 1200.86
-8.41 1110.54
3.4 1265.51
1.38 1282.39
3.19 1267.11
16.1 1427.7
7.41 1384.88
10.41 1443.62
21.68 1554.43
-3.04 1211.53
24.08 1606.33
8.17 1393.33
0.63 1257.22
6.29 1344.48
18.64 1444.28
16.03 1530.64
-11.08 1080.48
-0.67 1197.15
17.75 1503.59
-11.48 1041.95
2.42 1288.26
14.79 1501.15
-5.64 1153.19
12.77 1372.59
21.21 1525.17
19.77 1519.31
1.74 1279.57
12.82 1379.76
-9.61 1055.97
20.94 1549.54
15.71 1463.2
1.76 1236.3
7.45 1365.85
15.97 1489.54
23.05 1577.71
1.94 1229.3
0.31 1265.25
21.57 1582.27
15.98 1460.73
-1.68 1182.9
-0.57 1208.58
23.5 1581.52
-10.57 1065.9
-4.95 1114.73
9.97 1371.11
21.42 1523.61
16.17 1502.04
-5.49 1144.21
8.47 1374.39
-7.25 1102.53
-9.88 1103.89
-7.11 1121.84
17.03 1512.87
18.97 1524.2
-7.98 1116.99
-10.05 1116.28
17.11 1489.81
12.06 1431.64
-10.65 1104.36
23.58 1571.16
14.73 1409.62
-2.33 1214.97
1.74 1239.94
2.6 1258.42
-6.12 1150.03
-1.51 1179.76
1.65 1231.58
21.86 1563.14
-2.98 1176.13
-10.52 1113.57
20.78 1548.25
3.58 1279.36
9.0 1423.97
19.16 1562.94
15.29 1443.11
9.63 1353.57
17.53 1481.24
-8.95 1096.51
23.12 1560.73
-3.03 1188.37
14.26 1415.61
4.12 1241.5
-0.06 1222.83
0.63 1174.37
0.52 1234.97
14.99 1466.5
-4.46 1166.58
-4.6 1167.48
-8.84 1089.9
19.4 1563.84
2.61 1229.93
-0.21 1228.37
2.25 1268.54
11.73 1433.04
-0.28 1206.22
8.03 1334.81
-0.41 1232.53
12.44 1454.74
15.33 1483.19
18.52 1512.5
1.19 1255.07
-2.56 1183.45
-11.5 1034.05
-3.69 1178.8
17.1 1515.53
0.53 1273.07
-9.71 1104.5
14.43 1423.7
23.9 1586.0
-4.43 1161.64
24.18 1601.88
6.47 1288.78
-3.38 1164.21
23.48 1542.43
0.42 1215.94
23.68 1612.58
3.54 1242.67
-2.43 1208.15
1.78 1292.85
-6.74 1107.41
7.15 1340.37
10.49 1391.86
-0.38 1249.48
8.62 1350.69
13.34 1401.34
23.79 1582.9
21.37 1570.67
15.74 1491.11
2.45 1283.29
-1.15 1201.07
-2.22 1164.17
4.38 1294.3
-10.38 1080.72
-7.73 1117.74
24.87 1592.01
23.84 1573.47
7.87 1363.86
24.14 1593.3
4.95 1302.17
15.75 1456.68
24.19 1630.48
23.65 1642.11
-10.02 1102.41
5.6 1312.02
13.81 1452.01
12.4 1426.9
10.22 1395.99
-9.2 1108.99
18.1 1466.73
-9.7 1041.9
22.61 1567.32
-11.44 1079.7
15.63 1470.01
13.88 1444.64
5.51 1372.09
16.43 1514.03
12.73 1391.05
5.61 1317.72
6.77 1322.91
15.58 1432.22
5.95 1327.37
-8.84 1145.74
3.69 1276.36
-4.67 1176.26
22.78 1567.9
6.86 1338.91
11.34 1369.8
18.02 1504.21
-3.2 1182.8
-2.31 1220.58
0.21 1243.9
6.86 1333.29
-4.31 1164.36
21.34 1480.26
0.88 1244.83
-2.35 1207.46
18.52 1525.4
6.84 1362.79
-5.14 1150.2
3.26 1294.02
14.76 1441.42
20.16 1580.66
6.7 1348.21
5.33 1309.48
6.68 1331.55
24.38 1583.18
3.36 1265.42
18.79 1520.44
-11.0 1050.44
2.49 1247.73
-2.34 1201.34
-2.81 1179.15
-6.01 1160.42
-6.64 1101.67
16.4 1462.19
21.0 1521.03
4.15 1256.56
20.63 1548.33
23.54 1581.84
18.5 1466.68
-0.75 1267.18
8.86 1318.73
-8.18 1152.4
0.06 1271.02
23.12 1574.61
-9.51 1053.41
24.7 1613.48
13.11 1421.31
11.65 1403.53
8.96 1386.08
-1.74 1186.29
0.06 1221.11
14.63 1452.77
21.37 1580.53
4.05 1292.35
7.09 1308.65
-8.75 1048.15
0.54 1258.97
6.57 1311.88
-7.24 1115.17
17.19 1448.89
-0.93 1191.25
6.23 1335.1
18.57 1498.4
-7.53 1074.23
-5.43 1175.87
-9.72 1153.96
17.99 1545.05
1.97 1277.04
12.12 1416.92
24.25 1557.48
14.18 1414.49
10.96 1412.34
14.58 1446.27
-7.48 1160.8
-4.43 1181.36
14.3 1459.55
20.09 1468.62
-6.29 1088.84
8.33 1320.71
2.14 1226.77
8.28 1335.69
14.82 1434.85
13.09 1449.71
9.65 1387.03
4.06 1256.55
-7.7 1122.78
-3.42 1174.78
-8.33 1097.64
23.34 1570.24
6.92 1333.58
-5.25 1151.65
23.72 1661.74
-6.45 1147.48
7.3 1358.98
7.77 1331.66
12.49 1354.93
5.98 1306.53
12.03 1426.63
20.33 1554.89
15.73 1414.56
13.39 1434.05
-5.69 1157.79
-8.67 1107.36
18.27 1441.04
-8.03 1084.79
-4.03 1191.62
-11.9 1045.29
11.58 1374.38
11.0 1359.47
24.59 1633.13
15.21 1447.16
4.41 1291.8
19.85 1529.67
-5.12 1192.61
1.62 1296.13
21.77 1556.77
4.73 1314.05
17.05 1522.59
1.22 1232.22
15.57 1464.79
-1.76 1200.17
14.22 1427.91
14.55 1434.8
-3.14 1210.0
6.96 1356.13
-6.17 1126.0
20.75 1569.24
22.08 1546.98
18.32 1504.25
-9.31 1071.79
-7.88 1093.33
16.99 1506.48
-4.27 1205.76
-11.85 1031.51
1.92 1253.81
15.82 1428.83
10.1 1422.08
9.75 1406.32
-3.62 1180.24
4.69 1285.7
0.46 1255.17
-7.37 1110.3
9.79 1382.95
16.75 1492.93
-10.72 1054.51
6.06 1337.03
16.67 1486.72
-0.38 1248.3
-5.91 1144.23
-10.19 1085.16
3.7 1326.06
-7.99 1129.36
18.32 1498.48
14.38 1416.31
-8.51 1123.3
13.7 1473.4
-5.16 1121.62
-2.53 1151.8
-10.19 1088.03
-5.26 1171.82
-4.64 1087.21
18.21 1478.66
9.26 1439.09
18.02 1492.3
12.82 1417.83
15.51 1500.29
22.84 1518.26
17.59 1465.92
6.19 1328.31
4.35 1316.99
-3.39 1176.45
-2.25 1190.51
8.12 1372.42
-0.45 1180.78
10.21 1418.35
-7.6 1038.18
19.5 1527.68
-2.96 1187.14
6.89 1340.0
17.47 1493.24
21.93 1594.12
-5.88 1161.86
8.06 1351.61
13.09 1385.79
23.41 1589.51
20.85 1523.8
9.88 1358.95
1.8 1245.92
9.36 1358.59
-3.17 1184.9
-2.03 1225.33
-1.86 1224.91
20.01 1520.96
13.37 1456.71
7.41 1313.05
9.0 1349.19
1.05 1176.77
-4.73 1164.6
-10.85 1058.9
3.24 1325.43
3.86 1300.02
-9.26 1117.67
21.26 1581.08
3.76 1293.24
-11.67 1071.93
19.27 1486.13
-0.02 1235.43
11.1 1369.07
4.12 1286.94
-0.7 1229.06
-3.91 1176.19
3.8 1286.27
9.99 1386.81
-3.98 1223.26
16.6 1449.89
-11.08 1077.2
20.76 1542.01
17.6 1474.89
-9.06 1079.13
-2.85 1183.02
-6.94 1124.71
-8.01 1122.5
-5.5 1188.79
23.97 1567.42
12.13 1399.79
-2.57 1209.77
21.96 1500.03
7.95 1339.65
-4.68 1183.73
17.84 1489.54
12.39 1379.83
11.76 1400.69
0.58 1244.08
9.56 1324.24
22.54 1585.02
-4.26 1161.57
-6.65 1127.15
-9.45 1079.28
11.08 1380.34
13.77 1434.0
-6.82 1086.87
-10.54 1102.05
21.26 1533.65
-0.81 1200.28
6.31 1370.74
14.93 1428.66
5.23 1286.63
11.13 1381.48
-6.0 1162.66
8.05 1327.16
22.69 1513.99
-5.93 1097.13
-8.22 1116.52
-10.46 1071.05
-7.2 1140.65
8.37 1347.55
-1.92 1208.73
15.94 1443.51
14.19 1459.8
11.77 1406.74
6.68 1331.8
-11.94 1054.88
-8.23 1102.58
10.14 1433.94
2.4 1243.54
-5.6 1126.82
4.85 1290.45
20.03 1491.23
21.91 1546.59
-3.43 1192.64
-8.44 1091.32
9.57 1318.81
-6.62 1142.1
-11.02 1062.29
4.06 1281.5
17.58 1490.49
4.48 1303.77
21.08 1533.74
2.7 1278.26
-10.72 1056.82
14.72 1505.72
-0.07 1227.1
17.27 1486.08
21.38 1557.54
9.51 1345.51
14.38 1438.81
-2.82 1148.92
-9.16 1070.91
20.35 1532.61
4.03 1289.94
21.2 1572.04
1.87 1308.69
-10.61 1102.72
17.59 1505.0
3.69 1289.02
13.45 1427.3
-6.49 1166.35
8.77 1364.23
2.01 1299.29
14.84 1461.55
4.48 1275.94
17.12 1518.84
9.32 1390.82
0.23 1235.58
-9.72 1105.75
16.55 1466.53
22.73 1566.89
12.46 1436.47
15.72 1448.81
7.14 1334.23
-5.24 1098.95
-5.74 1127.73
14.01 1467.77
21.79 1553.04
-10.39 1092.59
-7.43 1115.31
-11.38 1079.08
-6.06 1142.84
0.03 1243.72
-0.84 1240.2
-7.92 1140.33
24.62 1549.77
5.17 1276.77
-5.58 1180.74
-0.1 1218.99
-4.84 1146.57
14.46 1434.1
16.73 1514.79
23.2 1543.21
24.91 1603.85
10.19 1417.87
6.83 1304.13
-9.16 1121.59
-4.99 1194.89
7.28 1346.73
11.44 1425.56
2.24 1266.95
-5.16 1174.31
-1.89 1232.27
8.39 1407.88
4.24 1294.09
14.79 1461.37
-5.18 1151.92
14.32 1456.63
-10.79 1078.97
21.53 1546.53
-7.24 1144.62
-11.86 1081.77
9.19 1387.19
24.2 1605.18
0.35 1249.15
9.28 1371.24
15.6 1475.86
-1.78 1216.63
16.89 1514.21
3.82 1270.96
17.31 1476.13
2.18 1277.55
6.51 1333.58
19.01 1544.38
20.93 1543.44
8.97 1359.34
-5.41 1116.77
22.26 1560.7
13.84 1466.69
7.29 1332.98
22.49 1530.02
17.52 1484.76
15.54 1446.99
-2.3 1163.23
19.46 1510.43
-2.46 1204.01
13.57 1451.98
-10.4 1049.43
-5.5 1156.51
21.8 1573.5
22.95 1604.48
13.76 1403.58
-6.62 1131.51
13.23 1438.98
-6.01 1120.45
7.09 1311.38
8.61 1336.02
6.99 1310.64
-9.08 1098.03
5.06 1337.5
24.01 1533.98
20.28 1530.61
-9.81 1109.79
22.01 1602.5
18.84 1532.1
1.42 1253.65
-4.49 1172.82
-7.58 1116.34
4.1 1325.39
-6.29 1128.1
4.36 1254.67
16.58 1466.43
9.29 1339.39
19.86 1539.13
-0.35 1198.28
-11.8 1083.39
7.74 1379.29
22.27 1566.45
7.29 1375.02
7.78 1343.42
23.95 1637.26
0.75 1227.13
8.23 1349.63
-2.88 1186.4
23.8 1596.41
-0.51 1179.41
-3.45 1206.82
-2.34 1200.26
7.91 1312.14
-3.36 1159.16
1.96 1278.9
-3.79 1208.98
-11.63 1044.97
4.8 1323.78
7.86 1339.96
-7.55 1163.49
14.95 1411.72
11.48 1369.49
4.77 1284.56
22.8 1593.46
23.58 1572.35
-8.33 1089.03
19.76 1544.45
23.97 1582.04
18.93 1548.58
15.11 1453.55
-1.22 1209.48
-6.66 1134.09
21.05 1531.94
3.16 1300.33
3.82 1313.96
21.69 1534.32
24.62 1564.6
-6.02 1144.46
-2.33 1167.42
16.83 1469.68
-2.51 1164.84
-1.06 1209.22
18.48 1518.15
11.18 1418.72
-8.14 1085.76
-6.13 1136.22
8.44 1374.21
9.44 1345.63
-0.19 1231.31
23.79 1592.05
7.95 1313.85
23.12 1544.82
-11.11 1053.48
14.99 1456.07
16.89 1516.99
18.88 1511.71
12.99 1394.27
-5.91 1116.65
20.49 1588.54
24.68 1668.86
5.13 1344.13
16.63 1485.39
17.42 1508.52
12.09 1394.69
23.46 1618.72
-9.86 1080.62
15.9 1448.88
2.18 1257.51
12.61 1397.22
19.44 1487.41
-0.39 1225.16
23.33 1589.05
-9.07 1102.71
17.51 1494.02
-0.22 1255.04
10.24 1353.39
9.55 1414.88
-7.02 1133.24
15.78 1422.86
17.68 1507.99
19.89 1572.17
-2.15 1230.52
12.44 1433.67
1.62 1271.1
2.33 1240.09
20.77 1575.03
-5.81 1170.82
13.74 1436.85
8.66 1381.02
3.61 1250.16
17.73 1503.89
17.6 1518.12
4.93 1281.24
10.1 1387.28
-4.64 1166.91
3.4 1263.49
19.28 1519.33
-10.7 1056.26
1.73 1234.96
-8.09 1084.46
13.94 1446.36
-2.4 1199.36
20.23 1547.31
6.67 1350.53
-10.34 1061.46
24.92 1627.84
23.26 1597.0
1.99 1251.21
-0.2 1202.69
6.76 1362.18
-7.63 1104.0
17.14 1518.6
4.75 1361.73
22.43 1573.17
11.53 1401.91
6.33 1328.74
-10.05 1037.7
-9.88 1097.05
14.02 1450.18
-3.37 1181.28
14.61 1467.49
-2.22 1173.34
-8.52 1110.4
20.6 1582.62
0.98 1249.88
17.04 1472.8
14.53 1427.56
-7.17 1142.23
1.03 1233.54
-10.06 1064.16
13.81 1429.18
8.27 1355.87
2.96 1266.31
3.82 1335.19
-6.7 1101.88
-11.93 1057.46
7.77 1342.45
13.54 1451.38
17.7 1489.89
24.56 1576.24
3.7 1305.46
9.06 1328.67
13.62 1410.51
2.45 1313.18
24.01 1544.01
12.22 1429.83
-1.13 1234.22
5.36 1283.05
-1.94 1242.57
1.66 1272.49
20.11 1567.78
17.98 1502.76
4.1 1303.92
23.77 1578.85
-8.03 1127.88
10.78 1419.1
11.93 1426.16
-5.62 1169.5
9.31 1367.19
-10.63 1070.77
-1.15 1248.3
15.49 1484.23
23.27 1578.43
-10.11 1057.53
4.27 1320.68
10.36 1377.77
11.12 1392.38
16.38 1472.76
17.24 1501.22
2.68 1280.39
1.69 1214.95
23.05 1596.56
1.31 1206.48
6.88 1296.3
-3.69 1120.47
2.42 1272.17
5.63 1327.01
-0.92 1227.41
0.14 1202.96
24.5 1579.36
-4.25 1185.61
0.12 1216.39
-2.13 1205.0
4.72 1263.56
-6.26 1161.4
18.81 1511.1
24.82 1612.26
22.47 1547.68
1.82 1234.37
-9.98 1064.46
13.54 1462.27
16.98 1497.96
18.04 1474.49
7.8 1371.39
-3.4 1166.08
18.43 1510.41
-10.51 1101.04
22.45 1567.51
24.73 1536.8
-1.11 1221.8
11.77 1346.86
-2.19 1216.03
24.7 1638.8
11.29 1370.1
24.75 1601.6
-3.02 1197.15
-2.07 1191.61
14.98 1460.13
7.81 1359.48
24.07 1589.51
-1.21 1226.08
-10.5 1116.67
20.07 1527.0
-6.86 1086.83
14.12 1435.18
10.31 1358.9
-10.3 1070.35
10.16 1350.28
-6.41 1097.91
4.89 1294.98
3.29 1234.12
22.01 1570.97
18.93 1531.41
14.08 1452.22
12.72 1424.9
6.9 1288.92
24.39 1598.06
22.8 1535.82
0.93 1233.68
5.3 1362.33
-3.76 1208.7
-0.81 1242.96
-2.21 1219.69
-11.56 1030.16
22.12 1531.74
-10.09 1118.17
1.41 1288.35
15.87 1433.18
22.87 1568.49
9.7 1411.79
10.74 1411.44
6.31 1350.49
18.52 1524.11
24.36 1583.81
5.17 1327.74
-6.9 1113.59
17.17 1507.98
17.93 1522.79
1.04 1294.54
13.3 1466.48
-3.79 1175.85
6.87 1365.87
14.06 1417.25
21.38 1524.15
23.24 1561.15
5.07 1286.2
0.46 1231.41
-4.2 1157.38
24.29 1545.97
-2.86 1146.99
10.2 1400.55
-1.9 1227.17
7.1 1345.62
0.22 1209.4
4.04 1297.84
22.13 1579.32
6.28 1334.0
