-3.43 1192.64
1.74 1279.57
0.18 747.94
10.5 859.9
2.72 260.6
23.27 1578.43
24.7 344.83
10.78 836.36
-10.05 1037.7
23.75 997.54
-1.45 280.99
22.13 346.39
12.41 -109.47
20.6 1582.62
-4.87 293.6
-0.23 707.48
6.84 1362.79
3.2 -154.21
24.45 385.31
-6.01 1120.45
-0.85 257.18
13.8 921.18
-1.76 1200.17
24.94 1034.78
-9.65 234.0
9.26 1363.59
24.89 -114.75
10.76 -138.3
8.81 870.83
20.36 903.4
-4.38 265.59
7.84 276.13
9.72 -152.83
20.87 963.71
10.24 1353.39
17.72 955.21
-1.3 1227.4
0.65 707.13
14.38 1416.31
24.48 1015.87
-9.9 218.59
24.92 1627.84
18.43 1510.41
-0.78 -125.19
6.91 815.48
19.42 287.96
10.53 329.93
14.12 -130.58
-4.35 -87.32
-6.6 686.99
4.08 291.7
11.73 1433.04
-2.71 -176.04
22.78 987.13
23.11 995.68
20.85 1523.8
1.56 250.45
16.14 940.46
-11.24 602.79
13.09 1385.79
-2.85 1183.02
19.52 368.06
13.17 338.01
-10.06 1064.16
3.82 1335.19
-2.59 746.54
23.74 955.54
11.13 1381.48
15.87 917.6
-6.98 281.2
-11.5 638.86
-7.52 663.51
7.8 1371.39
-5.34 683.09
12.7 -163.8
1.84 283.81
9.34 327.31
13.94 1446.36
-4.91 -116.77
7.78 1343.42
16.37 382.92
-1.89 -141.7
17.92 357.23
-6.97 237.27
22.52 991.49
12.07 -116.52
3.8 1286.27
8.03 1334.81
22.12 365.85
6.33 803.63
-11.73 618.02
5.63 1327.01
-5.82 251.49
17.59 1465.92
22.84 1518.26
5.09 -118.47
17.59 889.95
4.79 323.5
19.13 369.67
-3.51 722.27
-10.17 -139.26
-11.37 -186.95
-8.16 -211.89
-6.06 736.42
7.76 867.12
23.25 975.6
16.28 361.25
3.57 -102.27
8.98 867.58
15.92 367.88
0.51 -205.58
23.23 410.82
13.51 896.37
-1.11 1221.8
24.25 407.15
20.79 -86.75
-5.47 -137.25
4.86 -125.64
7.98 874.72
20.63 1548.33
-7.46 677.16
14.25 917.73
20.02 -146.7
3.72 276.78
10.15 337.46
17.78 939.07
18.82 926.31
22.64 403.56
17.27 1486.08
23.21 982.03
13.57 1451.98
3.26 1294.02
-0.15 -155.69
22.97 387.31
-5.71 225.03
-0.13 772.31
4.97 -180.54
8.08 1350.37
-7.24 1144.62
15.76 349.9
4.85 1290.45
-11.24 -173.11
-6.62 1142.1
9.08 312.77
10.63 -117.54
-0.13 758.08
-1.13 1234.22
-3.76 273.34
-3.82 733.07
16.51 949.64
-11.79 636.55
10.83 863.16
9.55 1414.88
10.77 889.21
22.57 1006.72
1.78 297.36
12.76 323.44
-3.04 279.69
22.08 -123.62
9.13 -98.22
-0.21 1228.37
-1.93 304.25
-0.07 1227.1
20.09 -88.57
21.0 1521.03
24.55 331.82
-4.8 696.4
3.67 -109.1
0.62 297.53
-10.16 -192.11
22.04 382.02
-8.67 1107.36
11.48 1369.49
4.97 1301.45
-0.44 718.84
4.69 1285.7
-7.83 -143.95
17.9 -107.61
1.62 1271.1
18.84 942.95
0.31 1265.25
20.7 955.19
-4.29 697.6
-3.18 230.27
14.21 -131.37
-3.23 -158.77
13.88 1444.64
-3.19 225.7
6.12 -113.94
-8.3 254.92
19.4 1563.84
14.0 342.97
0.5 737.49
-4.43 1181.36
20.31 365.98
20.61 993.08
-9.88 1097.05
-2.2 -141.64
6.86 1333.29
-6.99 256.64
17.59 -134.83
13.62 1410.51
5.83 302.74
-1.4 287.49
-9.86 1080.62
2.24 1266.95
7.05 855.78
-8.9 673.5
10.94 845.61
10.95 876.7
19.76 1544.45
15.48 320.16
-7.1 -166.26
-0.07 785.61
-2.0 -120.96
2.02 725.52
22.92 364.11
8.47 312.3
-1.8 698.79
18.55 951.14
22.83 358.04
16.28 1437.69
-3.38 256.18
-4.93 -134.39
23.95 360.6
23.22 981.09
0.93 754.88
24.82 1612.26
18.41 386.18
16.25 -92.92
12.65 860.58
-6.16 -153.46
-3.93 777.63
1.69 1214.95
12.67 841.69
-8.75 670.19
20.76 1542.01
24.08 1606.33
-2.2 -107.56
20.03 1016.22
-9.42 -146.22
19.72 -126.04
1.21 -137.96
3.18 827.31
23.79 1592.05
-10.16 660.42
-7.76 231.94
21.04 1001.31
22.24 335.46
-9.33 239.88
-6.76 247.42
15.77 902.12
-9.73 712.18
22.12 1531.74
20.89 981.63
17.93 969.66
1.82 -197.96
4.97 -108.1
23.41 1589.51
-1.29 -176.13
10.17 290.21
4.28 -142.88
6.25 856.05
8.09 322.41
-3.65 -178.32
22.73 1566.89
6.33 289.37
6.1 306.32
18.83 374.71
7.06 1367.17
-0.03 245.72
-2.59 759.91
23.84 1573.47
7.81 1359.48
24.42 391.57
-7.5 -177.41
23.28 1021.22
-9.57 647.53
-8.37 701.67
-9.08 1098.03
-5.41 1116.77
-1.36 -133.71
-0.24 -142.55
-6.99 -134.66
15.18 -111.83
-4.81 288.34
-5.98 -123.75
11.73 -140.37
9.81 293.07
-9.81 625.11
-8.02 258.67
13.67 309.28
8.44 -117.14
24.72 401.84
-1.75 -150.57
10.37 -133.16
15.62 344.92
17.44 -140.38
8.55 -168.74
3.59 -149.46
-0.65 733.69
22.48 1555.11
-0.2 1202.69
-11.2 1082.24
5.29 809.96
11.34 1369.8
15.8 376.31
9.02 301.54
8.52 831.97
12.46 338.55
5.0 800.33
3.65 -134.99
16.44 927.59
14.9 -140.97
7.24 -141.24
16.99 1506.48
-10.22 305.72
-4.4 -117.53
-4.07 -172.26
-11.47 281.1
0.78 759.14
19.44 963.07
10.4 293.29
-4.98 715.75
12.49 844.71
20.47 930.43
14.82 1434.85
-6.05 1173.13
6.04 297.64
-0.63 739.71
4.62 826.87
14.95 -168.54
23.48 1542.43
0.5 -166.91
7.21 -158.71
1.19 292.74
15.89 921.05
9.29 828.36
15.91 887.51
-9.4 -156.96
-6.89 219.91
14.22 1427.91
12.06 1431.64
11.73 881.26
23.62 967.3
24.84 -120.19
-4.66 660.02
18.25 342.21
9.76 -144.23
21.42 1016.27
-9.3 -181.29
6.31 -132.19
8.67 312.3
-4.04 -156.95
21.62 -128.54
21.21 1525.17
10.32 871.36
22.45 1567.51
23.56 -72.78
17.84 344.91
-0.47 -165.77
4.1 1325.39
-6.38 710.71
-9.59 -170.28
-1.07 279.71
14.85 -173.23
4.0 263.49
21.86 -114.08
1.73 1234.96
20.49 1588.54
4.48 1303.77
5.57 -146.98
17.3 371.12
-3.62 256.31
-0.35 -137.91
-12.0 633.3
-5.3 265.17
21.5 941.19
17.32 1478.14
0.27 269.66
24.9 398.19
-10.56 228.68
8.68 842.7
-2.16 284.0
-6.12 1150.03
21.96 1500.03
1.56 807.8
-1.7 246.97
16.89 1516.99
-4.35 722.93
7.16 -125.97
-3.17 237.78
9.82 1409.58
-8.34 -183.51
12.41 303.72
23.57 -136.42
-5.53 -198.97
-6.21 662.38
-11.11 -171.75
3.42 284.25
17.55 381.05
17.04 1472.8
1.39 289.12
-1.31 -151.13
3.23 304.47
-6.27 -142.9
18.83 -141.54
20.1 955.36
17.72 344.97
17.84 1489.54
-11.67 1062.8
-9.9 633.64
19.62 -132.02
16.43 1514.03
2.68 -107.96
-3.08 772.8
3.81 300.07
18.11 946.89
8.96 343.75
9.29 1339.39
-11.81 -163.9
20.11 -156.8
13.52 -165.28
6.43 -129.15
7.13 -75.87
8.02 797.48
-4.19 708.83
-2.56 -154.63
1.1 782.39
-1.42 747.46
23.21 391.89
-6.75 236.62
8.8 327.55
-1.16 279.3
3.42 -141.45
5.49 285.95
-9.17 -150.25
-4.7 1142.24
13.23 843.09
-0.71 -150.4
5.2 -180.44
23.08 1582.21
-0.85 -85.96
23.94 340.37
5.22 -142.51
-1.03 260.92
21.91 1546.59
-6.16 711.54
-5.27 -170.04
-7.2 1140.65
14.93 1428.66
12.85 1412.92
6.75 -171.82
8.59 281.56
1.77 297.85
-2.44 -167.1
8.93 -117.26
-8.97 674.66
7.81 -158.3
13.05 -150.15
10.31 352.24
0.17 -139.51
-8.0 -174.78
0.99 -137.35
11.0 -124.92
-8.42 211.0
-3.76 1208.7
15.47 355.27
10.11 825.05
19.44 -156.19
11.23 885.68
10.19 1417.87
16.67 327.73
11.57 307.71
4.95 1302.17
16.0 926.3
18.05 379.71
18.91 -167.63
-6.01 260.36
13.63 -127.77
21.77 1562.14
16.47 -148.56
17.58 1490.49
4.33 307.73
20.2 1506.6
9.1 -147.66
-8.94 212.53
-4.73 227.79
2.23 291.56
15.55 -135.98
6.77 1322.91
-3.42 238.79
24.46 1039.5
21.24 996.22
5.95 -185.97
-10.46 662.09
18.1 1466.73
-10.49 1060.29
6.34 -95.5
24.97 1024.99
2.89 759.88
-8.5 263.16
-4.05 266.26
5.75 808.64
4.92 835.96
20.46 950.87
21.11 376.08
-5.35 255.78
23.83 -163.38
-9.96 677.94
-1.86 1224.91
23.6 1002.85
-0.38 268.22
-10.29 642.26
9.27 854.52
16.86 356.87
-3.47 -138.85
0.21 -184.84
16.53 341.09
4.43 1289.08
8.64 825.89
-0.1 1218.99
-6.94 695.45
11.74 1431.35
-9.37 647.44
6.54 334.75
-11.94 1054.88
-3.07 765.82
15.33 -85.06
19.86 1539.13
5.42 375.7
6.17 292.87
15.93 269.55
4.87 -133.11
9.31 298.28
4.72 1263.56
16.56 939.87
-2.88 1186.4
11.08 1380.34
-5.12 247.05
23.04 989.31
17.93 1522.79
9.88 1358.95
-11.4 630.0
18.16 347.94
-0.22 1255.04
4.47 -111.62
18.47 -96.24
0.58 1244.08
23.21 -142.23
1.31 1254.61
21.9 361.59
1.96 1278.9
21.43 1552.04
-9.05 229.87
-7.56 -179.1
21.76 1001.12
-11.56 1030.16
23.77 1578.85
-3.04 1211.53
-7.48 255.66
23.14 1017.68
23.58 1571.16
-7.13 717.98
7.24 869.07
-10.49 291.21
-2.22 1164.17
3.96 822.09
21.64 965.75
21.59 365.15
19.41 -146.31
16.89 1514.21
-11.3 250.92
-7.17 1142.23
13.54 913.48
-10.1 241.25
-8.42 248.2
-10.3 232.69
11.16 864.51
18.37 318.35
1.68 802.62
-4.6 1167.48
19.42 -129.65
22.8 -127.69
20.59 361.17
-5.74 1127.73
24.59 1633.13
19.89 922.37
-2.26 736.9
21.83 970.78
-3.2 737.0
-4.78 -130.31
-10.35 613.42
7.19 -148.56
11.41 1430.39
-1.24 -126.26
-11.33 243.4
24.52 -121.59
5.31 -137.15
-9.84 647.98
8.73 851.12
5.63 794.17
22.8 1535.82
2.67 772.65
19.48 -111.98
-2.43 -144.23
23.53 1005.02
-4.81 229.2
12.99 1394.27
16.33 300.9
-1.55 -149.31
-4.21 -108.08
9.99 340.19
6.63 336.06
19.2 953.48
9.09 -136.04
8.98 299.73
-1.95 -144.14
-2.27 -122.85
2.61 1229.93
-10.52 1113.57
-1.02 -139.43
17.68 -136.07
15.69 -101.97
15.77 378.61
-6.9 1113.59
-6.77 269.2
15.97 344.89
-7.95 -146.93
20.93 -141.55
9.28 1371.24
1.66 1272.49
-10.56 638.98
12.08 -148.88
-10.67 244.9
12.21 319.63
-5.98 705.79
-11.0 619.73
11.08 319.83
23.92 360.64
0.49 743.21
10.37 358.1
24.4 370.9
13.46 -109.14
11.83 -120.11
1.6 -142.34
19.14 935.53
7.26 -108.72
-6.74 719.65
21.79 -135.08
17.28 317.91
14.87 333.68
19.03 903.58
9.66 862.06
-5.36 -126.59
19.62 986.58
-0.29 243.21
5.64 -155.57
-9.17 653.19
12.44 -163.86
1.01 -123.86
-10.38 1080.72
16.87 348.67
-10.19 1088.03
-0.41 1232.53
15.0 317.09
-4.69 721.41
7.22 271.34
14.89 -69.68
14.95 -75.39
14.46 904.77
23.68 1612.58
12.01 876.1
8.76 827.92
22.08 988.35
-2.55 264.54
13.09 1449.71
5.23 1286.63
12.59 862.78
4.47 777.88
24.13 965.19
22.08 1546.98
-6.06 691.69
23.07 404.93
9.97 843.28
3.54 -141.73
-6.66 1134.09
24.13 368.84
-4.84 -106.18
3.22 316.67
17.61 325.53
17.52 1484.76
-9.9 1077.23
-4.48 659.53
18.21 1478.66
12.63 893.81
17.32 940.89
15.54 333.46
6.66 -94.29
8.37 1347.55
3.95 295.71
-6.51 205.86
8.18 865.94
1.86 -137.26
17.77 974.11
-9.66 631.18
8.78 837.46
12.12 288.49
3.46 -132.04
22.95 372.39
17.66 375.24
24.46 -111.83
23.12 1574.61
18.93 1548.58
-11.08 1080.48
13.41 355.91
10.12 327.38
-7.37 298.87
21.09 346.43
-1.61 750.02
10.03 828.8
-10.5 -149.59
-9.84 -137.34
7.48 -124.34
-1.46 288.57
17.14 1518.6
-8.15 669.05
-8.68 -142.86
-8.33 -153.29
-0.61 749.39
1.15 -141.86
13.26 325.31
21.67 368.52
15.17 907.25
10.98 826.75
1.99 255.84
-3.27 -176.6
-10.62 -142.75
-11.85 1031.51
10.69 1450.99
14.94 -167.9
-7.3 -144.63
-9.84 693.52
7.71 306.92
21.26 1581.08
-1.71 220.96
24.14 1593.3
-9.36 1080.95
20.23 346.74
-11.94 234.37
-3.75 254.01
12.56 -135.66
7.02 852.23
-1.06 1209.22
-10.31 703.68
-0.51 253.93
5.13 826.07
23.68 -108.52
5.3 1362.33
17.9 932.53
13.79 346.34
0.38 -116.03
17.56 919.0
0.23 304.74
19.41 945.25
24.19 424.45
20.98 -143.4
-4.38 300.38
14.78 -182.68
-11.91 652.12
15.57 916.9
1.04 1294.54
6.63 -118.42
-1.18 240.93
8.97 1359.34
9.79 -157.79
2.5 1249.91
14.72 1505.72
-7.32 -102.5
4.36 1254.67
5.07 1286.2
0.03 1243.72
16.93 -138.5
-5.37 691.15
-0.83 735.0
22.96 986.58
7.97 1333.54
-6.18 294.85
12.32 322.03
-5.39 720.94
13.33 833.47
14.37 895.69
-3.04 270.5
14.02 1450.18
-8.79 -162.53
22.7 992.06
-7.32 683.81
0.33 262.53
-2.45 1192.55
18.68 361.43
0.24 -154.55
-8.59 675.91
24.58 -132.37
22.27 1566.45
-6.55 275.1
0.14 770.1
2.78 305.59
4.84 301.95
21.77 1556.77
24.84 -128.37
4.7 1316.75
-9.61 1055.97
-5.67 678.13
10.21 1418.35
10.98 840.39
2.74 294.99
22.68 984.76
9.58 342.76
9.26 870.45
6.99 837.04
9.42 -166.87
19.27 1486.13
9.76 847.45
-9.96 -129.1
11.58 1374.38
-11.53 224.09
23.16 356.05
10.42 802.62
-11.49 643.99
-5.62 1169.5
4.21 -134.17
-5.1 283.96
13.24 -142.98
-2.72 300.19
-11.58 -134.45
10.51 330.46
13.74 1436.85
21.31 -158.01
20.39 -126.76
4.81 349.84
17.61 926.65
19.74 925.83
-0.69 798.95
-0.03 -157.1
-11.57 703.94
8.51 -79.78
-1.74 1186.29
-4.5 270.82
-3.7 748.41
20.25 910.13
-6.39 -180.78
-11.11 1053.48
24.65 1019.86
-9.04 -127.46
2.6 1258.42
1.97 1277.04
-4.03 1191.62
-6.32 1107.99
4.37 -181.09
-8.09 1084.46
23.09 339.5
17.68 1507.99
-2.77 259.87
19.01 1544.38
-4.02 713.11
-8.84 -122.91
21.24 372.78
-6.28 680.22
6.81 318.85
21.8 1573.5
-2.56 698.87
-3.42 1174.78
7.4 299.17
5.08 -156.0
17.61 374.39
23.72 1661.74
24.69 1610.0
21.24 -160.77
19.28 1519.33
4.42 296.37
12.44 1454.74
-10.12 -139.9
15.82 1428.83
-2.97 1200.25
21.64 946.47
-9.82 686.77
2.18 1257.51
-6.41 1097.91
-7.81 684.01
20.2 -110.21
10.22 1395.99
7.88 292.35
-11.01 601.46
-9.69 243.09
-11.7 -174.62
16.97 941.01
13.63 1421.52
15.63 1470.01
-6.64 730.96
17.67 924.46
22.34 396.12
-8.84 1089.9
4.64 273.68
-5.58 255.09
-0.22 771.33
-9.52 648.84
7.3 1358.98
-11.02 239.7
11.24 1420.93
19.96 362.57
-9.79 -146.56
2.0 807.27
-6.07 672.61
-0.88 -132.32
-8.25 -137.29
4.64 248.35
16.28 923.31
24.2 1605.18
10.57 -115.87
3.07 1262.2
8.95 280.93
-2.24 295.0
17.4 916.44
-11.01 -153.92
-8.55 237.73
20.05 -122.62
-2.31 1220.58
-4.53 291.39
2.83 773.11
10.45 -158.42
-11.91 655.51
4.07 791.59
18.06 937.47
22.65 -118.19
-8.86 -145.67
9.34 892.78
-5.08 254.02
17.08 898.39
13.01 858.44
21.85 -140.15
-2.62 -130.26
-9.18 -184.0
8.54 -153.72
3.97 280.19
4.55 793.33
-0.91 -120.15
-0.29 1246.99
15.87 307.46
15.87 1433.18
-10.25 667.44
24.39 -98.72
22.2 -123.79
12.46 899.86
12.69 891.72
6.28 781.83
-2.58 -135.29
1.18 250.13
-0.77 752.89
22.55 370.85
-11.69 1054.09
6.86 298.72
1.22 1232.22
19.74 -98.47
-7.87 -118.43
7.95 1339.65
16.31 961.35
16.53 924.15
13.43 342.67
-5.24 266.6
21.71 962.16
2.45 1281.47
-10.58 1077.86
5.48 811.6
16.34 331.24
-7.12 -157.24
-8.85 -130.22
13.65 859.14
3.92 764.19
10.67 296.04
5.33 288.48
5.97 -126.62
24.62 1564.6
9.97 843.26
9.89 870.71
16.73 1514.79
3.38 -185.33
3.47 -176.76
4.76 789.05
23.29 1589.54
4.97 -127.56
16.33 887.9
13.99 -103.77
9.7 1411.79
10.2 872.43
24.84 374.67
6.54 277.96
21.85 337.53
17.12 923.34
16.11 860.15
16.03 1530.64
15.54 1446.99
21.13 -122.47
9.9 -147.1
11.93 1426.16
10.89 826.68
3.73 764.99
-11.36 -223.07
18.27 1441.04
22.8 1593.46
1.03 1233.54
7.71 -120.3
-5.96 242.66
-11.36 268.06
14.99 1456.07
23.34 1010.79
18.11 377.26
6.67 1350.53
23.44 960.26
-11.33 1043.58
7.22 845.09
-11.71 236.72
1.81 275.35
9.45 1385.41
-0.79 267.1
3.16 -113.53
3.7 1326.06
8.28 -173.06
12.66 -103.2
-11.6 -127.84
0.54 1258.97
2.15 -50.53
17.82 294.73
3.77 -113.0
13.95 876.24
8.14 309.23
16.08 1474.1
17.55 949.72
-8.18 1152.4
-1.56 702.74
2.58 317.85
1.86 284.26
7.29 -126.97
22.11 989.26
9.5 -146.41
8.93 307.3
-2.34 1201.34
23.4 -124.27
-4.42 1170.67
1.37 337.82
-3.57 232.78
0.53 302.95
-7.72 656.69
12.72 882.77
-7.39 -134.39
-0.57 1208.58
-4.79 268.85
5.17 330.91
19.95 -152.95
13.38 877.12
21.6 -145.36
-9.06 -141.32
2.45 737.81
9.44 -149.58
22.98 -106.53
21.78 -150.08
-0.84 -142.67
-6.7 1101.88
17.08 368.63
10.57 284.76
24.21 -96.99
-10.94 -182.03
16.79 -99.02
16.7 -141.59
18.0 986.35
19.54 344.31
-5.28 1145.03
-10.09 1118.17
21.19 984.58
1.01 -165.42
9.17 298.03
-6.11 222.57
-2.25 1190.51
15.33 1483.19
13.95 -171.9
7.0 -96.8
-3.62 1180.24
0.52 1234.97
6.02 299.05
21.64 985.03
0.75 -124.94
16.05 322.38
-9.16 258.44
24.07 1589.51
7.91 1312.14
21.54 1022.26
2.79 788.53
16.14 916.5
16.77 308.93
-0.39 233.65
13.56 322.46
-6.19 259.34
23.11 347.48
-3.48 -167.0
22.59 1544.59
18.09 941.15
1.74 292.2
19.34 -143.02
-10.54 1102.05
15.23 -135.75
1.42 1253.65
-9.48 -196.94
-1.46 292.72
2.78 -111.44
14.62 -129.65
-11.53 -193.96
-0.87 780.88
23.86 -139.58
5.09 794.12
-6.97 677.99
1.51 -171.68
-5.48 229.87
23.04 1585.69
7.89 315.81
10.48 -130.91
6.89 1340.0
-1.67 747.05
13.95 -132.95
11.53 1401.91
10.49 1391.86
0.84 743.25
-0.82 253.06
-2.59 -116.26
-2.17 -113.98
-8.78 -155.01
-3.09 288.51
15.49 -142.8
20.16 365.65
4.37 298.94
17.95 950.18
-5.93 1097.13
2.26 776.42
12.71 283.12
0.71 -121.35
23.29 1021.11
19.99 351.47
16.6 1449.89
21.53 1546.53
6.03 -140.87
-3.55 270.45
-1.72 774.47
4.91 799.53
1.55 799.35
4.82 259.28
-8.34 -157.85
21.28 -48.92
23.89 386.18
2.87 769.22
13.46 299.12
20.96 945.46
18.89 915.37
-10.79 1078.97
19.62 961.77
18.04 1474.49
3.57 -148.95
21.8 -201.43
-5.43 1155.45
-4.73 1164.6
-10.52 -163.32
-11.65 -201.6
-8.52 244.19
11.6 859.25
17.53 1481.24
-9.36 284.68
-10.9 593.6
21.39 1505.72
-5.8 1133.68
-7.66 694.03
24.22 1008.6
-0.72 -135.51
22.85 988.26
-9.33 655.52
20.58 381.16
21.26 993.02
5.09 -152.56
-0.79 766.58
9.79 -149.19
24.36 1583.81
1.87 1308.69
17.59 -97.34
5.32 763.92
4.15 1256.56
8.96 1386.08
-7.32 -105.47
-7.19 730.86
24.27 -164.37
11.65 1403.53
9.91 -95.0
-2.79 306.93
23.11 406.64
-3.03 245.47
-5.99 -155.07
11.21 -131.38
18.06 900.45
5.1 -117.49
4.9 341.37
6.28 1334.0
1.62 1296.13
-1.78 1216.63
-8.02 -142.71
3.76 1293.24
8.87 1373.56
-11.91 648.94
1.16 780.79
4.08 290.15
-8.27 240.56
-10.93 -137.4
1.37 -147.23
14.23 310.59
-6.36 1122.22
-7.2 -205.04
17.47 1493.24
8.35 841.47
-3.97 -114.95
13.13 291.5
-2.89 756.35
-8.2 -146.7
7.77 1331.66
-11.38 -167.03
-1.07 751.83
-11.75 212.37
1.99 1251.21
12.45 -152.64
11.04 1351.05
22.56 -146.53
6.62 321.32
13.54 1462.27
16.05 298.83
-7.58 1116.34
19.15 399.67
23.12 387.52
-0.35 1198.28
0.63 1241.54
3.86 -114.92
24.88 980.4
6.51 1333.58
11.76 -117.15
-1.34 285.85
15.95 -103.38
17.48 -108.61
5.91 817.06
20.77 1575.03
18.02 975.77
2.85 313.71
1.22 -141.56
-9.13 187.43
-9.34 691.33
12.13 1399.79
-0.18 1228.43
-3.96 278.23
-0.83 278.71
21.86 1563.14
18.93 1531.41
-9.77 639.93
20.94 304.43
15.84 -128.37
20.94 1549.54
9.01 311.96
-1.2 253.9
7.29 1332.98
11.85 855.94
-2.77 240.21
-6.29 1128.1
15.45 897.36
15.86 1422.22
9.29 847.74
10.2 1400.55
5.18 319.25
-3.79 1208.98
14.18 1414.49
18.81 1511.1
11.42 866.73
23.53 346.41
10.99 847.61
13.18 835.81
16.07 331.26
-9.02 -120.05
-11.46 -160.2
6.29 1344.48
-3.51 -195.06
16.66 -119.46
-9.4 621.31
-5.14 1150.2
16.13 320.52
-11.28 665.55
18.84 1532.1
14.55 1434.8
15.0 308.2
-0.03 245.98
0.39 252.93
-1.02 274.18
8.69 -145.93
-3.63 -107.98
-11.63 1044.97
4.51 289.82
-10.25 262.48
0.63 1174.37
-2.26 -145.19
16.47 -115.53
7.87 1363.86
-8.22 1116.52
1.6 -145.76
24.68 1004.37
-0.46 229.6
-2.13 1205.0
4.16 326.04
15.98 1460.73
-3.22 -154.35
6.47 1288.78
17.88 -152.28
2.45 1313.18
6.57 1311.88
-0.06 218.52
22.71 1614.78
15.83 351.95
3.79 -170.28
6.5 -130.49
-2.06 260.43
17.37 294.07
6.87 305.07
19.87 1565.49
-8.86 -174.61
-7.84 260.64
24.91 957.25
14.5 892.95
-10.75 267.47
12.27 288.94
19.63 -142.44
15.16 324.18
10.74 1411.44
-3.59 -150.15
-8.52 -128.68
-3.62 246.16
3.75 782.79
-2.51 766.74
22.63 -97.96
0.06 -171.93
-6.67 237.14
21.87 961.37
15.69 920.58
-4.84 249.35
11.94 334.52
0.8 -128.86
-0.68 284.95
-3.67 -160.01
12.31 866.61
-1.92 1208.73
19.09 323.34
9.77 -160.29
9.14 297.3
-6.5 716.15
22.2 369.06
23.03 936.41
-8.0 205.94
-8.41 -89.82
7.4 290.06
24.46 378.83
-5.45 245.83
17.47 346.61
21.02 -119.74
6.7 1348.21
9.76 300.58
-4.54 -170.0
24.87 1028.23
-1.94 1242.57
18.02 1492.3
-3.27 270.08
-4.75 -182.67
-10.43 -181.57
14.88 918.09
2.96 1266.31
-4.27 1205.76
1.91 262.98
22.01 1570.97
14.76 327.56
-8.53 247.48
19.57 346.75
-11.91 647.68
-8.07 695.29
-3.91 1176.19
9.58 822.1
0.86 749.33
8.23 1349.63
-7.9 260.84
20.9 1519.26
-1.1 273.37
9.81 1383.74
3.29 767.0
9.54 840.73
1.19 1255.07
-0.29 726.46
-6.73 -190.16
7.14 1334.23
-5.07 -124.91
-2.22 1173.34
12.52 298.79
10.62 296.87
-2.66 716.04
-8.08 -151.5
21.93 329.74
18.89 -145.03
6.35 285.56
-1.76 1166.14
16.62 938.44
15.72 1448.81
10.14 1433.94
20.4 362.79
-7.36 1098.71
5.13 848.07
7.45 862.4
21.0 968.32
-10.89 237.01
7.41 1313.05
3.16 781.47
20.5 385.14
20.64 1548.24
-6.95 237.86
17.6 1518.12
-7.98 1116.99
16.4 -119.1
-0.72 -128.66
8.39 1407.88
-3.79 293.42
3.69 1276.36
0.32 285.06
-2.96 1187.14
3.29 280.76
-8.41 1110.54
17.62 946.72
11.53 -154.23
-1.89 691.99
7.1 1345.62
11.77 1346.86
12.77 1372.59
-9.18 236.55
0.29 -128.25
0.08 267.3
3.69 1289.02
2.32 -156.07
13.42 -109.82
20.57 -118.57
18.97 1524.2
23.47 1579.82
4.48 -148.93
9.16 853.54
3.93 201.96
-0.84 1240.2
3.17 1289.83
1.96 804.49
-3.98 255.86
15.92 -118.31
-11.9 1045.29
-0.75 1267.18
6.27 -153.47
14.5 -78.24
9.36 1358.59
-2.94 745.02
20.24 -94.32
13.34 1401.34
20.07 -152.88
14.06 1417.25
21.87 -99.59
11.42 859.04
23.29 300.86
-6.69 723.95
21.59 -114.74
4.34 -120.14
3.99 -153.09
0.22 1209.4
-9.78 619.85
-3.13 -161.23
10.19 875.26
22.37 381.46
10.49 -150.05
-7.9 271.2
-4.13 -130.34
8.06 1351.61
-9.05 197.91
15.26 369.01
3.02 812.38
-1.06 745.8
12.15 885.32
8.72 -142.92
-5.52 -195.76
-10.79 -133.58
20.03 1491.23
2.12 226.25
4.89 284.72
-0.85 756.84
19.8 926.2
9.19 1387.19
1.88 242.37
6.77 -113.46
-1.67 744.47
12.16 884.51
-7.62 670.43
-5.81 1170.82
-7.01 236.21
23.05 1596.56
-1.54 279.08
9.34 808.8
0.54 281.41
-10.49 -160.24
11.13 -87.49
18.61 -115.79
20.63 985.53
-6.06 -139.19
-7.1 218.33
15.52 -106.96
20.13 -139.1
1.0 -99.67
21.01 -98.54
7.74 1379.29
16.1 1427.7
3.76 332.65
5.55 804.2
0.75 1227.13
6.38 330.04
23.99 -65.91
0.35 1249.15
1.59 -167.08
1.12 289.25
-11.38 1079.08
6.59 -147.02
16.23 1465.3
-5.91 1116.65
11.7 -131.24
16.1 342.61
-4.79 243.35
9.19 -124.22
10.96 1412.34
18.92 -140.49
-10.24 -155.69
19.36 350.75
0.41 809.41
-4.04 695.36
20.57 942.89
9.75 1406.32
-11.95 -170.56
-8.07 -127.7
-2.22 281.33
7.35 -146.7
-1.92 253.96
18.36 -148.69
22.57 990.36
1.37 -126.43
5.23 -105.64
-0.4 246.08
-4.68 1183.73
24.14 988.47
11.69 -92.28
11.8 -159.76
-7.7 1122.78
4.63 -163.94
8.19 314.62
18.89 -92.74
19.56 -112.8
-11.54 260.87
24.7 1638.8
-9.81 1109.79
-9.58 273.27
14.84 1461.55
17.81 377.84
-2.51 692.66
1.46 744.52
5.97 326.1
-5.97 -143.46
18.81 -90.14
3.77 -163.13
18.32 1504.25
2.14 -142.85
3.4 1263.49
16.94 357.45
22.43 1573.17
24.68 364.57
21.38 1524.15
5.61 1317.72
-0.67 725.66
14.36 -143.96
7.5 -158.11
14.61 -149.62
9.87 339.12
4.21 -150.84
6.59 324.18
14.32 1456.63
-7.1 713.98
3.21 803.49
13.44 878.84
5.0 820.57
-6.06 704.25
24.43 -87.92
-8.0 691.09
-6.4 -151.86
15.63 -178.11
24.39 1598.06
16.04 -152.41
13.84 326.18
17.27 900.26
9.34 326.76
-6.66 287.54
1.81 1199.45
1.12 268.85
6.06 1337.03
-3.2 1182.8
20.52 337.47
-9.7 1041.9
-3.93 -173.0
-1.48 304.7
3.16 1300.33
24.18 1601.88
20.44 963.53
-3.82 723.16
11.18 -132.86
7.77 1342.45
18.62 932.24
-5.57 256.23
-6.67 246.35
0.41 335.88
-10.84 648.98
2.45 1283.29
18.52 1524.11
21.99 977.44
-9.89 231.78
-8.16 241.7
6.7 257.07
-0.93 1191.25
17.19 934.06
-11.48 1041.95
-6.02 696.61
-9.27 673.03
12.81 -111.24
2.92 262.55
0.08 231.68
24.5 381.93
0.86 786.28
19.32 407.16
3.86 -125.05
-3.17 1184.9
-2.15 -141.79
4.01 813.18
-7.1 680.18
1.74 1239.94
23.97 1567.42
15.4 923.9
-2.44 731.51
-6.96 -141.35
8.13 308.38
15.77 959.36
20.68 1523.95
6.23 831.33
22.82 377.52
-1.74 1214.45
7.95 1313.85
-8.51 1123.3
-4.25 1185.61
0.12 1216.39
6.61 -102.62
11.0 1359.47
24.15 357.26
17.33 945.87
4.37 -117.88
-7.95 -178.43
21.05 1531.94
16.43 -130.19
8.27 1355.87
23.99 365.91
16.61 1481.17
-4.36 -174.95
-4.95 1114.73
-5.64 1153.19
14.79 1501.15
15.69 336.18
-9.77 -141.52
-11.88 232.79
2.84 818.34
5.66 322.46
-9.31 597.6
-6.71 700.94
-2.71 1191.85
-10.04 217.63
17.76 -116.89
-5.22 705.02
4.1 1303.92
0.82 301.58
-0.52 1222.77
24.75 384.94
20.14 342.06
0.9 334.15
-11.21 1021.45
6.99 1310.64
15.2 926.88
14.89 900.32
-7.36 222.98
-6.7 -144.42
3.65 -156.85
16.46 -137.1
24.09 364.66
-7.01 248.01
17.7 1489.89
16.28 -147.47
23.96 1018.11
-9.7 262.45
13.16 884.96
-3.32 722.6
19.84 928.42
-8.58 -120.99
12.84 394.04
15.6 1475.86
10.01 301.01
-1.9 1227.17
17.72 345.77
-8.5 247.33
20.4 316.04
23.97 1596.66
16.87 369.3
18.32 1498.48
-3.4 303.78
1.24 746.24
24.65 1027.09
1.49 750.66
-11.96 1090.2
-5.07 246.8
-7.83 670.04
0.55 803.83
-2.33 1214.97
-10.51 -141.8
11.47 -155.54
8.03 841.12
20.16 936.71
9.14 -130.52
-2.43 1208.15
8.36 857.39
7.2 811.74
15.78 900.59
15.48 363.24
17.12 1518.84
-3.52 715.11
-1.36 261.96
7.13 806.87
-10.01 -164.55
-3.11 -130.35
23.27 -144.81
22.43 -137.33
-9.56 248.06
18.52 360.6
-7.26 655.93
-0.05 -166.99
-8.75 1048.15
15.16 935.2
-11.99 239.9
-5.69 233.78
18.21 383.68
-8.35 258.27
10.01 324.99
-2.91 301.18
-9.71 1104.5
22.61 -103.4
-2.03 1225.33
15.9 1448.88
11.45 -95.84
14.99 1466.5
-1.92 723.86
0.46 1255.17
21.83 400.2
11.68 334.78
-10.14 264.84
21.93 1594.12
-9.43 199.48
17.84 -93.79
3.91 807.79
3.54 1242.67
-5.82 699.94
23.26 1597.0
-9.22 1098.01
4.89 1294.98
-1.96 1181.06
-6.47 700.46
8.89 -131.59
-10.02 1102.41
12.03 277.22
6.01 795.09
23.12 1544.82
-1.2 -124.59
21.47 -61.65
3.53 -170.59
24.3 374.77
-0.4 225.31
15.55 1458.6
-10.19 1085.16
14.71 -131.13
5.1 1311.37
16.67 932.5
-9.24 232.31
-5.24 683.28
18.76 324.7
10.3 911.16
-0.17 770.92
13.84 1466.69
1.15 285.6
4.94 792.99
-11.34 -179.17
-2.53 1151.8
-7.73 1117.74
6.12 783.01
3.67 306.89
1.92 1253.81
9.11 819.2
9.63 1353.57
5.04 840.23
-3.6 732.99
-6.13 -166.3
-2.02 738.1
17.31 369.29
22.95 1604.48
19.67 346.2
1.88 242.06
-2.88 718.37
-2.4 1199.36
13.8 334.17
-6.26 -129.76
13.15 881.33
-9.86 239.31
17.03 1512.87
0.41 -126.19
-2.03 773.49
16.67 949.13
16.56 -169.84
-10.58 251.56
3.8 300.22
21.41 980.45
-10.16 -115.64
3.15 -132.49
0.88 1244.83
23.46 377.74
18.01 368.81
-8.57 238.86
22.93 933.72
5.61 821.26
15.38 861.46
-4.91 1178.12
1.3 274.67
-3.89 734.58
12.42 -110.33
11.68 327.17
-2.8 246.11
9.22 1390.41
12.12 1416.92
6.19 1328.31
-11.95 624.41
-11.48 -194.95
24.75 360.34
-0.97 726.15
3.57 811.49
-1.15 1248.3
-2.15 1230.52
5.42 -116.05
-7.11 1121.84
15.21 346.82
21.37 1570.67
2.42 1272.17
17.98 1502.76
4.4 784.27
-8.3 257.89
1.21 336.2
-3.97 232.15
-0.81 1242.96
17.08 332.7
-1.05 734.12
5.51 1372.09
-11.43 634.78
14.26 1415.61
13.23 1438.98
-11.02 1062.29
9.37 -131.47
23.02 343.31
4.57 790.12
-10.76 232.37
17.73 1503.89
-1.58 1183.24
-7.83 653.87
19.0 -104.72
3.21 803.44
24.01 1008.68
21.02 985.08
-8.76 -143.42
-0.52 755.45
10.74 -98.29
16.16 933.9
-4.86 242.09
17.01 311.8
24.73 -112.99
5.34 -147.15
4.73 1314.05
24.44 -130.58
16.83 1469.68
9.83 901.31
-5.12 1192.61
-7.46 239.86
-8.01 -150.75
18.88 951.58
-4.64 1166.91
-0.48 -126.03
5.36 1283.05
20.28 1530.61
11.57 -116.19
9.48 307.92
-8.8 667.19
-11.57 279.53
8.28 1335.69
19.28 328.16
23.94 1048.2
18.17 1518.26
-3.14 273.38
14.53 1427.56
-3.02 1197.15
-2.19 1216.03
23.16 393.44
5.18 318.68
-3.75 695.83
11.42 328.96
4.7 317.37
0.43 303.77
-3.69 1178.8
3.21 247.24
19.22 924.09
15.42 333.31
-2.21 1219.69
23.82 -195.36
12.03 1426.63
22.23 372.47
7.13 298.59
-3.74 -143.37
8.83 -134.37
3.88 756.43
14.29 341.65
6.33 1328.74
8.73 -140.68
3.33 301.89
13.81 1452.01
-5.2 -179.79
14.12 1435.18
2.52 746.15
-6.98 293.46
-5.91 -128.49
-1.05 -97.1
16.69 880.53
-3.04 -150.31
-2.33 -160.02
14.93 346.63
-10.59 1086.84
23.54 1581.84
5.74 -146.31
-3.62 689.85
4.24 1294.09
-9.84 655.18
0.18 1252.65
23.97 1582.04
15.51 1500.29
20.73 331.79
0.6 769.98
24.78 1014.38
22.16 963.76
10.55 315.88
-2.82 1148.92
-4.92 238.69
0.17 -123.22
-0.38 1249.48
-8.21 631.85
16.75 1492.93
20.44 1016.68
8.09 285.6
5.11 293.99
18.08 302.32
-7.17 1137.89
2.18 1277.55
6.65 -171.82
1.06 1200.25
-3.03 1188.37
-7.14 215.32
22.19 -134.75
-3.39 1176.45
17.25 873.86
20.35 1532.61
9.95 834.45
15.67 915.31
8.61 -125.92
12.65 324.26
2.1 287.77
0.06 1221.11
-6.16 -140.02
-7.41 661.0
-7.33 717.44
-7.88 1093.33
-8.03 1084.79
11.04 -97.14
16.68 -115.61
14.14 305.98
-11.14 200.28
-7.43 -102.78
8.22 851.17
22.46 -125.39
0.33 -142.66
-4.96 209.88
14.68 340.07
1.57 -129.63
10.77 -158.95
13.76 1403.58
-8.84 638.63
2.26 -152.63
20.73 -137.48
-3.85 -177.24
5.15 309.35
10.12 -97.62
18.11 373.39
11.03 334.98
-0.13 -147.73
21.38 407.7
3.67 257.5
17.75 1503.59
11.04 -160.0
16.63 1485.39
-11.01 -138.57
13.51 340.38
6.09 309.62
-5.26 1171.82
23.67 -128.26
6.54 286.41
12.4 1426.9
7.48 830.07
17.43 888.87
3.79 823.83
6.96 1356.13
10.75 -164.29
5.76 -148.26
-3.15 1188.85
11.58 272.47
9.38 822.85
22.07 -106.01
24.05 1001.41
14.08 322.71
15.77 332.65
2.16 785.36
13.22 911.95
12.51 877.33
-4.79 705.39
2.9 -152.8
13.3 1466.48
3.82 1313.96
21.44 1504.33
-3.52 -131.14
18.24 357.24
15.69 -142.49
9.27 -88.19
19.71 416.81
-7.84 -117.04
-10.45 656.89
-9.8 650.1
23.68 -100.45
14.7 355.19
-10.66 651.75
2.96 783.62
-6.82 -143.89
23.23 -122.88
11.77 1406.74
11.96 867.29
13.74 268.17
-7.27 700.0
21.82 974.84
-8.38 -163.9
9.64 -114.14
1.03 279.88
-7.92 1140.33
0.11 1216.55
2.42 1288.26
15.29 1443.11
23.12 1560.73
19.77 1519.31
-2.08 -115.43
10.86 326.16
15.75 895.25
8.43 329.47
6.87 1365.87
8.61 1336.02
15.11 1453.55
17.79 918.41
3.12 280.31
-7.93 693.82
17.17 1507.98
4.97 292.75
-10.34 267.73
-1.33 775.24
12.18 -126.84
-7.6 -80.63
12.32 867.88
18.2 -103.35
16.1 356.07
-1.87 730.71
2.66 265.44
-10.52 1098.7
3.96 293.54
9.0 1423.97
18.89 -131.34
10.31 -82.27
13.78 -126.59
23.76 -98.15
3.7 767.58
-8.14 -108.53
18.45 1560.01
3.12 259.31
0.01 243.68
4.97 -149.54
-4.31 701.43
7.29 1375.02
-6.82 1086.87
12.15 -128.76
3.31 787.38
-5.62 251.54
-6.86 1086.83
-9.09 -119.64
17.46 1478.47
5.13 1344.13
14.63 1452.77
19.68 -127.45
-2.2 -112.71
7.53 847.97
6.01 795.38
-4.56 213.52
8.19 -138.53
-5.78 696.3
12.83 -136.87
-6.49 1166.35
2.01 1299.29
-1.76 721.08
23.38 1021.94
-5.96 211.38
-9.07 1102.71
3.08 256.06
8.2 320.59
8.18 339.93
6.38 278.3
-3.19 721.5
-5.95 240.88
-2.53 -142.59
-5.49 1144.21
21.58 956.04
15.73 899.59
10.1 1387.28
20.28 948.75
4.61 285.16
5.77 795.28
20.58 -76.83
6.22 330.72
-6.0 1162.66
22.87 1568.49
-7.15 641.09
14.43 1423.7
12.63 344.08
-0.33 751.54
-9.88 1103.89
-1.09 733.51
5.44 797.14
14.36 922.33
3.89 -136.0
-1.21 1226.08
5.18 788.17
9.36 329.37
17.51 1494.02
22.03 391.61
-0.74 -148.08
5.84 252.15
16.98 1497.96
5.85 819.83
-8.26 1107.58
10.36 1377.77
18.82 357.16
16.12 338.16
22.49 1530.02
21.2 1572.04
12.83 908.62
23.69 -115.57
16.02 921.87
6.45 796.89
19.68 -56.11
10.8 -139.32
12.32 845.05
3.02 -158.63
-8.01 1122.5
23.04 -143.06
4.88 788.0
10.77 -132.27
0.35 282.23
10.75 864.56
3.47 283.88
-0.44 285.87
-6.74 1107.41
4.76 323.63
5.78 1331.36
-8.76 650.91
4.45 -164.64
3.75 -156.13
7.15 1340.37
11.28 -113.4
18.0 928.27
-0.64 735.2
11.04 319.05
0.08 280.87
-7.63 1104.0
20.9 979.05
-0.23 -136.42
-2.93 774.25
14.8 -66.6
0.77 799.39
6.76 1362.18
-5.82 699.13
11.98 946.92
8.12 1372.42
-9.74 -184.6
7.11 839.69
6.29 297.73
0.91 777.7
12.85 1408.62
0.42 1215.94
8.44 1374.21
-11.93 612.44
21.81 1546.28
9.53 860.68
3.52 -117.12
11.75 300.55
23.34 -140.59
-11.5 1034.05
18.02 1504.21
-1.91 252.69
11.49 -155.17
-6.98 -164.78
7.0 269.9
-3.71 704.54
11.83 347.42
-10.58 680.19
-6.1 283.55
0.43 -110.42
15.25 333.46
12.46 1436.47
23.5 968.13
-8.86 645.5
15.78 -146.56
9.67 878.58
23.08 -129.6
-10.63 1070.77
-1.71 786.55
15.94 1443.51
12.94 316.3
4.98 850.58
-2.83 265.88
4.33 271.4
-5.2 676.03
17.19 1448.89
1.74 731.86
0.93 1233.68
1.17 781.23
17.51 346.86
22.81 1611.8
1.71 275.11
16.91 935.67
22.26 1560.7
-1.34 252.37
21.42 1523.61
16.91 -119.36
13.3 324.3
-6.74 635.84
-5.11 686.73
17.11 -136.8
20.59 -153.18
7.19 292.16
-4.6 -169.35
-9.59 668.46
1.28 -102.32
24.62 1549.77
2.08 -116.77
10.42 322.22
-6.15 203.82
20.7 918.8
11.22 318.69
-6.32 267.84
13.75 887.31
2.74 -165.29
-11.66 681.29
-1.38 806.87
-6.6 1140.56
15.92 1461.32
-0.68 -179.68
-4.63 658.25
12.82 1379.76
2.75 303.24
-6.48 -204.28
-6.7 255.82
23.46 1034.06
-5.4 691.93
-0.51 1179.41
6.01 318.91
17.36 -150.91
-10.34 1061.46
5.35 -120.2
7.72 865.16
2.78 251.42
-5.2 690.8
3.61 1250.16
-8.22 -162.86
0.04 -140.05
-4.64 1087.21
-1.79 734.78
18.71 -147.97
-10.84 227.3
-2.33 262.98
24.91 1603.85
21.37 1580.53
8.62 -136.27
6.37 1334.17
2.6 279.53
23.21 400.31
0.65 782.76
-0.17 765.44
7.81 316.86
-11.17 632.26
21.61 986.95
-11.97 -138.65
21.08 384.29
5.02 301.49
20.07 1527.0
-3.6 691.87
-10.72 1056.82
8.86 -183.09
20.01 1520.96
8.97 1362.45
10.67 297.51
20.84 952.44
-11.78 645.23
-6.05 -128.57
14.27 1458.4
14.27 358.24
-6.05 -179.89
18.29 918.14
-8.09 693.65
19.36 -149.73
-0.24 279.72
-8.8 672.13
15.47 927.27
-2.27 288.64
20.89 371.59
18.54 393.4
4.7 310.43
13.8 -113.37
15.46 -164.27
-8.6 657.28
4.37 770.28
2.25 1268.54
19.17 962.24
9.93 326.61
10.79 853.18
-1.91 1201.69
-9.51 1053.41
4.66 1299.23
11.35 342.84
6.22 273.56
17.91 348.45
9.26 326.08
8.98 -136.55
24.33 -165.91
-6.74 645.7
21.68 1554.43
1.43 305.84
16.78 345.57
2.61 273.53
-5.07 244.15
23.53 996.3
21.89 920.54
11.83 877.54
3.81 773.71
0.71 747.26
14.01 1467.77
18.96 -160.05
1.05 1176.77
-5.21 208.37
-4.6 272.88
11.29 1370.1
-1.07 -152.42
3.19 1267.11
4.45 -111.74
13.84 -141.99
14.95 1411.72
16.55 1466.53
2.13 326.72
-9.16 1121.59
15.31 901.18
8.74 1364.99
-10.7 1056.26
20.86 -88.74
0.23 231.06
9.02 305.6
8.47 -102.0
24.69 -128.15
7.56 1306.49
19.17 367.37
0.85 743.96
13.77 1434.0
-7.43 1115.31
0.41 315.23
-2.17 224.89
-7.23 709.91
-8.04 1126.8
20.44 930.98
21.18 986.93
-10.07 651.36
0.15 760.08
13.33 926.82
18.46 357.82
-5.96 -113.43
1.14 -159.56
1.73 1291.96
5.55 785.28
9.51 -158.73
18.83 935.34
21.82 -107.43
1.08 262.74
17.69 311.35
-0.92 -120.34
11.29 287.82
-7.41 279.73
5.17 1327.74
20.6 360.48
15.21 1447.16
-0.82 274.94
-2.98 1170.16
14.32 907.08
16.91 935.66
18.13 896.37
-8.7 -166.07
-1.47 739.45
-4.2 1157.38
-4.49 1172.82
10.98 832.04
-0.28 1206.22
4.13 -145.91
23.3 958.82
16.61 -122.67
0.14 1202.96
-7.88 1107.4
8.67 318.96
13.45 1427.3
0.53 1273.07
10.36 863.89
-9.04 273.97
20.0 910.84
12.22 351.71
19.73 972.54
18.93 951.23
-9.05 -150.51
1.7 744.7
4.4 780.74
-2.53 -148.07
6.23 1335.1
8.96 1395.35
8.33 1320.71
19.47 948.71
2.7 1278.26
8.03 333.66
16.03 911.94
-7.23 207.9
20.3 1516.23
-9.12 -169.92
7.3 318.57
18.52 1512.5
11.12 1392.38
24.58 1013.56
16.25 869.92
-11.34 -182.0
-5.0 706.12
20.04 957.9
-8.14 632.76
-3.77 -124.53
22.92 359.42
2.26 -106.04
19.25 968.74
6.22 -133.94
-1.13 755.63
-6.26 1161.4
17.59 1505.0
3.82 1270.96
9.38 270.74
15.25 -118.81
3.07 292.99
21.58 347.96
14.05 -195.09
-4.93 256.6
6.59 -120.56
-11.18 581.63
7.9 -126.4
4.96 -177.22
9.95 843.51
2.14 1226.77
19.22 394.52
13.7 -121.05
19.39 -130.94
2.87 -137.98
4.27 1320.68
-11.85 -150.27
14.73 1409.62
-8.53 -165.11
13.39 1434.05
-10.51 1101.04
14.24 -169.98
-0.67 1197.15
-2.46 1204.01
-4.74 287.97
1.95 758.25
14.06 881.7
11.1 1369.07
1.17 -161.61
22.59 306.66
24.45 379.13
9.42 882.2
-9.35 245.92
16.14 348.84
-9.07 673.96
-4.84 1146.57
1.01 -187.21
15.06 939.76
-6.53 280.06
11.72 -107.63
-8.64 1109.43
8.96 878.46
24.22 -84.34
0.39 787.32
-5.84 692.22
-7.53 1074.23
-7.09 273.32
23.97 1010.84
-2.16 -160.19
11.14 -117.51
20.71 956.02
15.46 -165.08
12.99 362.61
22.16 384.78
9.45 318.05
15.12 -111.53
10.41 1443.62
19.89 1572.17
7.09 315.89
24.87 1062.43
22.72 400.6
3.7 1305.46
10.25 328.17
17.35 -140.86
9.37 -106.6
23.45 1001.96
-4.94 716.33
12.19 -126.27
3.21 -134.88
23.67 399.95
16.38 -118.04
10.16 1350.28
20.92 -118.94
17.11 1489.81
-4.99 1194.89
1.84 240.84
-1.65 702.82
4.11 -156.77
17.54 934.24
-4.95 -127.84
17.01 377.17
6.83 302.7
-1.81 -134.57
2.78 246.27
0.1 -156.93
19.13 346.92
4.92 296.43
2.65 1278.33
17.27 -170.23
4.44 787.68
-8.29 658.79
-10.36 -110.83
-7.6 232.96
4.38 1294.3
-4.62 -183.49
9.44 1345.63
10.73 304.25
-6.65 1127.15
-1.64 284.22
15.49 1484.23
13.95 -138.77
15.52 -157.33
14.61 1467.49
-5.86 1144.25
-11.38 224.97
24.31 1056.19
9.3 827.94
-8.2 663.05
-5.91 1144.23
24.22 1013.87
21.14 1008.09
21.19 -93.61
18.1 910.17
-8.74 -124.02
-0.4 -107.29
-1.39 -116.96
24.0 -133.7
5.32 -88.78
-8.83 682.38
5.22 1298.49
8.79 -143.77
-8.1 -135.91
-2.81 740.13
22.52 -200.73
-0.92 1227.41
-10.16 -120.48
1.16 293.59
-5.58 1180.74
-8.51 -148.02
0.12 274.38
20.16 1580.66
22.69 1513.99
16.08 -134.79
23.05 1577.71
-6.14 -119.37
-11.58 220.49
6.5 -147.94
-5.6 1126.82
15.71 -132.7
-3.31 265.56
8.77 309.67
-2.75 718.2
-11.17 610.98
0.82 758.91
-5.25 1151.65
-2.75 759.4
8.19 -134.52
12.44 863.16
-5.28 -157.41
-10.3 -137.0
17.73 -107.58
-9.45 1079.28
-5.05 242.96
14.16 325.65
-2.88 301.29
12.13 353.63
11.75 -143.51
19.84 976.88
12.53 -145.05
14.05 -146.86
-5.97 293.4
21.34 325.52
-0.96 1224.78
11.68 -136.13
-9.44 674.68
18.82 -135.28
-8.47 233.09
-11.98 -142.89
22.01 1602.5
3.24 1287.83
14.52 887.07
-2.34 1200.26
-7.48 1160.8
7.36 -139.51
22.47 369.26
9.57 1318.81
1.94 1229.3
8.04 350.64
-4.25 270.79
15.78 1422.86
10.39 -134.18
7.53 318.33
17.31 936.76
22.74 -132.93
-1.22 1209.48
24.59 935.63
9.06 1328.67
-5.89 704.96
-5.09 724.83
0.04 272.78
-6.62 1131.51
13.76 285.9
-9.06 -164.77
-8.13 266.06
22.28 998.73
16.67 321.38
-5.67 -152.92
-5.67 240.76
8.12 310.85
3.94 263.17
-11.67 653.72
20.55 367.95
16.56 -140.08
16.91 353.2
22.28 997.32
15.36 -113.52
-0.64 -166.87
11.91 -140.79
20.37 393.63
-6.44 -144.1
4.96 252.09
-2.47 269.6
17.59 903.92
24.05 -139.87
14.02 330.02
13.2 -133.21
18.48 1518.15
4.06 1281.5
0.97 -122.73
23.0 395.32
9.23 318.61
-5.84 -118.84
-11.8 1034.29
8.47 1374.39
10.75 -139.67
17.62 372.07
21.23 379.48
-8.02 223.39
-4.99 -177.48
23.66 -169.25
6.12 281.67
3.89 766.18
-9.61 -131.1
-11.67 -180.76
1.09 776.53
0.33 265.62
1.22 780.92
-7.55 1163.49
3.35 284.61
-11.28 673.6
-2.21 253.58
21.82 -146.22
-0.74 -139.79
-10.5 1116.67
14.93 916.89
2.4 1243.54
-5.43 -163.21
13.16 865.13
8.45 800.51
-7.25 1102.53
23.9 1586.0
20.49 1520.21
6.9 1288.92
-7.77 -142.69
3.18 270.11
15.39 898.56
23.5 1581.52
8.64 269.92
10.11 -129.37
1.8 1245.92
-9.06 1079.13
17.04 -169.85
-4.25 243.4
13.52 -124.85
13.7 911.35
-2.79 723.64
20.48 -89.23
22.07 -106.61
3.36 1265.42
-4.29 271.29
5.17 1276.77
14.56 880.16
23.95 -102.18
19.81 -119.09
-6.86 319.75
23.72 1001.78
4.96 -117.4
-10.81 631.86
24.33 -72.32
1.76 1236.3
3.36 -153.1
4.33 304.06
21.26 1533.65
19.46 1510.43
8.57 314.64
5.15 783.87
0.46 1231.41
14.98 1460.13
16.45 -129.69
-2.49 303.65
-2.7 770.83
-8.72 -107.93
23.79 1582.9
-3.07 709.68
-0.21 732.08
8.66 863.37
23.75 359.19
6.18 803.37
-3.36 1159.16
22.78 1567.9
3.83 779.83
20.34 -98.35
12.72 1424.9
19.79 981.5
11.01 869.87
13.35 -132.39
20.57 977.26
24.78 368.21
5.94 349.85
22.21 968.87
-6.13 1136.22
-9.21 -181.07
6.43 822.07
18.7 -103.49
-5.81 256.57
14.9 -114.71
2.51 -149.05
-8.44 1091.32
-0.04 764.89
22.95 1549.33
-8.35 241.76
11.79 883.48
-9.53 699.01
0.49 302.93
6.31 1370.74
-9.29 -160.26
18.94 347.24
9.27 357.93
1.82 292.05
17.11 943.17
23.24 1561.15
-4.79 755.24
2.49 1247.73
2.1 277.31
17.34 339.74
13.37 1456.71
4.61 -113.3
-4.74 266.66
-5.99 -99.58
-8.43 -184.25
21.29 375.77
18.41 963.18
-5.36 -174.72
15.74 917.76
8.51 321.28
20.15 356.99
15.15 -128.52
-3.75 698.59
13.12 356.91
-6.64 1101.67
14.21 931.0
24.29 1545.97
23.87 346.59
22.83 -138.54
14.08 1452.22
-6.06 1142.84
20.75 1569.24
21.14 345.89
6.69 831.63
-6.39 -124.75
9.31 1367.19
-5.43 1175.87
4.43 801.68
-11.86 1081.77
9.36 822.65
-4.67 1176.26
0.4 -158.54
-11.2 -163.77
7.45 -123.4
19.82 -109.27
21.13 353.24
24.75 1601.6
2.22 755.07
-0.81 1200.28
4.74 768.44
13.7 -116.54
13.95 -144.48
-11.12 603.22
-9.67 675.13
-11.67 1071.93
17.04 362.07
3.37 767.44
17.92 366.03
-0.28 -128.01
2.56 821.69
15.22 -136.54
-8.14 -158.91
24.87 1592.01
19.45 358.75
0.06 1271.02
-2.81 1179.15
-0.06 1222.83
12.33 -117.75
13.7 -170.99
20.72 -153.35
-0.39 1225.16
-7.07 -155.16
24.93 986.24
18.89 324.43
23.33 1589.05
6.86 1338.91
-0.83 -161.93
5.2 289.29
-2.86 1146.99
6.88 1296.3
6.14 284.74
12.11 -80.57
21.33 385.02
2.27 263.82
7.95 308.08
24.57 1624.37
20.57 337.22
6.37 301.86
10.1 1422.08
18.07 -103.39
20.93 1543.44
4.05 1292.35
-5.73 -123.95
22.33 -86.74
-7.38 -152.35
22.16 415.78
5.87 838.76
-5.16 1174.31
4.41 1291.8
-9.66 -185.35
-11.93 225.83
23.91 1004.17
-3.4 1166.08
10.77 -173.17
22.54 980.66
13.34 365.77
14.87 -127.26
22.13 1579.32
6.68 1331.8
9.78 887.04
-3.64 276.13
-8.14 1085.76
8.41 871.63
-0.91 278.91
22.82 391.77
7.74 -136.56
4.06 781.32
2.68 1280.39
24.47 335.4
9.54 -129.65
-2.75 306.8
15.54 364.68
24.61 -113.83
9.99 1386.81
-5.03 728.77
-1.88 296.95
15.67 -146.29
2.19 795.25
-8.84 1145.74
21.69 1534.32
4.35 -141.72
6.09 329.52
17.37 949.06
6.91 783.2
-3.37 1181.28
0.71 755.38
14.38 1438.81
-0.32 718.47
-9.99 660.79
-5.67 -166.41
16.38 1472.76
17.3 318.91
14.4 903.26
22.83 376.02
-4.15 707.34
11.45 888.63
0.51 288.51
10.42 -143.57
22.17 -135.7
3.46 278.5
12.18 313.27
16.67 1439.05
9.07 895.1
7.86 -115.09
5.41 314.27
9.46 310.04
-9.53 -158.1
4.09 812.59
-10.49 230.1
-0.02 745.29
10.21 -162.19
8.83 314.17
-7.27 -172.51
-1.36 -129.07
24.01 1544.01
24.41 -139.31
3.6 837.66
9.79 1382.95
15.61 883.97
-7.24 1115.17
10.47 867.02
2.33 1240.09
8.34 298.89
-9.66 -128.0
-5.17 267.29
9.61 301.87
-0.58 749.91
-7.73 637.0
-1.85 707.55
4.19 794.0
-6.05 248.32
5.41 -142.65
-9.99 219.01
-0.62 311.89
4.47 793.68
-4.31 1164.36
20.46 -106.83
21.73 1007.02
3.68 -155.37
22.35 335.02
9.42 323.15
-0.71 750.99
-5.21 699.74
3.5 -138.45
9.11 287.78
21.77 978.35
8.35 -168.13
12.12 -108.83
8.1 312.74
-9.99 -127.44
-1.33 -144.71
12.22 1429.83
1.65 775.94
16.27 297.93
21.38 1557.54
24.38 -154.07
-5.32 677.01
11.18 1418.72
-3.32 -138.09
-7.6 646.05
22.87 -167.51
19.37 919.3
-6.66 239.98
13.67 302.39
-5.62 -98.82
2.48 807.42
17.59 919.88
23.8 1596.41
-2.58 277.66
12.82 366.36
4.06 1256.55
10.78 1419.1
12.09 1394.69
9.63 330.49
4.06 -116.2
-8.18 -171.68
6.72 816.36
17.41 931.83
15.11 317.75
10.84 -120.6
-3.59 722.56
10.12 -178.22
13.79 -151.46
15.25 312.44
-2.41 -161.26
18.96 405.26
4.03 807.64
-10.65 1104.36
1.27 306.07
-9.15 660.41
-5.46 -145.6
-1.57 277.15
-5.01 -150.73
10.25 846.97
17.24 1501.22
-10.42 240.71
-1.28 317.01
18.52 1525.4
20.47 409.04
-10.29 -171.09
18.56 933.23
11.7 349.16
-6.6 235.25
15.21 1422.15
20.78 1548.25
-4.03 708.5
21.23 908.79
-7.99 1129.36
-6.42 -179.27
-1.15 1201.07
5.95 1327.37
12.39 1379.83
24.7 1030.33
4.98 -93.84
17.92 360.4
22.06 -143.92
-10.3 1070.35
23.11 -129.94
-2.76 -182.81
0.8 -168.62
20.88 336.49
1.11 -137.39
18.83 957.55
1.34 318.79
3.7 740.8
-3.19 -180.08
4.48 282.17
-1.36 1222.93
10.83 -106.32
16.87 -119.74
24.59 1600.96
-10.72 250.52
-5.24 255.49
-0.38 -180.2
8.19 1364.13
-1.63 -154.02
-3.97 -116.26
4.94 1299.7
-8.23 1102.58
23.07 -120.16
20.09 1468.62
15.9 -140.73
-10.46 1071.05
8.82 272.39
-7.56 -109.37
-2.25 -92.56
13.11 1421.31
7.45 1365.85
9.92 874.39
-9.74 -115.6
11.82 335.59
4.7 1269.71
2.66 289.37
1.46 284.12
2.37 -191.48
24.47 311.52
5.91 -122.73
-11.33 624.33
-10.47 223.24
16.41 -102.78
21.23 -122.33
-4.05 751.71
23.24 -143.98
24.5 1579.36
-2.35 1207.46
-8.85 670.24
5.97 312.13
8.49 345.91
-5.68 -113.95
4.04 1297.84
3.16 801.14
18.95 -81.64
20.34 321.7
15.59 -117.26
-5.37 -94.45
4.12 1241.5
18.04 -148.73
7.09 1311.38
9.14 306.43
9.11 830.99
-5.85 726.32
9.46 872.05
11.84 917.07
5.49 786.26
2.09 295.72
-3.72 730.79
-4.16 -147.75
7.03 836.46
2.59 1280.54
8.81 -127.87
-8.33 1097.64
-1.94 264.72
-0.75 742.7
13.81 1429.18
11.36 296.46
-10.55 282.63
4.05 781.39
12.95 -147.61
-5.53 305.67
-11.44 649.23
13.09 -129.04
8.12 302.66
24.01 1533.98
17.08 916.6
-9.02 673.52
-9.04 251.81
16.12 -138.77
-1.77 -173.71
6.6 844.56
8.05 1327.16
13.2 -146.75
-0.23 1194.49
-7.24 -159.34
-6.52 -168.97
7.86 1339.96
-6.29 1088.84
-6.7 -161.01
4.95 337.41
14.71 1488.56
-2.82 721.85
12.57 -152.52
20.15 -132.35
2.24 789.67
4.8 1323.78
-9.67 243.9
-2.54 -149.62
23.35 946.05
16.78 -132.45
-0.33 284.19
-9.16 1070.91
2.92 257.93
0.98 -143.65
14.44 324.48
21.35 1006.3
9.61 358.49
23.34 1570.24
19.44 1487.41
6.31 340.0
16.64 -164.72
3.58 1279.36
23.55 331.53
14.66 288.2
-11.1 195.21
8.91 292.38
-10.39 1092.59
13.88 344.87
3.86 1300.02
10.44 -116.12
0.23 1235.58
3.4 825.89
9.07 326.76
15.25 906.21
22.2 343.47
12.73 1391.05
13.86 897.75
3.08 -108.57
15.26 -105.19
12.82 1417.83
-6.21 -169.0
9.36 319.23
16.41 901.27
8.98 912.64
19.76 977.01
15.71 917.7
-3.17 260.98
-0.38 254.49
-7.6 1038.18
-7.04 729.71
15.75 1456.68
9.8 346.88
12.78 840.35
19.98 374.07
8.26 1353.54
-11.24 -151.53
23.34 -177.57
18.28 -155.85
15.89 903.45
-10.4 1049.43
19.67 -111.64
21.87 967.94
0.41 766.57
6.49 259.01
-10.61 -102.74
-8.52 1110.4
-7.99 676.62
1.31 1206.48
-4.26 1161.57
23.67 1010.7
19.28 930.73
-4.66 702.69
18.86 347.03
8.28 -111.14
-5.18 1151.92
17.34 -126.26
15.04 925.45
-3.23 -126.46
-4.28 -141.45
20.33 1554.89
13.79 1445.58
5.97 814.05
4.61 780.45
-0.17 789.32
12.73 -151.74
0.59 257.45
11.15 -90.13
2.79 289.74
16.4 1462.19
22.32 981.66
4.77 1284.56
19.16 1562.94
11.78 1386.7
15.19 974.08
-10.81 -187.08
-10.9 221.19
-10.58 -175.18
9.0 1349.19
13.81 880.87
24.77 420.28
-0.65 298.15
0.08 306.27
-6.93 306.46
6.59 829.47
14.58 1446.27
4.74 281.04
-4.15 314.64
4.35 1316.99
-11.21 689.86
10.16 326.8
19.3 -86.65
-2.56 1183.45
16.06 947.6
23.44 1587.42
-9.41 -124.22
1.36 303.85
-11.65 -147.9
18.84 375.61
16.64 338.41
-8.81 244.06
22.26 984.92
5.76 1287.37
2.19 298.72
2.72 -143.68
-9.66 -140.92
14.37 908.16
-9.77 222.77
10.57 851.05
-10.01 -197.88
16.17 1502.04
13.7 1473.4
6.09 -115.52
21.68 1013.34
-3.79 1175.85
5.2 -137.18
5.39 -151.39
16.35 -136.24
10.63 302.92
-7.04 -150.08
3.02 -153.16
21.11 347.95
2.92 787.22
9.56 1324.24
7.5 -124.72
-0.25 289.68
13.06 -141.05
7.98 291.64
16.69 -147.67
16.76 -138.02
6.83 1304.13
-9.43 -165.02
2.75 314.05
0.26 302.46
-5.69 1157.79
15.4 908.12
18.64 1444.28
11.98 895.31
19.5 323.38
9.33 848.06
-10.05 1116.28
-4.54 -114.95
23.46 1618.72
14.19 1459.8
16.1 925.73
12.55 885.1
17.41 -121.79
17.14 -81.11
23.04 -116.66
-11.95 -174.02
0.88 -143.43
14.2 406.48
7.28 1346.73
-3.25 732.81
9.94 -132.65
-11.14 -152.3
22.11 969.54
11.99 363.83
10.13 -157.12
19.6 1565.47
15.67 908.53
0.6 805.51
11.32 -138.26
23.42 -139.51
15.66 1447.92
5.06 1337.5
-2.17 712.02
9.48 297.04
-7.81 241.86
-8.16 -113.65
14.3 1459.55
-4.62 674.49
4.81 -177.48
21.19 -113.94
16.35 320.55
8.17 1393.33
-0.58 775.32
12.06 884.02
-1.89 1232.27
3.63 819.32
11.1 835.92
12.76 -118.83
-0.68 757.53
6.73 838.65
-5.48 694.81
-0.65 753.6
0.59 273.79
10.16 317.69
8.8 1326.35
-7.98 -178.4
-11.93 1057.46
19.5 1527.68
18.39 -122.77
17.48 -156.91
15.74 1491.11
-6.45 1147.48
-11.52 -160.31
17.42 1508.52
9.33 -131.46
21.57 1582.27
-0.23 -147.91
14.61 339.32
9.79 835.2
-4.26 -144.68
22.58 366.5
14.21 901.33
-1.41 269.19
21.39 347.3
-10.17 -162.43
-10.11 1057.53
3.46 -144.2
-2.18 287.42
23.38 353.35
7.67 811.56
4.36 789.42
0.6 790.96
-11.06 224.55
5.44 -156.95
16.84 -95.61
0.2 293.96
-4.83 278.3
20.53 -145.94
-11.74 258.54
13.84 338.73
23.08 -116.35
-2.69 1192.98
23.49 995.38
7.09 287.45
10.69 306.07
-6.37 298.99
11.21 863.78
22.89 380.52
1.09 295.32
-5.43 252.66
3.24 1325.43
-7.37 1110.3
0.63 1257.22
-5.67 220.29
4.48 1275.94
-7.65 264.22
-6.7 178.43
24.8 -102.3
19.49 907.24
11.76 1400.69
-9.65 -137.37
17.37 345.27
6.92 1333.58
24.68 1668.86
4.32 -139.05
-8.71 679.79
24.48 1013.68
17.6 1474.89
-9.72 1153.96
2.22 804.11
-11.39 -138.15
0.08 -139.17
-1.68 1182.9
-9.18 708.88
6.32 310.52
7.17 -142.15
13.54 1451.38
9.65 1387.03
21.65 999.02
17.73 409.52
1.64 729.24
-0.01 334.49
-0.34 738.75
18.37 942.31
-0.43 -162.07
10.52 894.58
14.6 324.84
-3.81 1178.86
4.12 1286.94
17.74 -149.73
23.21 -108.13
-1.79 1200.86
7.51 839.95
8.39 872.51
-7.14 1087.99
-8.33 1089.03
-1.21 313.51
-5.67 -167.82
-11.8 1083.39
-0.36 -130.71
-7.98 185.3
17.31 1476.13
15.31 901.15
-0.04 -159.29
0.64 1255.39
21.74 1519.82
11.32 847.99
-4.65 -117.66
18.9 379.7
-8.38 656.14
14.03 1441.73
19.44 321.87
22.0 -121.93
-6.02 1144.46
15.58 1432.22
21.42 422.13
6.74 -161.84
21.83 348.16
0.58 -147.48
-1.97 307.39
6.8 804.29
12.19 895.23
17.11 953.0
-3.45 1206.82
11.51 306.27
19.9 1019.99
19.64 970.23
-10.72 1054.51
-6.33 727.09
20.6 377.4
-10.85 1058.9
14.53 -154.17
17.68 885.76
14.95 -100.38
22.97 -156.66
-5.62 648.32
8.52 299.62
15.12 888.46
18.79 1520.44
7.36 805.01
3.53 748.99
19.74 -97.79
1.78 1292.85
-10.92 638.28
-3.86 263.41
16.14 362.97
-7.2 705.16
16.58 1466.43
14.79 1461.37
-8.82 294.36
-4.42 225.38
8.86 1318.73
-1.38 -156.71
22.85 1557.75
-10.14 262.9
-5.02 706.66
13.81 924.95
23.65 1642.11
-7.16 -127.24
-1.39 271.1
-9.31 1071.79
10.81 -115.3
-10.58 -139.69
22.21 952.69
24.78 1595.35
21.02 960.66
22.03 392.2
5.64 -171.67
-2.57 1209.77
-1.71 743.45
1.55 -177.34
-6.54 -160.08
-4.99 707.0
-0.74 -126.05
13.72 1421.34
17.25 941.71
-5.49 -132.64
-1.15 753.35
20.17 962.26
17.77 310.7
20.11 1567.78
19.07 -146.93
-4.77 730.8
17.82 -104.25
1.65 1231.58
21.69 -106.63
1.55 -142.45
6.69 264.53
4.38 806.83
14.85 334.02
7.29 -160.55
-6.49 260.07
-8.99 -125.39
8.22 869.84
15.23 931.9
-8.05 665.75
16.36 939.2
5.78 -148.58
17.71 -117.44
6.64 291.58
6.57 336.94
9.13 277.18
-1.2 808.43
-10.57 1065.9
18.57 1498.4
14.15 284.36
15.39 339.84
-9.34 -148.08
0.74 -122.87
14.76 1441.42
16.87 893.6
17.1 1515.53
20.23 1547.31
9.6 1387.24
5.53 821.75
21.41 -122.12
-9.8 620.53
9.97 1371.11
0.67 760.62
-7.02 -126.4
3.34 293.23
-2.59 -111.14
-2.33 1167.42
22.54 1585.02
7.6 828.93
15.83 266.01
14.09 -136.08
-3.87 249.34
21.39 355.39
14.92 -172.82
20.5 -98.31
13.94 -153.86
-11.64 587.96
4.61 818.55
16.17 924.28
7.66 290.63
9.26 1439.09
10.14 1350.92
2.91 809.0
9.2 343.72
8.4 -141.53
0.73 -160.13
24.7 1613.48
-2.1 -169.24
2.21 -140.42
-0.06 261.21
11.48 -145.66
7.31 839.83
-8.92 -168.31
9.51 1345.51
21.34 1480.26
10.31 1358.9
-6.79 -159.9
4.75 1361.73
-0.79 -159.32
20.27 -110.2
19.85 1529.67
24.71 1010.08
19.22 961.2
16.57 901.05
16.27 354.85
20.43 354.58
-1.76 290.44
19.62 378.52
22.17 319.97
0.89 742.34
23.58 1572.35
21.82 -160.28
6.76 799.73
-5.87 239.81
5.67 839.89
19.94 356.81
3.47 781.13
21.09 967.44
9.59 -126.69
-5.5 1156.51
21.13 345.65
20.33 -150.17
-0.2 -167.95
-2.54 268.13
3.21 791.35
4.22 789.54
-3.98 1223.26
-9.73 685.67
10.87 -120.56
-10.12 -166.71
1.41 1288.35
20.65 -139.69
9.66 860.67
15.73 1414.56
17.95 -152.89
8.06 318.14
17.05 1522.59
13.11 -121.87
13.55 326.82
-8.83 672.41
9.35 844.94
-11.48 197.8
-3.69 1120.47
16.19 -91.07
-6.23 704.21
13.4 842.37
7.09 1308.65
-0.58 698.8
-3.48 -156.57
13.44 -122.55
-7.48 686.95
24.51 -99.91
22.68 351.61
23.2 1543.21
-4.9 693.58
3.71 309.17
12.61 1397.22
16.77 -163.08
24.73 1536.8
-8.95 1096.51
-0.19 1231.31
21.43 365.93
-7.02 1133.24
23.89 338.21
17.35 929.2
4.15 -95.68
-8.45 660.81
5.33 1309.48
-1.21 784.49
8.77 1364.23
18.95 338.66
4.51 -161.45
23.95 1637.26
-2.98 1176.13
24.38 1583.18
23.07 334.25
-10.67 615.91
3.21 292.65
-7.08 -165.1
18.25 -107.99
17.65 915.63
4.16 1291.46
19.28 338.81
23.9 -132.81
4.93 1281.24
11.54 1386.18
12.44 1433.67
15.41 -107.84
-5.5 1188.79
-11.22 1072.85
0.21 1243.9
4.41 309.44
16.16 928.43
-1.43 712.05
-0.1 740.0
22.47 1547.68
21.79 1553.04
-5.88 1161.86
-3.38 1164.21
-3.85 745.53
-9.82 -130.86
12.45 309.0
-1.36 738.05
0.54 1300.91
15.97 1489.54
24.39 -47.99
8.21 342.3
2.97 -152.11
6.88 345.11
-9.26 1117.67
22.59 405.81
16.7 -185.94
-2.82 724.78
-11.19 689.98
2.47 -132.79
1.87 -132.76
-6.08 672.43
17.38 1494.39
12.42 861.67
6.4 -103.14
10.4 -108.7
4.11 -121.03
15.74 -129.17
5.98 1306.53
15.71 1463.2
-8.27 1068.86
-8.28 -132.51
16.15 -79.32
15.2 333.43
22.76 323.84
14.46 1434.1
-4.92 -119.95
7.28 801.7
-6.17 1126.0
-5.15 264.17
22.96 1035.29
-8.62 1121.95
-4.01 271.74
3.8 -149.7
7.53 816.89
11.44 1425.56
-1.19 -152.96
-0.7 1229.06
-6.54 266.55
-5.24 1098.95
16.52 931.43
24.9 407.88
19.88 1020.3
7.49 325.9
11.49 373.7
13.08 -111.32
0.31 1209.53
1.68 778.47
15.25 339.2
3.4 1265.51
-11.08 1077.2
1.77 784.32
24.19 1630.48
-5.23 262.15
17.99 1545.05
17.84 949.02
-5.73 -141.41
-8.91 691.88
-4.46 1166.58
17.0 -147.61
16.67 1486.72
9.59 -134.1
-1.5 767.84
15.55 -75.49
-6.3 -145.4
-1.52 -103.35
18.79 948.22
22.61 1567.32
3.01 305.14
0.01 1217.14
-6.01 1160.42
15.57 1464.79
-9.72 1105.75
16.52 916.51
8.7 288.53
-6.0 -198.63
5.6 1312.02
0.88 267.47
1.76 1211.19
5.1 -144.17
-11.08 631.31
18.86 373.48
-8.91 683.04
21.07 -79.36
21.43 946.36
-4.57 -173.26
12.49 1354.93
24.56 1576.24
20.55 1021.92
-2.07 1191.61
-10.62 -146.14
-11.0 1050.44
-3.75 751.43
18.82 983.03
-8.12 -111.94
-9.89 -187.75
0.31 269.18
23.99 393.92
-1.47 730.44
2.92 1243.78
8.62 1350.69
-7.58 -136.92
21.08 1533.74
-11.25 258.16
11.66 892.21
15.7 361.05
9.32 1390.82
24.25 1557.48
6.18 808.31
4.55 -188.76
8.61 358.24
6.31 1350.49
0.11 295.87
9.01 850.29
13.04 301.33
16.09 902.81
5.51 296.72
-5.16 1121.62
10.27 1332.55
17.4 951.97
-7.2 202.06
18.94 351.3
4.08 834.52
-0.45 1180.78
11.35 850.24
18.92 394.87
13.92 1416.95
13.72 302.13
19.82 930.32
-2.06 728.46
22.32 352.24
-7.15 -141.83
5.31 -193.52
-11.19 -143.3
-8.99 -160.36
-4.63 -181.57
1.35 788.25
16.59 962.77
-1.25 759.09
-10.68 641.91
-6.52 -178.12
-6.06 -162.78
-7.03 286.91
-3.77 707.94
12.34 889.61
9.48 316.57
-0.34 765.49
1.47 234.86
-2.51 1164.84
-5.94 734.08
18.5 1466.68
8.99 -152.26
11.77 -99.37
13.55 312.62
5.65 313.62
1.38 1282.39
5.38 778.2
-5.77 -134.55
8.66 1381.02
-6.94 1124.71
-1.25 769.35
-4.43 1161.64
14.54 898.18
0.98 1249.88
-0.02 1235.43
6.46 340.03
-3.71 1193.59
13.1 -113.77
14.3 918.26
2.4 775.91
-7.07 -151.31
-2.48 281.05
9.85 -117.59
-8.03 1127.88
23.1 -142.83
0.9 -153.16
-2.3 1163.23
-7.98 1118.08
0.95 788.28
2.18 755.33
6.68 1331.55
4.03 1289.94
12.96 310.9
5.8 324.61
12.52 931.88
10.92 841.57
2.78 286.35
-5.38 -107.63
24.04 994.92
22.4 -128.3
3.29 1234.12
1.29 -138.41
14.32 904.51
24.06 -119.6
-10.48 230.15
1.82 1234.37
20.44 929.68
23.66 989.59
9.67 859.01
-10.36 219.34
-0.38 1248.3
24.49 -131.71
24.26 -113.23
7.7 -187.89
23.65 349.15
-11.97 651.77
21.47 338.43
14.88 930.5
-5.17 718.91
-9.33 242.96
-6.07 657.92
18.93 954.03
12.54 848.89
16.73 311.85
-10.61 1102.72
16.49 875.12
-1.51 1179.76
6.39 286.32
-2.92 -167.31
-2.48 721.26
-9.98 1064.46
-11.44 1079.7
18.94 -129.11
1.15 754.95
19.83 958.04
-8.78 235.05
-7.9 633.63
10.16 308.78
17.01 -119.16
-0.34 770.1
7.41 1384.88
1.34 -150.56
-9.49 222.7
10.36 869.78
7.7 -143.58
0.82 320.48
-10.1 659.45
18.88 1511.71
-6.89 1096.58
19.22 346.0
13.29 352.33
-6.89 660.46
11.15 1432.99
-5.59 -216.3
-9.2 1108.99
-3.14 1210.0
