-7.72 656.69
20.44 929.68
-6.33 727.09
16.53 924.15
-4.02 713.11
24.88 980.4
13.4 842.37
24.48 1015.87
-7.9 633.63
16.52 931.43
-0.71 750.99
20.46 950.87
-1.09 733.51
9.38 822.85
23.22 981.09
12.32 867.88
-12.0 633.3
2.48 807.42
-11.17 632.26
14.37 908.16
-4.98 715.75
11.98 946.92
22.11 989.26
-8.91 691.88
23.45 1001.96
11.6 859.25
8.39 872.51
-5.32 677.01
5.55 785.28
19.28 930.73
3.96 822.09
20.47 930.43
23.62 967.3
0.41 766.57
8.52 831.97
3.47 781.13
13.7 911.35
19.41 945.25
-4.66 702.69
24.13 965.19
16.87 893.6
4.74 768.44
11.73 881.26
16.59 962.77
3.63 819.32
-11.97 651.77
-8.83 682.38
6.91 815.48
-2.44 731.51
-11.12 603.22
5.13 826.07
17.11 953.0
-5.94 734.08
4.61 780.45
8.98 867.58
9.54 840.73
-3.32 722.6
24.87 1028.23
14.5 892.95
-8.59 675.91
14.54 898.18
-1.79 734.78
2.83 773.11
3.16 801.14
23.29 1021.11
-11.93 612.44
-10.45 656.89
19.22 961.2
19.84 928.42
22.11 969.54
-7.1 680.18
-6.89 660.46
21.65 999.02
14.4 903.26
21.54 1022.26
5.48 811.6
15.31 901.15
-9.37 647.44
-6.28 680.22
7.98 874.72
22.96 986.58
23.11 995.68
21.23 908.79
24.01 1008.68
9.42 882.2
7.53 847.97
-10.31 703.68
-0.58 698.8
11.45 888.63
9.67 859.01
15.67 915.31
17.37 949.06
-8.86 645.5
18.37 942.31
-2.93 774.25
16.41 901.27
-3.71 704.54
-11.4 630.0
-0.68 757.53
-0.13 758.08
10.83 863.16
1.46 744.52
7.76 867.12
9.95 834.45
-4.79 755.24
-1.36 738.05
-8.2 663.05
15.47 927.27
-6.16 711.54
17.84 949.02
-2.26 736.9
17.79 918.41
2.22 804.11
15.06 939.76
15.89 903.45
15.4 908.12
10.79 853.18
17.11 943.17
19.03 903.58
20.16 936.71
12.32 845.05
-3.82 733.07
9.27 854.52
5.09 794.12
0.39 787.32
15.25 906.21
-1.05 734.12
20.87 963.71
-4.48 659.53
-9.77 639.93
6.43 822.07
5.29 809.96
19.9 1019.99
10.57 851.05
-7.93 693.82
-4.69 721.41
-7.33 717.44
-9.96 677.94
14.21 931.0
-8.9 673.5
21.73 1007.02
17.56 919.0
-3.62 689.85
-6.06 736.42
9.11 830.99
-1.42 747.46
-0.63 739.71
5.15 783.87
24.05 1001.41
-9.73 712.18
13.16 884.96
21.68 1013.34
15.38 861.46
23.6 1002.85
2.91 809.0
17.62 946.72
3.92 764.19
-9.52 648.84
22.93 933.72
-7.27 700.0
10.95 876.7
12.83 908.62
4.47 793.68
21.87 961.37
-11.18 581.63
-11.21 689.86
-6.74 645.7
8.68 842.7
-6.64 730.96
-0.97 726.15
-7.83 670.04
15.89 921.05
22.96 1035.29
4.94 792.99
5.0 820.57
13.51 896.37
19.37 919.3
-11.91 648.94
10.3 911.16
0.82 758.91
-10.25 667.44
3.73 764.99
8.78 837.46
10.03 828.8
1.56 807.8
18.41 963.18
-11.95 624.41
-3.51 722.27
20.1 955.36
7.2 811.74
1.77 784.32
3.02 812.38
-5.21 699.74
2.67 772.65
-0.79 766.58
-8.85 670.24
22.52 991.49
11.32 847.99
14.37 895.69
-4.19 708.83
-4.31 701.43
20.96 945.46
2.84 818.34
10.78 836.36
-11.64 587.96
6.73 838.65
-2.75 759.4
12.69 891.72
-5.0 706.12
21.64 985.03
-6.47 700.46
3.7 740.8
-7.73 637.0
8.96 878.46
12.46 899.86
15.39 898.56
15.77 959.36
0.91 777.7
17.54 934.24
9.29 828.36
18.09 941.15
21.64 946.47
-1.07 751.83
1.65 775.94
16.1 925.73
6.28 781.83
-11.91 652.12
8.45 800.51
21.19 984.58
21.82 974.84
17.9 932.53
18.82 983.03
-6.07 657.92
24.22 1008.6
-3.6 691.87
12.67 841.69
20.9 979.05
21.77 978.35
16.16 933.9
17.08 898.39
5.61 821.26
7.51 839.95
-6.21 662.38
10.77 889.21
15.4 923.9
-3.07 709.68
14.3 918.26
-8.75 670.19
0.6 790.96
16.57 901.05
5.53 821.75
-6.6 686.99
6.18 808.31
-1.56 702.74
13.38 877.12
-3.59 722.56
4.47 777.88
-2.02 738.1
-2.51 692.66
21.14 1008.09
7.13 806.87
-1.76 721.08
-10.07 651.36
1.95 758.25
7.6 828.93
1.96 804.49
-1.67 744.47
13.81 924.95
9.66 860.67
12.52 931.88
-6.08 672.43
-4.94 716.33
13.01 858.44
13.65 859.14
12.31 866.61
-6.74 635.84
15.19 974.08
-0.22 771.33
19.64 970.23
15.23 931.9
15.04 925.45
22.21 968.87
-7.26 655.93
9.97 843.28
-1.89 691.99
-8.91 683.04
4.05 781.39
-8.38 656.14
17.08 916.6
-9.82 686.77
-5.02 706.66
15.17 907.25
11.35 850.24
-5.84 692.22
-3.07 765.82
-0.34 770.1
20.89 981.63
-8.07 695.29
22.78 987.13
21.5 941.19
-9.02 673.52
-6.94 695.45
-7.2 705.16
0.55 803.83
4.92 835.96
5.63 794.17
3.83 779.83
19.17 962.24
11.42 859.04
18.89 915.37
23.97 1010.84
-0.77 752.89
-1.33 775.24
10.5 859.9
16.97 941.01
19.84 976.88
16.52 916.51
24.93 986.24
19.47 948.71
18.55 951.14
19.22 924.09
-4.05 751.71
7.53 816.89
-6.02 696.61
10.98 840.39
18.06 937.47
20.28 948.75
-5.67 678.13
9.29 847.74
-4.79 705.39
-8.8 667.19
-4.99 707.0
22.68 984.76
0.41 809.41
8.73 851.12
22.16 963.76
-9.84 655.18
-11.49 643.99
3.79 823.83
18.06 900.45
-8.37 701.67
-4.8 696.4
23.25 975.6
16.91 935.66
-11.5 638.86
-5.22 705.02
18.56 933.23
3.89 766.18
8.35 841.47
21.41 980.45
17.19 934.06
3.75 782.79
14.32 904.51
-11.28 665.55
23.91 1004.17
-2.06 728.46
-11.19 689.98
-3.6 732.99
-0.75 742.7
-0.13 772.31
9.53 860.68
-9.66 631.18
10.19 875.26
-0.44 718.84
8.22 851.17
23.96 1018.11
-5.03 728.77
16.36 939.2
4.19 794.0
18.93 951.23
5.55 804.2
4.61 818.55
0.84 743.25
12.78 840.35
23.14 1017.68
13.18 835.81
-7.1 713.98
7.28 801.7
6.99 837.04
8.64 825.89
21.02 985.08
16.69 880.53
1.68 802.62
0.18 747.94
23.5 968.13
24.58 1013.56
1.68 778.47
-7.83 653.87
11.1 835.92
17.77 974.11
-0.67 725.66
17.95 950.18
4.06 781.32
4.01 813.18
-9.99 660.79
-10.81 631.86
-9.07 673.96
-0.65 733.69
-4.04 695.36
23.74 955.54
-5.4 691.93
-9.34 691.33
-7.32 683.81
1.49 750.66
15.31 901.18
15.74 917.76
-11.01 601.46
3.37 767.44
-1.65 702.82
-6.23 704.21
2.02 725.52
19.8 926.2
-7.52 663.51
12.55 885.1
-10.46 662.09
5.49 786.26
-9.44 674.68
-2.94 745.02
2.89 759.88
7.67 811.56
-10.9 593.6
18.82 926.31
11.79 883.48
-1.8 698.79
-1.21 784.49
24.68 1004.37
0.65 707.13
5.87 838.76
24.7 1030.33
-8.83 672.41
10.42 802.62
-0.69 798.95
-7.66 694.03
24.46 1039.5
22.32 981.66
6.01 795.09
22.08 988.35
4.43 801.68
-2.79 723.64
23.46 1034.06
16.67 932.5
-8.8 672.13
23.34 1010.79
4.57 790.12
-0.65 753.6
-5.11 686.73
9.95 843.51
8.02 797.48
3.81 773.71
1.16 780.79
-9.31 597.6
8.98 912.64
-10.67 615.91
-5.39 720.94
19.82 930.32
9.97 843.26
-11.44 649.23
-5.37 691.15
23.21 982.03
-1.67 747.05
14.52 887.07
9.16 853.54
15.67 908.53
3.91 807.79
6.59 829.47
-7.41 661.0
-0.17 789.32
-1.71 786.55
-2.89 756.35
0.85 743.96
0.89 742.34
-6.74 719.65
17.35 929.2
20.44 963.53
0.14 770.1
12.72 882.77
22.57 1006.72
-1.72 774.47
4.07 791.59
-7.15 641.09
21.64 965.75
17.65 915.63
2.96 783.62
9.76 847.45
15.87 917.6
20.25 910.13
1.17 781.23
-7.23 709.91
-2.75 718.2
6.12 783.01
5.77 795.28
2.22 755.07
20.84 952.44
24.22 1013.87
17.25 941.71
24.87 1062.43
2.19 795.25
15.78 900.59
-11.43 634.78
18.88 951.58
20.7 918.8
-3.52 715.11
-7.62 670.43
-6.71 700.94
-3.89 734.58
-1.47 730.44
4.4 784.27
-4.03 708.5
18.11 946.89
9.34 808.8
-8.05 665.75
16.67 949.13
13.8 921.18
-7.19 730.86
7.02 852.23
4.55 793.33
8.76 827.92
3.7 767.58
-11.79 636.55
0.71 755.38
-11.33 624.33
20.44 930.98
6.25 856.05
2.4 775.91
-2.17 712.02
24.97 1024.99
11.01 869.87
0.65 782.76
-9.53 699.01
7.31 839.83
6.69 831.63
23.66 989.59
5.38 778.2
-8.09 693.65
-9.9 633.64
0.78 759.14
20.36 903.4
6.18 803.37
-4.62 674.49
-5.85 726.32
16.06 947.6
17.59 903.92
-1.2 808.43
23.3 958.82
4.03 807.64
-11.17 610.98
24.14 988.47
-11.67 653.72
2.45 737.81
-8.6 657.28
-4.66 660.02
5.97 814.05
-7.99 676.62
-10.29 642.26
10.47 867.02
-9.4 621.31
5.18 788.17
7.72 865.16
21.35 1006.3
-3.77 707.94
-1.25 759.09
21.26 993.02
-4.77 730.8
16.51 949.64
15.2 926.88
-2.88 718.37
14.21 901.33
-0.58 749.91
15.91 887.51
4.38 806.83
17.32 940.89
6.01 795.38
-0.34 765.49
19.73 972.54
10.52 894.58
9.11 819.2
5.85 819.83
-1.5 767.84
15.77 902.12
-7.81 684.01
-6.5 716.15
9.36 822.65
-7.48 686.95
9.83 901.31
20.61 993.08
2.87 769.22
18.79 948.22
-7.6 646.05
3.29 767.0
21.0 968.32
-0.61 749.39
10.98 832.04
23.49 995.38
20.17 962.26
-5.17 718.91
22.7 992.06
14.46 904.77
17.4 916.44
11.42 866.73
-3.2 737.0
4.09 812.59
13.54 913.48
-10.56 638.98
12.34 889.61
-10.92 638.28
1.35 788.25
19.88 1020.3
16.31 961.35
-9.67 675.13
18.83 935.34
13.16 865.13
-1.38 806.87
-6.06 704.25
17.33 945.87
13.81 880.87
-1.92 723.86
13.23 843.09
3.16 781.47
-9.27 673.03
-9.84 693.52
-2.59 746.54
-3.75 698.59
0.71 747.26
-5.2 676.03
19.89 922.37
13.22 911.95
-0.29 726.46
-5.09 724.83
19.2 953.48
7.45 862.4
11.85 855.94
11.83 877.54
3.21 803.44
11.84 917.07
20.44 1016.68
9.66 862.06
-8.45 660.81
5.44 797.14
14.89 900.32
8.03 841.12
-11.57 703.94
16.16 928.43
-0.87 780.88
15.12 888.46
-2.59 759.91
5.91 817.06
9.58 822.1
16.56 939.87
-2.82 721.85
7.48 830.07
23.72 1001.78
21.42 1016.27
21.61 986.95
15.57 916.9
6.45 796.89
-3.82 723.16
-11.73 618.02
-6.38 710.71
9.01 850.29
6.72 816.36
16.14 940.46
-3.75 751.43
-0.64 735.2
9.35 844.94
1.24 746.24
14.36 922.33
23.94 1048.2
-11.24 602.79
10.2 872.43
-0.02 745.29
16.17 924.28
20.03 1016.22
-9.57 647.53
6.91 783.2
3.31 787.38
0.77 799.39
-11.91 647.68
-3.75 695.83
0.93 754.88
3.53 748.99
-6.07 672.61
16.03 911.94
24.91 957.25
-0.52 755.45
16.09 902.81
21.71 962.16
-2.66 716.04
-8.15 669.05
20.57 942.89
17.43 888.87
19.62 961.77
-2.56 698.87
21.89 920.54
22.85 988.26
14.56 880.16
-8.76 650.91
-5.62 648.32
4.62 826.87
10.99 847.61
5.67 839.89
-3.7 748.41
14.25 917.73
12.19 895.23
-9.78 619.85
-1.15 753.35
5.0 800.33
-9.73 685.67
-10.35 613.42
4.08 834.52
-0.58 775.32
1.1 782.39
14.88 918.09
-1.25 769.35
21.24 996.22
-8.14 632.76
17.27 900.26
14.88 930.5
4.37 770.28
9.78 887.04
0.5 737.49
12.54 848.89
-5.2 690.8
-5.24 683.28
12.01 876.1
9.33 848.06
-1.71 743.45
-10.68 641.91
-1.87 730.71
5.13 848.07
-10.16 660.42
16.62 938.44
-11.91 655.51
9.89 870.71
17.12 923.34
7.03 836.46
7.05 855.78
4.98 850.58
20.0 910.84
11.21 863.78
1.15 754.95
9.07 895.1
12.06 884.02
3.4 825.89
22.26 984.92
23.38 1021.94
5.32 763.92
6.33 803.63
-3.19 721.5
16.49 875.12
21.18 986.93
4.88 788.0
0.6 805.51
8.18 865.94
-9.15 660.41
18.62 932.24
2.79 788.53
-9.17 653.19
-11.08 631.31
-8.97 674.66
11.66 892.21
17.41 931.83
1.64 729.24
9.46 872.05
5.04 840.23
13.75 887.31
-10.58 680.19
0.49 743.21
24.71 1010.08
-6.06 691.69
21.43 946.36
22.28 997.32
9.3 827.94
15.45 897.36
9.79 835.2
18.93 954.03
1.09 776.53
6.6 844.56
22.21 952.69
23.04 989.31
10.98 826.75
16.44 927.59
-0.85 756.84
21.04 1001.31
14.32 907.08
20.63 985.53
4.44 787.68
15.69 920.58
4.91 799.53
13.86 897.75
19.44 963.07
-8.84 638.63
23.35 946.05
18.83 957.55
20.57 977.26
3.6 837.66
-5.89 704.96
-0.07 785.61
2.16 785.36
2.92 787.22
-9.18 708.88
-0.17 765.44
-10.1 659.45
-4.63 658.25
18.13 896.37
-1.13 755.63
9.26 870.45
19.14 935.53
-5.82 699.94
7.24 869.07
-9.84 647.98
0.15 760.08
0.86 786.28
22.54 980.66
-4.15 707.34
12.15 885.32
17.59 919.88
8.36 857.39
2.52 746.15
24.65 1019.86
10.32 871.36
-8.71 679.79
24.04 994.92
1.22 780.92
21.83 970.78
10.36 863.89
17.31 936.76
-11.66 681.29
-4.29 697.6
-9.59 668.46
-8.21 631.85
-0.33 751.54
24.48 1013.68
15.73 899.59
17.4 951.97
14.93 916.89
11.16 864.51
-2.51 766.74
5.75 808.64
21.99 977.44
-1.85 707.55
22.57 990.36
24.59 935.63
-9.8 650.1
-9.8 620.53
-2.81 740.13
13.33 833.47
-0.23 707.48
-1.43 712.05
9.67 878.58
18.1 910.17
-5.78 696.3
6.76 799.73
-3.08 772.8
11.98 895.31
19.25 968.74
24.94 1034.78
3.21 803.49
18.0 928.27
9.34 892.78
-8.0 691.09
-1.47 739.45
2.0 807.27
23.44 960.26
10.75 864.56
12.59 862.78
23.53 996.3
23.67 1010.7
17.72 955.21
2.24 789.67
18.0 986.35
-1.06 745.8
-2.03 773.49
17.68 885.76
-7.04 729.71
18.02 975.77
17.59 889.95
17.25 873.86
13.33 926.82
17.78 939.07
6.23 831.33
6.8 804.29
-3.85 745.53
14.06 881.7
16.33 887.9
0.95 788.28
12.51 877.33
-3.93 777.63
-5.98 705.79
16.0 926.3
-0.1 740.0
-11.0 619.73
10.11 825.05
-5.82 699.13
-4.35 722.93
21.87 967.94
17.61 926.65
3.18 827.31
-7.46 677.16
4.36 789.42
12.44 863.16
23.03 936.41
11.23 885.68
3.57 811.49
-2.48 721.26
-0.34 738.75
-7.13 717.98
13.44 878.84
24.65 1027.09
-11.78 645.23
2.18 755.33
17.67 924.46
-10.84 648.98
3.21 791.35
19.62 986.58
19.79 981.5
21.09 967.44
0.6 769.98
19.83 958.04
-0.32 718.47
11.96 867.29
-11.28 673.6
-8.29 658.79
7.22 845.09
16.25 869.92
10.89 826.68
-1.61 750.02
-0.83 735.0
13.15 881.33
23.28 1021.22
24.31 1056.19
-2.7 770.83
2.56 821.69
8.66 863.37
10.94 845.61
20.04 957.9
19.49 907.24
19.74 925.83
7.11 839.69
7.36 805.01
4.4 780.74
-6.69 723.95
-3.25 732.81
21.76 1001.12
10.36 869.78
12.42 861.67
-4.9 693.58
19.76 977.01
-6.97 677.99
18.84 942.95
17.93 969.66
23.53 1005.02
4.22 789.54
-5.34 683.09
17.55 949.72
-3.72 730.79
21.02 960.66
16.14 916.5
1.7 744.7
15.75 895.25
1.74 731.86
8.22 869.84
20.55 1021.92
-10.66 651.75
2.26 776.42
12.16 884.51
15.71 917.7
12.63 893.81
0.67 760.62
16.28 923.31
22.28 998.73
16.91 935.67
8.81 870.83
3.88 756.43
-5.48 694.81
-0.21 732.08
10.92 841.57
4.76 789.05
15.61 883.97
1.55 799.35
16.02 921.87
0.86 749.33
-2.82 724.78
-0.17 770.92
-9.81 625.11
10.25 846.97
8.41 871.63
23.75 997.54
13.95 876.24
-9.33 655.52
21.58 956.04
9.92 874.39
15.16 935.2
24.78 1014.38
12.49 844.71
16.11 860.15
18.29 918.14
12.65 860.58
-0.04 764.89
20.71 956.02
20.7 955.19
