Execution time: 14.190430402755737
mse: 1.0402103861553902
Regression coefs:
	[array([-0.99733129]), array([0.99708703])]
Regression interception:
	[np.float64(0.04378950108069324), np.float64(-0.048160590821649474)]
Clusters:
[1 0 1 0 1 0 1 1 1 1 0 1 1 1 1 1 1 1 1 1 0 0 0 0 1 1 1 1 0 1 0 1 0 0 1 0 1
 1 1 1 0 0 0 0 0 1 1 1 1 1 1 0 0 0 1 1 0 1 0 0 0 0 0 1 0 0 1 1 0 0 1 0 1 0
 0 1 1 0 0 0 0 1 0 1 1 0 0 1 0 1 0 1 0 1 1 1 1 1 1 1 1 1 0 0 0 0 0 1 1 1 0
 0 0 0 0 1 1 0 1 1 1 0 1 1 0 0 1 0 1 0 1 1 0 1 1 0 0 1 0 1 0 1 1 1 1 1 0 1
 1 0 0 0 1 0 1 0 0 0 1 1 1 0 0 1 1 0 1 0 0 0 0 1 1 1 1 0 0 0 1 1 1 1 0 1 0
 0 1 1 1 0 0 0 0 0 0 0 0 1 0 0 0 0 0 1 0 0 1 1 0 0 1 1 0 0 1 1 0 1 1 1 1 0
 0 1 1 1 1 1 0 1 1 1 1 1 0 1 0 0 0 0 0 0 0 1 0 1 0 0 1 0 0 0 1 0 1 1 0 0 0
 1 1 0 1 0 1 1 1 1 0 0 1 1 1 0 1 1 0 0 0 0 0 1 0 0 0 1 1 0 0 1 1 0 0 0 0 1
 0 0 0 0 1 0 0 1 0 1 1 1 0 1 0 1 0 1 1 0 0 0 0 1 0 1 1 0 0 1 1 0 0 1 0 0 0
 1 0 1 0 0 1 0 1 0 0 1 1 0 1 0 1 0 1 0 1 0 1 1 0 1 1 1 1 0 1 0 0 1 1 1 1 1
 0 0 1 1 1 0 0 1 0 1 0 0 1 1 0 0 0 1 0 1 1 1 0 1 0 0 0 1 1 1 1 1 1 1 0 0 0
 0 0 0 0 0 1 0 0 0 0 0 1 1 0 0 1 0 1 0 0 0 1 1 0 1 0 1 1 1 0 1 0 0 1 0 1 1
 0 0 1 0 0 1 1 1 1 1 0 1 1 0 0 1 0 0 0 1 1 0 1 0 1 1 1 0 1 1 0 0 1 1 1 0 0
 0 1 1 1 0 0 1 1 1 0 1 1 1 1 0 1 0 0 0 0 1 1 0 1 1 0 0 1 1 0 1 0 1 1 0 0 1
 1 1 1 1 0 0 0 1 0 0 0 1 1 0 1 0 1 0 0 0 1 0 0 0 0 0 0 1 1 1 0 1 1 0 0 0 0
 1 0 0 1 1 0 0 0 0 1 1 0 0 1 1 0 1 0 0 1 0 0 1 1 1 0 1 1 1 0 1 0 1 0 1 1 1
 0 0 0 0 1 1 0 1]
