Execution time: 34.274221897125244
mse: 1.0232187986901664
Regression coefs:
	[array([-0.99652755]), array([0.99633097])]
Regression interception:
	[np.float64(0.03252387748632635), np.float64(0.05691243475981711)]
Clusters:
[1 0 1 1 1 0 0 1 1 1 0 1 0 0 1 0 0 1 1 0 0 0 0 0 1 0 0 0 1 1 1 1 1 1 0 1 0
 1 0 1 1 1 1 0 0 0 1 0 0 0 1 0 1 1 1 1 1 0 1 1 1 1 0 0 0 1 1 1 0 1 1 0 0 0
 0 1 0 1 1 0 0 0 1 1 1 1 0 0 1 1 1 0 0 1 1 0 1 0 1 0 0 1 1 0 1 0 0 1 1 1 0
 1 1 0 1 0 1 0 1 1 1 1 1 0 0 0 0 1 0 1 0 1 1 0 1 0 0 0 0 0 1 1 0 0 1 0 0 1
 0 1 1 0 0 0 1 0 1 0 0 0 1 1 0 0 1 0 1 1 1 0 1 0 0 0 1 0 1 1 0 0 0 1 1 0 0
 1 0 0 0 1 1 0 1 1 1 1 0 0 1 0 1 1 1 1 0 1 0 1 1 0 0 1 1 0 0 1 0 1 0 0 0 1
 0 0 0 1 0 1 1 0 1 0 0 0 1 0 0 1 0 1 0 1 1 0 0 1 1 1 1 1 1 0 1 0 0 0 1 1 0
 1 0 1 0 0 1 1 0 1 1 0 1 1 0 0 0 0 1 1 0 1 0 0 0 1 1 0 0 0 0 0 0 1 0 1 1 1
 1 0 1 1 1 0 1 1 1 1 0 1 1 1 0 1 0 1 0 1 1 1 1 1 0 1 0 0 0 1 1 1 1 1 0 1 1
 1 0 0 0 1 1 0 1 0 1 0 1 0 1 0 1 1 1 0 1 1 0 1 0 1 1 0 1 1 1 0 1 1 1 0 1 0
 1 1 0 0 1 1 1 0 0 0 0 0 0 1 1 1 1 0 0 1 0 0 1 0 1 0 0 0 1 1 0 0 0 0 1 0 0
 1 1 1 0 1 1 0 0 0 0 1 0 0 1 0 1 0 1 1 0 1 0 0 0 0 1 1 1 0 0 0 0 1 0 1 1 0
 0 0 1 1 0 0 1 0 0 0 1 0 1 1 0 0 0 0 1 1 1 0 0 0 0 1 0 0 1 1 1 1 0 1 1 1 0
 1 0 1 0 0 1 0 0 1 1 0 1 0 1 0 0 1 0 0 0 1 1 0 0 0 0 0 1 1 1 1 0 1 1 1 1 1
 1 1 0 1 0 1 0 0 0 0 0 1 1 1 0 0 0 0 0 0 0 0 1 0 0 1 0 1 0 0 1 1 1 0 1 1 0
 1 1 0 1 0 1 0 1 1 1 1 1 1 0 1 0 0 1 0 1 1 1 1 1 0 0 0 0 1 0 0 0 0 1 0 1 1
 0 1 0 1 0 0 0 0]
