3.5 23.86
10.86 47.55
5.31 13.04
11.35 50.93
3.51 25.43
1.4 23.98
0.62 -2.33
1.04 13.43
8.92 30.58
6.74 24.42
3.83 12.33
11.54 48.68
2.53 3.28
11.34 40.56
11.57 52.38
5.98 35.44
2.78 8.55
8.56 21.09
0.25 1.45
6.31 36.89
0.85 22.36
0.42 17.54
9.43 45.45
2.48 17.78
5.06 24.63
5.16 27.55
11.02 33.29
2.56 6.83
7.69 40.04
0.64 5.68
12.52 58.19
10.6 43.19
9.76 23.4
4.16 18.01
0.79 24.53
1.79 17.64
2.46 19.79
7.54 39.64
6.02 31.79
9.6 43.42
10.71 41.06
2.72 16.73
11.45 33.91
12.32 55.72
1.38 -4.63
2.28 28.24
2.7 26.09
9.62 34.04
7.7 20.53
5.81 31.01
3.07 30.79
12.14 51.92
8.42 47.47
10.04 49.44
10.89 42.27
8.14 33.92
11.33 48.81
0.01 -0.54
10.94 47.01
9.78 28.85
7.73 35.02
7.79 31.64
10.84 42.65
7.59 19.0
0.72 5.92
4.08 24.15
2.53 2.23
11.82 40.05
0.99 2.16
6.2 20.65
7.13 21.64
2.4 0.1
4.79 8.76
9.47 27.81
10.45 45.3
12.24 51.25
9.85 43.62
10.28 45.9
7.65 13.32
11.05 32.63
3.11 28.64
12.5 41.35
2.64 9.27
6.53 14.84
0.07 1.41
2.74 31.24
4.63 33.24
12.49 37.21
11.23 33.52
11.44 33.89
8.93 28.56
1.04 16.97
10.16 52.91
3.56 26.22
8.01 42.05
12.48 34.97
12.63 37.31
0.13 17.26
8.54 26.13
0.92 19.69
1.02 4.73
9.7 53.46
5.65 27.82
1.19 15.21
1.04 14.58
2.11 4.0
7.81 27.44
6.11 14.06
6.32 21.19
2.07 24.81
1.93 14.62
2.36 5.68
0.95 22.23
10.3 48.47
7.46 33.03
11.39 34.69
6.77 36.74
12.63 36.43
9.48 47.01
12.58 41.02
2.04 22.62
4.19 35.2
4.66 21.36
3.83 25.75
8.16 43.17
12.88 30.31
11.44 46.88
5.75 35.01
4.23 26.26
10.8 34.04
1.92 7.07
7.0 38.21
4.2 11.12
2.36 22.93
5.42 27.84
10.46 32.73
11.4 32.12
11.59 36.09
12.96 46.98
1.91 26.77
4.11 15.49
0.88 6.16
2.86 5.49
2.06 15.17
5.9 22.47
3.61 8.41
11.2 51.58
7.5 40.02
6.76 37.9
4.93 4.78
6.92 22.25
8.26 26.92
6.6 19.47
0.39 12.19
2.11 -3.32
11.13 49.3
9.2 25.82
0.61 5.05
11.05 31.75
5.0 10.91
2.45 22.81
4.89 29.76
9.33 20.36
7.47 20.52
3.33 20.92
4.5 13.9
5.05 13.12
4.4 13.62
2.58 20.41
2.37 8.89
11.3 45.68
0.85 17.47
3.08 30.99
4.96 14.53
7.07 22.05
12.27 34.11
11.78 30.5
12.94 54.85
2.23 18.43
6.04 35.7
3.55 6.23
3.37 20.46
3.64 7.46
10.6 34.38
1.81 8.26
9.08 24.03
3.63 24.32
6.21 38.07
10.32 32.61
5.03 27.55
8.0 16.89
9.5 28.47
2.5 -1.68
1.7 7.78
11.98 42.3
8.92 35.36
0.91 18.75
11.45 44.35
9.25 40.68
4.26 30.08
5.54 25.53
10.59 53.05
7.31 21.52
7.55 25.52
5.41 14.89
5.55 14.62
6.94 40.46
6.7 31.12
7.86 36.88
5.99 20.26
2.59 32.57
0.16 5.08
12.69 40.31
0.44 2.64
1.4 21.47
3.17 6.65
8.77 24.0
12.14 34.51
8.93 40.44
10.05 46.25
4.03 28.17
3.02 9.73
0.04 -5.58
9.06 40.28
10.31 54.7
5.94 40.44
7.91 38.69
12.12 49.65
0.41 0.39
1.09 19.79
9.16 20.3
4.18 29.45
9.06 28.89
12.77 55.7
8.66 43.15
7.76 27.2
8.73 36.69
3.19 14.45
3.05 12.18
6.5 20.5
6.38 13.53
2.21 17.7
10.15 32.41
6.99 18.81
7.41 33.83
0.37 -1.04
6.75 21.51
8.15 25.76
8.0 48.85
3.7 11.16
11.79 33.21
6.22 29.13
0.91 19.79
12.17 51.99
3.88 11.92
10.34 47.62
4.34 15.61
9.02 30.8
6.81 39.57
2.23 8.13
3.21 19.25
8.89 17.58
4.54 17.52
5.68 20.85
6.3 17.1
9.45 34.13
12.18 38.4
5.93 9.0
4.18 27.35
1.7 16.69
2.2 17.11
5.56 18.31
6.25 34.9
9.02 41.77
2.61 24.39
2.6 2.57
11.04 50.28
0.44 -3.35
5.05 11.94
2.22 19.14
3.33 9.54
8.81 35.0
7.37 16.75
9.85 46.96
0.81 27.25
5.78 11.58
7.61 37.24
0.09 16.85
11.96 29.97
10.65 44.25
11.82 52.99
9.89 34.47
8.87 18.95
6.55 36.39
9.49 39.76
3.93 32.59
6.94 9.35
1.45 18.26
12.58 51.51
9.24 52.99
7.4 18.73
0.89 -2.3
2.0 18.19
2.95 1.89
1.9 5.62
6.65 22.9
1.85 10.4
12.98 42.79
6.94 37.83
4.26 7.85
12.19 32.22
8.16 41.56
10.68 24.8
7.82 21.35
0.22 -0.8
9.47 40.5
5.88 12.64
10.53 27.58
7.94 20.03
3.98 32.01
9.67 49.79
4.61 30.29
3.6 20.36
4.02 24.97
1.59 4.75
11.37 53.6
10.31 32.42
2.21 16.99
11.99 37.53
11.65 49.69
9.77 33.09
11.78 56.86
3.66 25.03
7.16 24.84
7.82 44.21
10.87 33.1
9.44 26.94
4.94 9.44
4.03 12.17
8.7 41.67
8.03 23.59
10.54 44.46
3.12 9.61
12.49 50.93
11.4 42.23
6.88 20.41
9.2 19.54
9.66 46.88
9.81 26.63
3.2 5.77
3.07 7.18
5.76 29.99
6.77 13.49
9.35 46.81
8.83 44.92
4.69 25.64
9.71 29.9
10.1 30.64
11.49 31.17
10.59 34.45
4.92 8.73
3.58 26.31
7.5 22.66
12.83 49.38
4.0 21.02
10.4 33.43
12.13 38.18
10.49 50.32
5.97 24.4
1.23 15.0
0.34 25.21
12.39 50.41
4.2 21.19
7.19 35.93
0.42 6.61
4.89 14.42
10.99 35.39
11.45 49.24
11.11 33.55
6.74 34.3
3.72 28.29
10.97 37.9
5.55 31.15
6.68 27.42
9.05 44.06
9.94 30.57
4.97 8.24
3.74 7.29
0.72 13.55
0.68 -2.94
3.1 7.3
10.83 28.17
9.2 40.74
9.1 23.74
0.14 16.43
7.61 21.68
8.82 16.09
8.48 44.86
12.51 56.51
0.79 -2.17
11.55 49.83
8.9 27.18
12.3 33.39
0.3 16.88
7.11 20.93
7.5 35.58
10.15 44.88
4.3 15.16
7.63 35.23
1.96 6.31
2.52 1.67
12.99 53.48
12.85 37.58
7.79 23.34
7.5 21.48
7.5 20.33
3.88 23.94
10.88 46.56
4.7 28.08
2.79 13.94
11.5 31.9
9.96 22.93
1.17 10.94
11.38 49.52
7.37 38.97
5.2 21.07
1.68 21.25
11.22 28.82
6.8 24.18
3.35 18.46
1.86 20.86
8.4 35.12
8.59 44.96
3.62 10.5
5.83 15.27
1.77 16.14
8.19 22.8
3.66 21.79
6.01 10.22
11.42 32.56
1.13 -4.26
7.32 11.06
12.67 37.86
4.79 17.27
5.14 30.87
9.42 35.77
11.89 30.24
1.63 24.36
5.62 29.92
0.39 21.76
2.89 8.79
7.95 17.86
12.86 41.13
7.82 37.73
10.18 37.98
11.63 52.45
1.86 14.44
11.16 31.91
6.18 23.09
4.43 10.44
4.93 17.86
4.75 17.12
3.59 25.36
7.75 17.34
9.27 31.05
8.28 23.86
0.32 15.08
11.35 51.08
0.66 5.68
11.93 42.02
1.02 3.78
7.99 39.13
7.13 21.09
2.88 25.8
4.96 9.54
5.64 35.3
9.36 29.92
1.85 3.44
0.55 18.53
1.39 23.36
7.86 19.7
7.4 34.11
10.84 38.04
8.12 34.15
2.61 21.62
1.52 21.49
2.31 2.65
0.92 7.17
11.27 38.51
9.66 24.41
6.01 13.88
3.72 25.57
4.1 16.72
9.37 44.78
2.91 24.31
6.99 31.49
11.53 43.41
4.08 14.54
5.93 17.52
2.43 20.76
4.71 26.9
8.54 40.06
7.66 23.6
1.92 10.67
11.28 48.86
7.8 42.73
9.55 42.51
4.09 28.99
4.69 22.44
3.91 9.2
12.76 39.3
0.06 0.73
9.99 38.11
12.45 51.38
8.52 26.41
5.67 35.69
6.19 15.44
9.49 34.48
8.33 30.03
8.2 43.64
3.0 10.99
1.27 20.18
7.5 45.5
9.39 42.15
8.73 32.52
10.95 31.42
0.84 18.21
3.35 12.28
2.97 21.95
3.69 29.09
11.24 36.74
10.69 38.55
8.41 24.11
4.66 33.97
10.87 32.73
1.61 -5.42
5.95 17.0
9.93 48.86
10.73 50.33
4.02 0.92
1.28 4.35
6.83 13.79
1.97 3.52
10.7 48.42
1.42 23.01
8.1 28.61
8.38 46.65
12.15 56.9
2.43 23.61
9.04 21.34
0.88 17.74
0.02 8.14
5.55 12.43
9.39 38.07
3.12 19.45
11.97 52.32
5.01 12.69
0.98 20.32
6.17 40.75
4.25 13.16
11.95 56.77
7.59 25.53
6.58 33.21
3.56 10.59
9.76 45.17
9.93 42.17
8.49 18.97
3.85 12.42
12.01 53.46
1.62 3.58
1.78 3.4
6.63 12.85
2.48 25.67
5.71 12.21
0.98 5.13
6.07 20.76
5.08 11.16
10.21 41.65
6.12 21.42
12.55 28.42
12.89 38.73
9.96 42.74
8.25 41.18
5.72 34.38
11.92 51.98
7.87 24.81
11.67 54.39
7.79 32.66
10.78 40.13
6.64 34.09
2.99 9.09
4.01 12.18
7.3 35.26
5.38 28.85
6.42 27.58
6.56 21.65
12.82 51.4
3.22 10.24
11.47 52.42
7.77 39.39
2.92 25.49
5.29 27.63
9.65 36.6
4.31 8.66
8.5 23.33
7.02 23.88
7.91 24.59
3.21 9.13
9.85 52.58
5.29 21.39
2.47 17.24
3.1 9.82
4.9 11.85
12.42 39.47
8.46 44.07
4.17 3.48
0.56 18.47
12.25 34.45
0.89 18.89
4.19 17.48
5.88 45.81
4.92 31.25
3.68 29.43
4.67 26.75
4.23 7.63
7.63 38.17
11.69 38.47
4.7 28.5
12.33 47.66
11.09 41.77
0.11 12.02
10.03 33.81
0.67 0.89
10.86 33.71
11.41 32.89
0.49 10.98
3.44 10.91
1.96 26.01
8.29 28.69
8.18 31.0
12.22 47.43
7.99 34.9
5.39 33.93
4.7 15.91
2.23 10.24
11.64 24.66
3.08 19.47
6.43 31.12
0.81 12.81
5.57 17.18
2.96 4.71
2.22 21.34
10.31 27.86
1.14 6.65
5.6 11.48
12.16 37.32
5.05 11.09
6.9 35.28
11.51 35.14
10.85 30.36
6.72 16.96
1.19 2.54
11.87 37.73
3.34 13.75
5.04 17.79
6.75 16.58
5.76 34.33
9.42 29.03
4.98 29.89
11.28 42.01
11.64 51.11
0.24 6.28
7.87 27.69
10.8 28.74
8.22 21.66
5.07 12.14
9.41 32.56
4.13 22.95
8.92 29.13
6.3 34.25
11.07 35.67
10.07 18.35
4.23 27.25
12.23 48.12
1.11 -5.66
9.81 49.43
4.69 28.67
0.71 2.94
0.66 10.89
7.6 27.31
9.87 39.85
6.36 16.33
7.63 35.67
3.96 30.64
6.92 23.18
9.21 28.75
4.47 5.56
6.53 12.74
1.53 23.74
5.49 13.81
9.33 30.08
8.44 24.26
10.14 45.55
1.52 -0.09
3.91 4.38
1.03 16.5
5.52 38.81
6.46 20.94
12.56 39.75
2.18 25.31
12.78 36.19
12.65 54.86
3.24 29.28
1.87 23.48
1.81 16.39
12.1 31.84
1.01 17.84
4.61 34.86
8.89 26.92
8.9 44.07
6.54 37.94
3.49 12.77
2.88 20.85
4.98 12.92
0.32 -5.32
0.08 19.9
3.63 23.3
12.01 53.81
6.84 20.08
3.39 26.34
6.87 18.12
12.88 37.02
9.02 42.82
7.81 37.39
7.67 34.14
8.81 23.36
9.16 23.57
10.83 50.33
11.29 38.48
2.64 6.44
7.89 35.75
5.04 8.45
3.75 23.01
6.04 22.4
6.51 15.81
3.58 26.69
10.48 34.28
10.71 28.31
0.32 2.3
5.5 29.81
11.59 48.06
1.46 15.67
0.48 19.46
12.21 30.47
0.48 2.01
5.4 18.0
6.15 32.21
3.31 10.89
12.22 35.65
10.37 47.98
0.57 17.08
3.42 9.76
9.97 47.58
2.04 21.6
5.06 29.18
7.08 17.79
2.59 20.19
11.61 49.49
3.29 8.13
4.69 13.96
5.5 30.84
3.13 25.88
6.68 31.58
3.32 10.53
12.91 37.93
4.23 29.74
2.16 26.64
6.03 20.48
0.73 16.21
5.32 3.1
7.52 40.1
1.16 -3.42
2.12 7.2
10.25 40.79
2.27 1.91
2.19 3.28
2.69 4.53
8.16 43.91
4.1 25.3
2.14 4.69
3.55 13.98
0.31 12.68
1.63 2.31
10.88 33.34
3.69 22.72
8.0 21.82
6.48 14.31
4.95 14.43
8.65 34.2
0.47 19.0
7.55 18.62
0.89 -2.55
5.41 14.91
0.96 25.85
12.76 34.24
8.92 23.36
7.1 23.14
3.31 10.5
0.91 13.92
8.03 23.2
10.05 43.4
5.48 28.16
0.02 13.09
9.31 37.42
10.93 34.34
3.97 25.09
2.87 25.51
4.12 25.34
2.53 -0.28
9.39 19.78
6.78 16.93
10.46 44.65
1.42 16.26
7.8 43.25
5.09 31.74
11.73 36.63
8.53 39.89
2.27 6.46
5.42 13.27
8.47 26.29
6.95 15.87
10.01 24.76
11.38 44.82
7.93 43.21
8.23 43.57
2.34 20.4
9.51 23.66
0.12 9.78
11.13 28.93
2.87 6.05
6.88 22.83
12.89 36.53
0.77 18.86
11.84 54.11
11.16 48.72
12.26 31.42
9.93 29.88
2.16 2.25
9.81 24.09
0.79 13.84
6.7 33.34
0.95 0.5
1.52 5.91
11.26 46.21
3.77 24.95
0.43 2.18
3.13 2.05
9.26 40.78
9.34 46.29
6.03 35.84
0.55 -0.65
11.13 38.24
10.07 32.37
4.27 30.71
7.29 22.2
11.01 30.36
1.84 6.25
7.5 39.72
5.29 19.03
11.69 49.18
5.04 34.04
10.72 48.49
3.8 21.96
4.59 29.2
0.21 -1.16
5.38 21.5
2.69 21.87
7.36 9.09
1.16 -4.9
12.18 49.21
12.71 59.82
9.11 27.52
6.99 39.9
6.82 42.11
6.32 39.06
4.16 29.25
6.07 36.88
8.25 44.49
9.15 21.72
1.04 14.78
5.41 32.8
3.63 15.52
0.69 19.55
9.13 44.2
12.96 52.16
4.19 24.17
3.47 7.59
7.87 39.66
1.58 5.73
11.62 34.43
1.09 15.68
9.66 45.04
10.98 47.39
5.02 8.26
8.55 18.42
3.16 3.94
2.88 17.1
7.49 26.59
8.81 24.02
11.55 37.97
7.99 19.48
7.34 20.96
1.48 13.75
8.81 31.42
1.62 6.83
2.1 0.4
9.21 22.38
12.23 42.84
3.2 7.13
9.25 42.65
9.89 50.41
2.35 14.26
11.47 47.2
1.33 3.42
12.72 42.66
9.32 35.05
0.51 11.98
8.8 39.08
12.04 57.22
5.42 13.18
5.52 34.11
1.54 2.93
10.31 48.08
10.49 42.16
5.09 27.53
5.75 36.48
6.29 30.4
13.0 55.61
4.88 25.51
5.94 36.6
4.67 15.35
3.42 27.01
12.14 32.05
5.61 36.96
7.9 20.84
6.05 34.04
2.51 29.15
7.67 37.44
9.98 51.91
3.91 10.89
3.65 18.8
1.15 -1.75
1.88 -0.04
10.68 45.68
12.28 31.43
1.26 14.01
2.92 11.53
9.83 29.25
2.08 6.31
5.22 33.35
6.9 32.09
1.22 18.85
11.79 42.77
7.16 24.92
1.83 19.06
5.6 30.98
9.13 37.4
10.9 31.82
9.31 23.58
5.44 24.69
7.37 34.48
3.86 12.41
2.08 7.79
2.62 5.59
3.62 24.5
6.95 35.94
12.2 44.65
11.74 36.14
2.18 4.83
9.53 41.75
6.48 21.94
4.97 32.23
6.19 41.95
10.67 42.57
2.75 11.94
11.99 49.26
5.48 23.28
12.64 46.21
9.02 27.19
3.15 24.31
5.18 37.62
11.42 34.04
10.22 27.57
11.19 33.14
5.51 16.88
3.83 10.78
3.19 21.28
9.58 46.64
10.36 35.87
12.09 38.02
6.16 38.21
6.15 28.24
10.61 41.87
5.34 35.41
6.45 15.49
11.62 54.45
7.0 12.61
11.02 34.42
10.18 44.64
6.14 27.62
10.06 31.33
5.76 35.96
3.8 11.09
9.17 34.78
4.03 28.5
7.37 37.64
12.63 30.29
12.23 33.95
5.75 27.34
4.73 12.18
9.68 27.57
2.01 4.13
11.14 49.07
7.31 24.24
8.75 46.24
1.19 9.69
1.66 17.8
12.44 43.44
11.58 36.6
9.3 41.49
5.91 11.78
8.1 22.34
10.51 50.74
0.12 12.27
6.74 25.09
11.61 53.48
8.09 23.67
10.71 28.56
4.84 28.27
7.63 45.31
2.64 20.7
12.34 41.61
8.74 38.13
4.74 14.94
11.07 45.43
7.99 38.05
12.06 29.96
4.21 25.27
3.7 17.22
2.34 -1.95
6.04 38.09
0.51 0.18
5.59 27.25
9.08 18.31
11.83 38.9
3.84 22.88
1.52 2.27
2.82 34.93
9.58 43.56
8.39 20.55
4.52 12.26
7.96 24.05
4.25 33.91
10.29 43.16
6.33 35.25
10.14 25.42
8.67 42.39
6.0 28.3
4.21 25.96
8.13 16.38
9.37 39.24
10.63 34.5
10.62 43.2
10.87 37.82
9.64 41.4
10.51 41.02
1.58 4.79
6.92 21.88
6.07 37.19
7.92 39.5
3.04 10.63
6.87 23.96
7.65 31.78
3.84 19.15
11.99 44.86
6.29 29.88
2.81 17.04
12.81 51.96
11.22 51.44
11.92 44.68
5.92 25.48
12.33 37.37
6.45 12.4
3.1 10.94
3.57 27.61
9.44 21.24
12.25 31.21
3.1 22.07
7.45 37.55
1.91 6.27
1.69 16.43
12.27 24.72
10.03 40.11
5.85 15.48
2.02 17.29
3.65 25.17
2.85 32.19
0.91 1.07
8.48 29.07
0.29 -11.29
6.84 38.3
5.78 40.12
2.97 28.34
10.98 52.32
4.54 35.2
10.12 43.02
10.26 33.74
5.07 32.01
9.78 47.76
8.75 39.63
3.79 26.98
2.21 8.15
7.01 30.79
1.43 17.07
5.65 29.91
0.91 1.84
3.64 13.75
9.37 29.49
12.38 50.61
2.13 29.0
2.78 6.71
6.03 13.84
9.33 39.64
6.1 19.68
4.87 6.77
6.55 39.66
3.6 16.85
4.73 14.64
4.23 13.76
6.65 36.52
1.64 3.51
2.06 24.75
11.5 51.92
8.28 31.31
5.7 40.57
7.69 20.75
0.73 -2.84
6.38 35.33
10.7 45.99
0.04 1.78
1.98 -2.04
8.45 43.68
11.6 34.92
8.71 42.22
5.95 27.17
5.97 14.67
7.51 19.49
5.25 27.5
1.34 3.93
8.35 39.22
1.44 3.71
12.05 53.2
3.76 10.48
0.52 17.39
2.64 9.72
4.69 15.46
4.36 10.94
8.78 21.19
10.73 35.75
11.76 45.22
5.77 37.2
3.83 22.97
5.23 33.21
11.71 50.54
9.53 24.63
5.78 18.01
8.45 39.94
3.94 1.55
9.6 22.31
1.78 7.64
6.06 35.54
4.51 11.29
3.15 10.7
12.33 45.48
9.45 29.27
4.6 9.97
6.64 34.17
0.19 16.48
10.48 36.15
0.56 2.99
9.7 33.26
4.22 1.56
1.95 22.14
11.28 49.82
4.49 34.15
9.0 18.93
11.72 37.63
0.6 14.86
3.25 3.94
7.21 22.92
7.21 34.73
9.94 38.21
12.19 51.42
2.5 11.78
12.07 33.93
8.54 41.17
2.83 25.98
0.67 16.96
8.55 24.47
9.95 44.59
3.49 29.61
0.48 7.77
12.57 36.58
11.22 32.12
5.54 14.26
3.38 13.04
12.4 54.14
7.99 16.91
0.17 13.46
2.6 25.95
12.7 33.3
3.14 7.33
0.23 -0.38
2.75 15.39
7.54 16.53
9.34 37.21
1.12 0.68
8.42 42.51
9.22 41.83
10.46 41.21
9.17 37.09
7.45 31.87
8.57 23.43
6.67 19.41
11.77 35.37
0.18 3.38
12.34 31.55
11.32 34.63
4.71 11.99
8.37 38.54
7.03 24.77
9.49 26.13
4.96 28.03
5.78 22.17
3.89 9.37
0.94 1.74
5.69 20.71
2.88 26.55
6.68 19.45
3.41 24.39
12.84 38.13
8.26 22.23
11.83 43.67
8.64 25.58
9.11 28.03
2.39 17.74
4.19 12.14
5.5 13.88
2.5 24.85
11.69 47.14
1.74 12.18
12.34 53.21
0.12 -8.7
4.66 13.16
6.06 19.38
1.73 9.98
7.54 25.21
4.09 16.62
4.96 13.05
3.95 10.77
9.18 48.34
8.71 32.36
9.76 20.73
4.87 34.98
2.67 21.96
8.94 51.22
8.24 21.0
5.8 38.73
12.46 34.02
4.39 29.6
5.16 31.99
7.28 26.57
6.26 38.41
12.81 51.76
0.6 19.11
5.13 16.15
9.49 32.84
10.85 39.92
3.23 11.45
2.97 23.78
4.41 31.62
10.18 29.04
7.54 36.97
0.62 14.08
10.31 33.72
1.97 5.86
0.53 12.16
10.89 48.66
0.88 5.7
9.09 48.09
6.46 31.23
2.64 11.02
2.26 1.01
3.67 9.06
10.73 46.37
11.31 38.27
9.27 40.18
4.0 10.24
2.11 16.73
7.18 33.1
5.66 11.03
1.14 8.6
12.07 26.57
3.66 24.61
11.91 49.99
5.57 13.95
0.7 19.33
3.26 28.65
7.72 26.98
4.76 14.93
5.67 16.95
2.8 28.13
12.06 33.0
2.1 20.04
3.85 21.87
5.46 11.27
5.92 29.03
6.68 21.38
10.8 27.41
4.27 27.37
4.0 16.94
7.47 36.69
3.05 7.26
5.45 33.02
12.67 33.56
3.02 26.1
10.66 39.13
3.2 31.55
0.75 19.82
8.0 42.73
9.57 27.11
2.47 8.79
2.28 23.74
4.08 27.6
5.42 29.12
9.41 48.29
9.95 43.17
3.21 24.42
7.08 34.02
10.85 45.99
11.3 47.59
11.29 46.04
1.45 6.47
8.64 28.21
7.38 43.88
9.58 46.27
3.8 13.74
8.83 23.93
9.94 29.22
9.11 31.35
11.52 33.76
1.17 23.84
7.56 40.53
0.43 20.98
9.23 41.76
10.1 33.87
8.06 29.77
1.2 22.72
1.74 4.53
9.96 24.99
11.2 47.19
8.43 41.82
3.46 30.07
8.55 26.73
1.56 6.43
4.67 28.81
7.47 40.35
5.03 18.29
9.1 32.91
9.05 42.23
3.06 25.12
5.73 12.13
12.82 52.11
8.7 25.7
1.56 18.82
8.72 26.38
1.71 25.0
6.89 19.73
4.11 3.25
11.64 51.23
7.32 35.3
6.12 49.0
12.09 54.39
3.07 10.06
1.28 18.65
10.71 47.17
9.38 46.63
1.91 20.31
5.59 19.62
1.08 17.8
11.13 25.4
6.99 24.35
8.58 41.7
8.58 22.47
1.09 24.1
0.04 -1.64
1.54 0.46
11.36 30.82
10.97 30.47
12.54 47.88
2.47 2.17
9.19 28.4
1.57 14.45
9.2 19.41
8.24 36.48
6.58 36.95
10.39 34.46
3.92 20.36
3.43 21.18
6.14 22.0
9.19 28.93
8.34 36.24
9.94 41.41
2.55 21.07
6.35 21.92
2.75 6.0
8.93 43.62
0.94 9.19
6.68 18.16
5.75 20.53
1.08 17.7
6.26 21.11
11.34 53.31
8.71 36.61
5.0 34.49
10.86 29.64
4.48 20.56
1.13 3.6
6.33 16.42
7.69 23.74
6.08 25.58
11.3 32.04
1.02 14.42
0.66 21.44
5.6 15.02
4.31 10.93
7.02 14.03
6.53 35.44
2.86 9.05
5.16 15.74
9.56 42.09
8.6 22.87
7.88 21.23
1.35 24.81
1.31 22.06
5.56 28.05
8.45 18.72
2.27 20.39
7.54 40.91
6.47 19.83
0.25 24.82
6.16 30.99
3.31 28.75
2.45 16.61
11.79 30.81
9.44 26.14
4.11 10.45
2.85 18.17
10.88 34.05
7.59 35.02
4.0 8.32
12.51 49.82
0.25 -0.15
4.13 6.49
2.45 24.81
8.86 20.09
2.75 8.08
1.92 4.08
9.94 26.84
10.13 48.64
10.4 42.17
12.63 55.52
3.34 29.65
8.32 19.47
6.83 14.45
6.28 11.96
9.15 40.14
3.68 27.93
0.64 1.84
6.05 11.2
10.11 38.94
6.35 13.63
6.96 15.75
0.31 -0.87
1.76 21.62
2.62 6.51
8.59 34.2
11.8 52.87
0.33 -3.62
11.86 37.82
5.04 33.34
0.63 4.0
10.21 32.57
12.64 58.37
9.22 24.14
3.57 30.25
2.98 13.11
11.32 36.44
10.99 46.51
11.68 37.22
0.1 14.29
6.01 32.94
12.03 56.3
3.71 23.86
4.01 22.03
10.54 46.78
12.85 58.45
5.13 26.4
6.24 33.39
6.89 37.79
10.12 26.59
0.74 4.42
10.99 48.77
1.34 2.45
8.63 33.96
10.74 26.7
3.11 23.51
3.11 8.38
7.59 44.37
8.37 36.15
4.38 32.09
7.84 37.66
10.83 31.03
11.68 46.33
12.0 38.46
0.1 1.02
0.64 18.7
0.03 2.87
6.64 38.19
8.38 25.24
4.07 30.52
7.12 36.15
8.57 43.47
6.6 30.64
12.5 48.49
2.61 9.07
11.91 40.29
11.58 52.04
3.89 37.63
9.77 26.6
8.72 40.21
12.57 34.34
5.04 15.18
7.48 19.36
3.79 5.61
4.28 18.61
1.14 18.72
1.58 0.51
12.97 38.83
1.62 20.75
4.54 33.92
7.69 24.23
9.5 44.21
0.79 15.05
9.65 21.07
10.61 31.72
7.38 35.74
5.46 21.6
1.12 2.14
0.55 17.35
5.3 30.99
8.28 36.88
12.53 38.39
10.57 54.18
0.58 26.3
6.65 10.85
2.02 15.04
2.53 1.19
7.84 39.8
11.45 36.79
6.48 36.11
3.14 23.06
12.53 36.45
9.63 43.42
3.6 23.21
1.67 2.73
0.44 4.95
4.08 15.81
12.11 48.46
6.15 32.08
5.68 17.57
0.96 21.79
12.94 49.92
12.03 40.88
11.77 25.02
7.43 40.0
6.4 25.48
8.48 41.2
6.65 23.03
11.22 49.3
