Execution time: 1.5554618835449219
mse: 10.866679500580867
Regression coefs:
	[array([1.97675598]), array([0.70406663])]
Regression interception:
	[np.float64(0.2709194090058462), np.float64(-8.936372051226595)]
Clusters:
[0 0 0 1 1 0 1 1 1 1 0 0 0 1 0 0 0 1 1 1 1 1 0 0 0 1 1 0 0 0 1 1 0 1 1 0 0
 1 1 0 1 0 1 0 0 0 0 0 1 1 1 1 1 0 0 1 0 1 1 0 0 1 0 0 1 1 1 0 1 0 0 1 0 0
 1 1 0 1 1 1 0 0 1 1 1 0 1 0 0 0 0 1 1 0 1 0 0 0 1 1 1 0 0 1 1 1 1 1 1 0 1
 1 1 0 0 0 1 0 0 1 1 0 0 1 0 1 0 0 1 1 0 0 0 0 1 1 1 1 0 1 0 1 1 0 1 1 1 1
 0 0 1 1 0 0 0 1 0 0 1 1 1 0 1 1 0 0 1 0 1 0 1 0 1 0 1 0 1 0 1 1 0 1 1 0 1
 1 0 0 1 1 1 0 0 0 1 0 0 0 1 1 1 0 0 1 1 0 1 1 1 0 0 0 0 1 1 0 0 1 1 0 0 1
 0 1 0 0 0 1 1 0 1 1 1 0 1 0 1 0 1 1 0 0 0 0 0 0 1 1 1 1 0 0 0 1 1 0 0 1 0
 0 0 1 1 0 0 0 0 0 0 0 1 1 0 0 1 0 0 0 1 1 0 1 0 1 0 1 1 0 0 1 0 0 1 0 1 0
 0 0 0 1 1 0 0 1 0 1 0 1 1 0 0 1 1 1 1 0 1 1 1 0 1 1 0 0 1 1 0 0 1 1 1 0 1
 0 0 0 0 0 1 0 0 1 0 0 0 0 0 0 1 0 0 0 0 1 1 0 0 1 1 0 1 1 1 1 1 0 0 0 1 0
 1 1 0 1 1 0 0 1 0 0 1 1 1 0 0 1 0 1 1 1 1 1 1 0 1 1 1 0 0 0]
