Execution time: 0.3713681697845459
mse: 47955.10901872144
Regression coefs:
	[array([9.98159536]), array([-0.11209538]), array([1.98678017])]
Regression interception:
	[np.float64(750.4040509999243), np.float64(102.66953130295542), np.float64(79.26122615141469)]
Clusters:
[1 2 0 2 1 1 0 1 0 0 1 2 2 1 0 1 0 1 2 1 1 1 0 1 2 2 2 1 0 1 0 2 0 0 0 1 0
 1 2 2 2 1 2 0 1 1 2 0 1 1 2 0 2 1 2 1 0 2 1 0 0 1 2 1 0 2 0 1 0 0 1 0 1 2
 1 0 2 2 1 1 1 2 0 2 1 1 0 2 2 1 0 1 2 0 2 2 1 1 1 2 1 2 1 1 2 2 2 1 1 1 0
 0 0 1 2 1 1 2 2 0 1 1 2 0 1 2 0 1 0 1 2 2 1 2 2 2 0 1 1 1 2 0 0 1 2 0 1 2
 2 2 0 2 2 2 2 0 1 1 2 0 2 1 1 1 0 0 0 1 1 0 2 1 1 2 1 0 0 2 0 1 1 1 1 0 2
 0 1 2 2 2 1 1 2 1 2 1 2 1 2 1 1 1 0 1 1 2 1 2 2 0 2 2 1 2 2 1 2 1 2 2 1 1
 1 2 2 2 2 1 1 1 1 2 2 1 0 2 1 0 2 1 1 1 2 1 1 0 1 2 2 0 0 2 1 1 0 1 2 2 2
 1 0 0 2 2 1 1 0 0 1 0 2 0 1 2 0 2 1 1 0 1 2 2 1 0 0 2 0 1 2 1 1 2 0 2 2 1
 1 0 0 1 1 2 0 2 1 2 1 0 2 1 0 1 1 1 0 1 2 1 0 2 1 1 1 1 0 1 1 2 1 2 2 2 2
 1 1 0 0 1 2 0 2 2 0 2 2 2 1 1 1 1 2 2 2 0 1 1 1 2 2 1 2 2 0 0 1 1 0 2 1 1
 1 0 1 2 2 2 1 1 1 1 1 2 0 1 1 1 1 2 1 0 1 0 2 0 1 1 2 2 1 2 2 1 1 0 1 0 1
 0 2 1 1 2 2 1 2 2 1 1 1 1 1 2 2 0 1 2 2 0 2 2 2 2 0 0 0 2 1 0 0 2 2 1 2 2
 1 1 2 1 1 0 2 1 0 1 1 0 2 1 1 1 2 2 0 1 0 1 1 1 1 2 1 2 0 2 0 0 1 2 1 1 1
 2 2 1 1 2 2 2 1 0 2 2 0 0 1 2 2 2 1 1 1 1 1 1 2 1 1 2 1 2 0 1 0 0 1 2 1 2
 1 1 1 1 1 2 1 2 2 0 1 0 2 2 1 1 1 2 1 1 1 1 2 1 2 0 1 1 2 2 2 0 1 1 1 1 2
 2 1 1 2 2 1 2 0 1 2 0 1 1 2 1 1 1 1 1 0 1 0 1 1 1 2 2 2 2 2 1 2 1 2 1 2 1
 2 2 1 1 2 1 2 1]
