Execution time: 0.3423919677734375
mse: 401.68593386186853
Regression coefs:
	[array([1.19756349]), array([1.30295555])]
Regression interception:
	[np.float64(-1.913510673874569), np.float64(-6.375974289242357)]
Clusters:
[1 1 1 0 0 0 1 0 1 1 1 1 0 0 1 1 0 1 1 0 0 0 0 0 0 0 1 0 0 0 1 1 1 1 0 0 0
 0 0 1 0 1 1 0 1 1 1 0 0 0 0 0 0 0 0 1 0 1 1 0 1 0 1 0 0 0 1 1 1 0 1 0 0 1
 0 0 1 1 0 1 1 0 1 0 1 1 1 0 0 1 0 1 1 1 0 1 1 0 0 0 0 0 1 0 0 1 1 1 0 0 1
 0 1 0 0 1 1 0 0 0 1 0 0 0 0 1 0 1 1 1 1 0 1 0 1 0 0 0 0 1 1 1 0 1 1 0 0 0
 0 0 1 0 0 0 0 1 0 0 0 1 1 1 1 1 1 1 1 1 1 0 1 1 0 0 1 1 0 1 0 0 1 0 0 1 1
 1 1 0 1 1 1 1 0 1 1 1 1 0 1 0 1 1 1 1 1 1 1 0 1 1 0 1 0 1 0 0 1 1 0 1 1 0
 1 0 1 0 0 0 0 1 0 0 1 0 1 1 0 0 1 0 1 0 0 0 0 1 1 1 0 1 1 1 0 0 0 0 1 1 0
 1 1 1 1 1 1 1 1 0 0 0 0 1 0 0 0 0 0 0 0 0 1 0 1 0 1 1 0 0 1 0 1 1 0 1 0 1
 1 1 0 0 1 0 0 0 0 0 1 1 1 1 1 1 1 0 1 0 0 1 1 0 0 0 0 1 0 0 1 1 1 1 1 0 0
 1 1 1 0 1 1 0 0 0 0 0 0 0 0 1 1 1 1 1 1 1 0 0 1 1 1 0 0 1 0 0 1 1 1 1 0 1
 0 1 1 1 1 1 1 1 1 0 0 1 0 1 1 0 0 0 0 1 0 1 0 0 0 0 1 0 0 0]
