-1.14 -48.2
7.79 328.24
8.7 366.27
-2.79 -115.18
-8.82 -370.92
2.63 110.26
9.66 405.38
0.15 6.99
-0.55 -22.54
4.87 201.81
2.78 116.77
1.33 54.3
4.15 174.06
-2.54 -106.87
0.14 4.74
9.61 402.26
2.88 122.75
7.64 319.74
8.35 350.39
-3.59 -150.88
5.26 221.58
-5.75 -239.51
-0.51 -21.98
-4.54 -190.43
9.06 379.11
3.23 135.97
-5.8 -245.01
2.3 99.12
-6.55 -275.71
5.81 242.73
-4.84 -202.74
6.1 256.59
4.41 184.12
7.86 329.97
9.39 395.24
-6.69 -280.48
-7.06 -294.95
1.21 49.89
1.0 42.98
-1.98 -82.92
-5.04 -211.92
-0.73 -30.08
-2.96 -124.48
3.67 157.37
2.63 111.39
9.7 407.96
-2.73 -114.75
5.35 224.15
-5.88 -247.03
-1.73 -72.4
-6.78 -283.36
3.44 143.87
-7.0 -293.26
0.49 20.46
-6.75 -283.88
7.13 299.45
4.9 206.83
-4.69 -198.0
0.51 20.02
4.57 192.7
7.09 298.86
-1.88 -80.49
-6.31 -265.78
3.12 132.7
8.89 372.11
-1.83 -77.29
2.18 90.32
-4.81 -203.34
-1.78 -75.98
5.05 213.77
-4.13 -174.7
-7.07 -296.2
-1.65 -70.04
-0.44 -17.85
2.97 124.81
-4.69 -197.79
1.25 51.35
4.04 169.97
9.44 395.4
2.6 108.97
-4.85 -204.8
-4.97 -207.88
-0.35 -14.58
6.1 256.8
5.58 235.15
-8.51 -356.97
7.4 309.46
-6.93 -290.75
-7.98 -334.72
-3.65 -152.88
5.48 229.96
-9.24 -387.14
4.49 189.37
6.7 281.17
8.95 376.32
3.16 131.85
-3.74 -157.95
8.89 373.46
9.69 405.51
-7.42 -312.6
4.14 173.48
-1.07 -44.33
-6.44 -270.56
-1.48 -61.65
5.47 228.38
-1.42 -58.59
-1.83 -76.99
-7.77 -327.27
9.67 404.61
6.23 261.23
7.63 322.15
-6.7 -281.96
-0.05 -2.74
-9.76 -409.95
8.91 373.55
-8.2 -343.15
0.47 19.27
-1.25 -53.39
9.95 419.07
-9.6 -401.44
-5.94 -250.16
4.63 194.76
-4.15 -172.59
-8.03 -336.6
9.21 387.76
-2.4 -100.77
-2.95 -124.96
6.92 289.68
1.42 60.01
4.6 195.12
9.87 414.68
5.41 227.08
9.36 393.75
-3.86 -163.52
-5.88 -248.32
-5.06 -211.86
4.71 198.95
-5.34 -223.52
-7.17 -302.12
-0.18 -8.63
-1.16 -48.76
5.03 212.1
2.57 106.94
-0.6 -24.02
-8.39 -353.37
4.69 198.26
-0.98 -40.69
-4.3 -180.97
-2.19 -91.7
-4.88 -204.14
2.47 102.56
7.71 323.28
2.55 107.43
-8.45 -353.73
9.44 396.08
4.76 198.75
7.71 322.89
-8.55 -359.55
-6.64 -279.19
-6.85 -286.43
3.83 160.87
-5.13 -214.25
8.8 368.77
-5.98 -251.55
6.98 292.55
-1.45 -60.02
0.02 1.0
1.54 65.79
4.28 178.94
-9.88 -413.84
7.28 306.06
6.01 252.01
-5.6 -234.75
3.52 147.44
-1.93 -81.7
0.68 29.24
-3.5 -146.66
6.34 266.51
-2.79 -116.11
-6.45 -269.35
-3.56 -150.09
7.76 325.93
2.67 111.27
-3.13 -131.24
-2.37 -99.58
8.9 375.1
8.99 376.46
8.81 370.29
-2.81 -116.83
3.49 147.97
-1.38 -57.74
2.56 108.34
-4.23 -177.27
-2.01 -83.89
9.65 403.27
5.12 213.8
-9.85 -412.39
-4.14 -173.0
9.77 410.79
8.69 363.31
2.25 94.21
-1.26 -54.7
-3.3 -139.69
2.3 95.41
8.18 345.21
3.78 159.62
-0.29 -11.17
5.36 225.1
-6.02 -252.29
-3.01 -125.59
-2.88 -118.58
-4.01 -169.66
-9.51 -400.99
2.93 123.81
-0.89 -36.75
-3.14 -131.78
-4.39 -185.45
-7.71 -324.23
6.3 264.87
-7.27 -304.87
2.7 113.57
-0.88 -37.27
6.25 263.28
1.94 82.55
0.85 35.93
-8.43 -353.53
-6.17 -260.79
-7.12 -299.28
-5.96 -248.5
9.99 420.09
1.7 72.29
-7.82 -329.57
4.36 182.63
-2.72 -114.43
-5.3 -221.6
-9.3 -390.08
1.39 58.37
2.54 106.62
-6.4 -268.05
-1.48 -60.75
6.74 282.83
6.11 257.15
2.49 104.32
4.62 193.99
7.51 315.98
4.06 169.99
7.38 309.28
3.56 150.37
7.03 294.72
-3.4 -144.23
-2.19 -93.5
-2.23 -92.9
-0.72 -29.23
-3.76 -158.57
4.14 173.27
7.89 331.55
7.26 304.02
-7.47 -314.43
5.73 240.11
-1.65 -69.64
-0.75 -31.55
6.2 261.31
2.18 92.9
-7.24 -302.29
-6.58 -276.32
1.35 56.2
5.02 211.12
3.92 163.6
3.01 125.65
8.98 378.45
6.02 253.07
5.38 227.03
-9.53 -398.66
6.27 264.64
1.23 53.45
-0.37 -16.39
3.94 165.93
-0.76 -30.48
-7.26 -307.02
-5.95 -249.01
-7.34 -308.05
-5.05 -212.46
-1.73 -73.59
1.29 53.89
9.49 399.33
-1.23 -50.34
-6.8 -285.5
9.74 408.31
-5.56 -232.42
9.06 380.63
-8.42 -353.58
9.02 379.82
6.28 264.2
6.61 280.01
3.45 145.31
5.2 215.94
5.99 250.82
-4.21 -176.28
-3.63 -153.57
8.71 365.57
