-1.1 82.1
7.28 -546.77
4.03 -303.01
8.61 -645.78
8.65 -650.7
-5.74 431.7
9.85 -740.12
6.48 -485.81
1.75 -130.84
-8.72 653.51
-1.72 130.25
-4.93 370.09
4.34 -326.73
3.24 -241.48
-9.37 703.23
-1.05 78.0
3.8 -285.2
-1.51 111.97
-3.91 293.07
-3.5 264.48
-1.22 93.0
-6.41 481.57
4.7 -353.38
-5.74 430.02
1.16 -86.79
-1.45 108.81
-0.57 42.06
4.18 -315.09
-5.49 411.27
9.24 -690.73
8.17 -611.75
4.21 -316.28
-3.8 284.42
7.66 -574.46
-6.12 456.83
-7.26 544.08
4.65 -346.61
9.63 -722.19
-8.68 652.61
3.45 -257.76
6.82 -512.25
1.41 -106.8
-8.42 628.92
0.89 -65.37
-7.32 550.23
-8.05 604.47
9.18 -686.81
9.15 -683.89
3.88 -291.09
-2.9 216.49
-0.6 46.25
-2.01 151.68
-0.62 45.97
-8.55 641.0
1.68 -127.04
-6.28 470.15
1.22 -90.76
-7.84 587.55
6.28 -471.62
-6.3 471.63
-9.65 723.15
-6.49 486.97
-5.24 393.65
4.35 -327.04
-1.73 130.67
-2.51 188.17
-4.36 328.16
-2.97 221.92
-9.67 725.68
8.96 -672.94
-9.93 745.52
6.05 -452.24
8.07 -604.36
0.51 -38.51
-8.2 612.93
4.73 -354.51
2.99 -224.82
-4.77 356.25
-5.94 445.87
6.51 -486.81
6.96 -522.07
-9.56 715.26
-7.07 527.95
5.22 -392.62
-2.88 213.9
-4.52 339.27
-9.95 746.98
-5.42 406.18
-8.36 627.11
-9.21 689.83
3.46 -260.31
-9.56 717.06
3.72 -279.42
4.31 -323.56
3.88 -291.25
0.8 -60.82
1.84 -136.38
-6.77 507.31
4.11 -308.05
3.07 -230.08
-9.61 721.03
-6.12 459.52
-9.09 680.94
8.56 -640.28
2.12 -159.07
2.74 -207.35
0.11 -9.4
-3.25 243.77
5.65 -422.83
6.81 -512.75
-4.62 347.15
0.34 -24.68
-7.8 583.4
0.35 -26.29
2.87 -215.77
1.58 -118.41
-2.87 214.95
6.49 -488.8
-5.97 448.08
-2.2 165.74
-9.4 704.74
8.38 -628.45
-1.96 146.91
8.45 -633.14
-6.59 492.58
-2.88 214.83
-6.83 511.39
5.57 -417.05
5.28 -396.21
-5.27 394.64
-3.3 249.35
5.77 -433.43
6.57 -491.36
-0.69 51.89
-0.42 29.7
6.01 -449.83
3.11 -232.69
7.8 -586.26
-0.37 27.97
-9.85 739.02
1.9 -142.7
9.85 -740.55
-2.26 169.1
-1.42 107.76
-7.92 594.28
-3.54 265.4
8.53 -640.23
6.07 -453.84
0.02 -1.48
8.03 -603.3
6.68 -499.92
-8.1 607.67
-4.52 338.92
0.22 -15.41
-0.67 50.78
0.77 -59.17
-5.35 402.08
9.51 -714.35
-0.57 42.12
-0.14 10.21
-9.36 702.3
-7.71 578.98
8.14 -608.32
-3.83 287.21
4.78 -358.16
-2.62 195.85
-6.15 461.62
8.72 -654.3
5.57 -418.83
-9.14 686.23
8.42 -632.69
2.19 -164.65
8.55 -641.83
0.14 -10.66
-0.99 74.26
-1.38 103.85
-0.49 36.66
-1.41 105.24
-6.71 503.44
-9.74 731.06
-6.46 484.04
-4.89 366.97
-3.14 236.78
1.52 -113.69
1.01 -76.04
-1.15 84.6
4.37 -329.45
3.94 -294.69
6.29 -471.83
-4.16 310.26
3.04 -228.3
-2.84 213.08
-4.93 371.35
-2.17 162.25
-9.36 702.49
1.41 -105.55
-2.99 224.76
-3.88 290.44
7.84 -587.54
-3.85 289.32
-6.61 495.33
-0.02 1.17
4.14 -310.87
7.1 -531.85
-8.66 649.27
0.53 -39.1
-4.03 302.24
-7.98 598.78
0.51 -38.34
-6.71 504.09
2.92 -220.35
-2.35 175.68
-4.68 350.38
-1.19 89.2
-2.15 161.62
1.87 -141.63
2.41 -179.7
4.49 -336.09
-2.91 217.82
-6.07 456.47
4.3 -322.26
0.94 -70.86
-5.59 418.14
6.91 -516.6
-4.96 373.85
-6.81 511.15
1.22 -89.67
1.32 -99.25
4.6 -344.54
-6.38 478.26
6.9 -517.0
5.47 -409.1
-5.93 443.08
8.36 -627.11
-0.76 57.51
-9.63 721.18
-9.86 739.77
-1.75 130.7
-9.25 693.89
-4.87 366.52
8.48 -637.53
-0.22 17.63
1.06 -79.72
4.83 -362.26
-8.42 630.79
2.06 -153.42
-9.23 692.05
-1.42 108.69
-4.14 311.49
9.05 -677.4
-3.56 266.81
-3.49 262.46
-3.3 246.92
2.99 -223.09
-7.5 561.62
-4.81 361.45
0.36 -26.31
-0.03 3.71
5.25 -393.44
-7.42 555.15
-3.67 274.19
-9.75 731.45
-6.2 465.36
0.58 -43.41
-3.88 290.44
-0.94 69.48
-7.93 593.82
-0.68 49.43
-7.86 589.36
-4.41 332.66
-0.12 9.81
-1.42 107.79
-4.43 332.82
3.74 -280.74
9.73 -729.32
9.46 -709.25
-2.07 155.43
-6.45 483.01
1.45 -109.72
-8.56 644.37
-4.82 361.8
-0.67 51.06
8.35 -625.29
-2.94 219.18
-1.25 94.98
-8.63 648.94
-4.91 366.04
-9.4 706.24
-3.05 228.77
3.84 -287.7
0.38 -28.59
1.71 -129.7
-5.69 427.22
-3.99 298.92
-2.79 209.18
2.15 -161.72
-6.48 487.25
-3.26 243.47
2.22 -166.02
-6.71 503.05
