-2.3 -198.49
-9.56 -822.74
-3.66 -316.07
-2.21 -189.75
-4.23 -363.89
7.36 633.48
1.56 134.73
6.33 543.44
5.21 447.51
4.02 345.64
-4.2 -362.1
-1.81 -155.03
3.64 312.36
-8.48 -729.09
-5.81 -500.95
-1.92 -164.4
4.32 372.31
3.06 263.16
1.25 106.23
4.79 412.49
5.35 462.11
8.78 753.84
-3.3 -283.29
-0.63 -54.28
2.05 177.24
2.53 220.07
-4.18 -359.1
-5.37 -461.88
-2.97 -254.28
-6.08 -523.38
-2.91 -250.08
-2.92 -251.03
1.92 165.45
-7.45 -640.27
6.98 599.94
-1.21 -104.45
-2.2 -190.12
9.97 858.82
1.6 136.4
1.47 126.95
4.28 366.81
0.32 28.78
0.94 79.92
8.71 750.42
5.18 445.72
-9.57 -822.03
0.8 69.59
4.46 384.29
-7.56 -648.9
9.87 848.16
6.92 594.77
-0.4 -32.86
0.18 17.5
2.77 238.17
-9.83 -845.26
2.07 177.53
-0.62 -52.43
4.0 343.62
8.44 724.88
-5.04 -433.69
-0.55 -47.33
3.34 288.64
-5.36 -461.47
5.47 470.04
-6.7 -576.32
-2.79 -240.36
-6.19 -532.67
4.15 358.46
-1.47 -126.52
4.19 359.39
-2.08 -178.42
-1.43 -122.51
-2.06 -177.79
0.27 24.52
4.47 385.55
-4.97 -425.79
-2.37 -202.88
-0.63 -55.71
3.97 342.46
0.73 61.49
6.68 574.81
7.05 606.19
-9.13 -783.76
-10.0 -860.04
-2.98 -255.88
5.73 492.77
-0.82 -70.45
3.54 304.14
-0.72 -61.5
2.45 210.6
-3.35 -286.21
8.09 696.77
1.26 109.64
8.56 737.81
-7.16 -615.45
4.44 380.4
-5.19 -446.32
-1.97 -169.95
-9.77 -839.05
2.83 244.44
4.07 351.08
-3.65 -313.72
4.81 413.59
-3.61 -309.72
4.68 402.66
0.97 83.47
3.16 271.66
-2.96 -256.37
7.6 652.71
0.66 58.06
9.87 848.73
-1.4 -120.78
3.82 328.82
5.54 476.75
8.78 755.15
-2.06 -177.86
-1.07 -91.52
2.17 188.85
5.36 459.36
7.52 645.94
-2.58 -222.75
8.3 712.21
-4.2 -359.9
7.1 610.82
-8.67 -745.58
-5.29 -454.03
1.08 92.44
-8.23 -708.8
5.81 500.16
2.75 237.05
-8.21 -707.61
9.91 852.95
-7.54 -648.11
-5.68 -488.29
2.25 192.81
-2.41 -206.67
4.33 373.18
1.53 133.84
-6.88 -592.03
-6.49 -559.15
6.04 519.74
-2.91 -248.97
-6.76 -580.1
5.72 491.32
3.71 318.88
0.18 14.34
9.46 813.88
7.11 610.45
2.63 227.39
-0.98 -84.31
-6.25 -536.51
9.76 840.34
4.21 361.35
5.66 487.87
-9.75 -839.9
3.57 307.1
-5.32 -457.55
8.56 735.85
4.54 390.52
1.37 119.09
1.24 108.88
7.32 628.81
-6.91 -592.88
6.02 517.41
3.38 291.64
0.95 79.31
-4.79 -412.83
9.23 792.74
0.65 56.49
-9.09 -782.52
6.84 587.55
6.01 515.37
6.85 589.36
1.6 138.52
-3.67 -314.68
-3.11 -268.69
6.84 590.07
-9.55 -820.76
-4.94 -422.49
-5.49 -472.15
-3.15 -270.38
-9.75 -839.11
-9.74 -837.42
9.21 792.61
-9.59 -824.2
1.17 100.08
3.17 272.2
-3.58 -307.59
-7.73 -667.02
-1.12 -96.57
-6.0 -517.17
2.81 243.07
5.22 448.84
5.14 441.62
-3.82 -329.1
-9.96 -855.61
9.27 798.05
6.51 560.88
2.25 193.06
1.4 120.11
1.1 93.64
-2.02 -174.2
-6.98 -599.66
7.94 682.52
-4.08 -349.47
2.22 191.37
-7.84 -673.61
-2.48 -211.66
1.06 91.92
-0.4 -32.99
4.61 394.46
-9.91 -852.37
-4.5 -386.12
-0.87 -73.99
9.07 780.87
2.81 241.6
-2.39 -206.84
1.49 127.91
-1.09 -93.64
9.32 802.14
1.13 94.43
8.98 774.1
5.42 465.71
-4.07 -351.74
-1.72 -147.97
-9.27 -796.14
-6.22 -534.3
5.62 483.05
9.55 820.0
-2.59 -221.77
3.45 297.16
3.74 321.21
-3.19 -275.31
4.71 405.97
7.23 621.56
8.24 708.71
3.9 336.84
-9.47 -813.99
3.07 265.03
4.47 383.89
-5.39 -463.78
-7.92 -681.22
-6.07 -520.56
-7.27 -624.16
-2.75 -235.96
2.05 175.32
6.71 577.88
4.74 407.96
-0.1 -7.81
1.72 147.99
8.57 737.46
8.98 770.84
-5.97 -514.66
10.0 860.01
7.98 685.68
-4.26 -366.93
-4.47 -385.78
-8.75 -753.73
-9.97 -855.87
-2.59 -219.53
-0.74 -63.16
-9.26 -796.56
-2.53 -216.67
-3.37 -289.88
9.75 840.55
-1.63 -141.85
-2.01 -172.01
2.62 225.52
-4.46 -384.28
2.01 172.48
-6.65 -570.89
8.67 744.39
1.62 139.43
-5.16 -445.64
0.43 36.98
4.71 404.91
7.39 634.32
2.11 182.03
4.01 343.82
1.16 100.02
4.48 383.66
-5.49 -471.73
-3.17 -271.95
-6.11 -526.55
8.88 765.62
-5.56 -477.76
-5.38 -464.51
-5.84 -502.67
5.72 492.43
0.93 78.95
0.97 82.54
-2.89 -248.47
-7.79 -670.3
-5.2 -444.9
8.46 727.48
-8.83 -762.42
-6.96 -597.38
5.12 440.04
-2.15 -183.92
-4.56 -391.5
