Execution time: 47.635432720184326
mse: 11.124807169263216
Regression coefs:
	[array([1.06026373]), array([1.5918768]), array([0.]), array([0.])]
Regression interception:
	[np.float64(7.878931961707259), np.float64(59.411005392426304), np.float64(27.915427135678392), np.float64(-8.641138613861386)]
Clusters:
[0 2 2 0 2 0 0 3 0 1 0 3 2 2 1 1 2 0 2 3 0 0 1 1 1 2 0 3 3 3 0 3 2 2 2 1 1
 2 0 0 2 1 3 1 0 1 2 3 2 0 2 3 0 3 0 1 1 1 2 2 3 1 1 0 1 3 3 1 1 0 0 3 3 1
 1 2 3 3 3 3 2 2 2 2 2 3 2 1 2 1 2 1 2 0 0 3 1 2 2 3 3 0 1 2 1 1 0 2 1 2 2
 2 2 1 3 3 1 1 2 3 1 0 2 0 2 3 2 3 3 1 3 1 2 0 1 0 2 2 2 2 2 1 1 2 2 2 1 0
 1 3 3 3 2 0 2 2 1 3 2 0 1 3 3 1 2 3 3 0 2 2 2 1 2 0 0 1 3 1 0 1 2 0 1 0 1
 3 3 3 1 2 1 1 0 2 2 0 3 1 1 1 2 2 3 0 3 1 2 1 3 1 1 3 1 1 3 3 0 0 1 0 0 3
 3 1 0 0 3 0 1 0 2 0 3 1 1 1 0 3 2 3 3 3 2 1 3 3 2 0 0 3 1 3 0 2 3 2 2 1 2
 0 3 0 1 3 1 0 2 3 2 3 2 2 1 3 0 1 1 3 2 1 2 3 0 0 2 3 3 2 0 3 1 1 0 0 3 2
 0 1 2 0 0 2 2 1 2 3 1 3 3 3 1 1 2 3 1 2 3 2 1 2 0 1 3 3 2 2 0 0 1 3 1 1 3
 2 1 1 0 1 1 2 3 1 0 0 2 0 3 1 0 2 0 0 0 1 2 0 2 2 0 2 3 2 0 2 0 2 2 3 0 0
 0 0 2 2 3 2 1 3 2 0 0 2 2 0 2 0 0 1 1 3 2 3 0 0 0 1 0 3 3 0 0 1 0 3 2 2 0
 0 1 0 1 1 3 1 1 3 0 0 3 2 0 3 3 3 3 3 3 3 1 0 0 1 3 1 2 0 3 3 0 2 2 1 3 1
 3 2 1 1 3 1 2 1 1 2 0 0 1 2 2 0 3 3 2 2 2 1 3 0 0 0 2 0 2 3 3 2 1 1 0 2 0
 3 3 2 0 0 2 1 3 2 2 2 3 0 3 2 1 3 1 3 0 1 1 3 1 2 0 0 2 3 0 1 3 1 0 1 0 0
 0 1 0 0 0 2 2 1 3 1 3 3 2 0 1 2 1 0 0 0 2 0 1 0 3 1 1 3 2 0 0 2 3 0 1 2 1
 2 0 2 1 1 0 2 3 3 0 3 3 3 0 2 3 0 1 3 3 1 2 3 1 0 3 3 0 3 3 3 1 3 3 2 2 3
 1 3 0 3 2 1 1 2 1 2 1 0 3 1 1 0 2 0 1 3 3 3 1 2 3 0 1 2 0 0 1 2 0 2 1 3 3
 2 1 3 1 2 2 0 3 3 1 2 2 2 2 1 3 1 1 1 0 3 3 1 2 2 3 0 3 0 2 1 1 0 2 3 1 2
 2 1 1 0 0 2 1 0 0 2 2 0 0 1 2 3 1 3 3 3 0 1 0 3 0 2 2 1 3 3 2 0 3 0 1 1 3
 0 3 0 2 0 0 1 3 1 2 0 3 1 0 0 3 3 3 3 3 0 0 3 2 1 3 0 2 0 3 3 0 2 2 2 0 1
 3 0 0 1 0 0 1 2 2 0 0 1 1 0 0 0 3 3 3 1 2 3 1 0 2 3 1 0 1 1 1 1 0 2 1 3 1
 1 3 2 2 3 1 1 2 2 2 0 0 3 3 3 3 2 1 2 3 0 0 1]
