Execution time: 18.834827423095703
mse: 1.3187257959511869
Regression coefs:
	[array([2.77346342]), array([2.7864865])]
Regression interception:
	[np.float64(-1.040110044711876), np.float64(4.975458022744111)]
Clusters:
[0 1 1 1 1 0 1 0 1 1 0 0 0 1 0 1 0 1 1 1 1 0 1 0 0 1 0 1 0 0 0 1 0 0 1 0 1
 0 1 0 1 0 1 1 1 0 1 0 1 0 1 1 0 0 1 1 0 1 1 0 1 1 1 0 0 0 1 1 0 1 1 0 0 1
 0 0 0 0 0 1 0 0 1 1 1 1 1 1 1 0 1 0 0 0 0 0 0 1 0 1 0 0 1 0 1 1 1 1 0 0 0
 1 1 1 0 1 1 1 1 1 0 1 1 0 0 0 0 0 0 0 0 0 0 0 0 1 0 1 1 0 1 0 0 1 1 0 1 1
 1 1 1 1 0 0 1 0 0 0 0 0 1 0 1 1 1 0 0 1 0 0 1 1 0 0 0 1 1 0 0 1 0 0 0 0 1
 0 0 1 0 1 0 0 0 0 0 0 0 0 0 0 1 0 1 1 1 1 0 0 1 1 1 0 1 0 1 1 1 0 0 1 0 0
 1 0 0 0 1 1 1 0 0 1 1 0 0 0 1 1 1 1 1 0 1 0 1 0 1 1 1 0 1 0 0 1 1 1 0 0 0
 1 1 0 1 0 1 1 0 0 0 0 0 1 0 0 1 1 0 0 0 0 0 1 1 0 0 0 1 1 0 1 1 0 0 1 1 1
 1 1 1 1 0 1 0 0 0 0 1 1 1 1 0 0 0 0 1 1 1 0 0 1 1 1 1 1 1 1 0 0 0 0 1 1 0
 1 1 0 1 1 0 1 1 1 1 1 0 1 1 0 0 1 1 0 1 0 1 1 1 0 1 1 1 1 1 0 0 0 0 0 1 0
 1 0 1 0 1 0 0 1 1 1 1 0 1 0 1 1 1 1 0 0 1 1 0 0 1 1 0 0 0 0 0 1 1 0 0 0 1
 0 0 0 1 1 1 0 0 0 0 1 0 1 1 0 1 0 1 1 0 1 0 1 0 0 1 0 1 1 1 0 1 0 0 0 1 0
 0 0 0 0 1 1 1 1 1 0 1 1 1 1 1 0 1 1 1 0 0 0 1 0 0 1 1 1 1 0 0 1 0 1 1 0 1
 1 0 0 0 1 0 0 1 1 1 0 1 0 0 1 1 1 0 0 0 1 0 1 1 0 1 0 0 1 1 1 0 0 1 1 0 1
 1 1 0 0 0 1 0 0 1 0 1 0 1 1 0 0 1 1 0 0 0 1 0 0 1 0 0 0 0 1 1 0 0 1 0 1 0
 0 0 0 0 0 0 0 0 1 1 1 1 0 1 0 0 0 1 1 1 1 0 1 1 1 1 1 0 1 0 0 1 1 0 1 1 1
 0 0 1 1 0 0 1 0]
