17.8 -55.6
2.73 -50.71
0.69 -50.77
7.31 -50.51
13.22 -54.1
1.74 -51.02
1.28 -50.29
16.7 -55.16
15.41 -54.22
10.43 -52.23
1.2 -50.99
14.17 -54.46
1.79 -51.61
2.93 -50.26
7.16 -51.94
15.76 -54.73
6.86 -52.03
9.66 -51.92
6.52 -50.33
1.92 -49.14
2.06 -50.43
3.61 -52.31
13.01 -55.34
10.97 -54.15
11.47 -55.37
6.33 -51.82
18.58 -55.34
6.3 -52.43
16.0 -55.34
12.3 -52.58
8.52 -52.32
5.78 -51.6
19.65 -54.83
12.39 -54.17
3.67 -47.78
16.19 -54.41
10.21 -55.31
9.14 -52.8
19.32 -55.59
7.97 -52.94
3.31 -52.06
3.73 -51.9
7.65 -51.57
10.08 -52.57
15.43 -54.32
2.0 -51.77
4.43 -51.1
14.2 -56.03
13.63 -53.67
6.72 -53.27
7.75 -52.84
0.3 -51.59
12.96 -54.97
2.37 -51.11
9.62 -52.48
17.1 -54.89
17.87 -55.14
10.12 -53.71
15.21 -52.59
10.37 -54.88
3.33 -49.99
19.5 -56.13
2.09 -49.98
3.46 -51.25
12.36 -51.61
6.1 -51.69
0.71 -49.79
5.99 -50.44
19.41 -55.18
7.63 -53.28
8.55 -52.44
10.19 -53.4
10.44 -53.37
14.54 -53.67
9.16 -53.46
16.03 -54.58
17.54 -55.2
18.69 -55.89
4.96 -49.96
9.96 -55.14
18.01 -55.81
13.79 -53.34
14.54 -55.19
5.34 -51.05
11.67 -52.9
17.74 -53.94
4.43 -50.5
8.65 -51.94
14.51 -55.18
9.81 -54.05
6.81 -50.24
5.25 -50.83
13.86 -55.08
9.85 -53.62
13.03 -54.53
2.04 -50.74
19.73 -55.69
10.62 -53.82
18.33 -56.59
5.42 -51.28
15.1 -54.35
9.87 -53.22
16.85 -56.3
6.35 -51.64
13.32 -53.1
11.6 -53.73
16.93 -55.6
12.31 -54.0
4.98 -52.23
13.84 -56.5
4.04 -51.97
5.24 -51.5
15.65 -52.8
6.41 -51.89
6.23 -52.62
2.28 -51.01
3.57 -49.73
7.34 -51.61
11.44 -53.8
8.03 -50.98
7.86 -51.6
2.25 -49.99
9.88 -52.12
7.96 -51.6
13.34 -53.54
19.94 -55.93
8.35 -52.63
7.29 -52.96
14.21 -54.95
13.69 -54.17
10.34 -54.32
3.62 -51.69
2.24 -49.43
17.96 -56.16
10.99 -54.27
9.25 -54.6
12.25 -54.17
2.34 -49.62
1.51 -50.26
15.88 -53.07
5.13 -50.62
14.25 -54.1
18.75 -56.32
0.81 -49.55
0.93 -50.94
14.04 -55.24
4.85 -53.02
14.39 -54.89
8.56 -51.5
2.34 -50.72
9.26 -53.8
6.96 -52.47
9.35 -53.47
6.28 -51.89
10.67 -54.0
13.11 -53.56
3.51 -51.09
10.77 -54.53
19.74 -58.07
14.77 -53.57
6.83 -51.6
4.24 -51.94
5.14 -51.26
9.26 -53.93
4.23 -52.06
4.14 -51.62
7.61 -51.37
16.25 -56.19
18.0 -53.8
18.45 -55.15
6.93 -52.85
0.05 -51.57
0.2 -50.64
13.23 -54.26
7.62 -51.8
17.4 -54.02
16.35 -53.27
12.43 -53.79
11.99 -53.1
16.28 -56.24
16.62 -53.52
3.12 -49.46
3.52 -50.36
19.24 -54.74
11.46 -53.12
16.25 -54.94
13.56 -54.63
7.21 -50.71
5.26 -50.64
13.11 -53.15
9.27 -53.88
1.95 -51.57
10.32 -51.92
15.37 -55.76
11.25 -52.7
16.4 -54.09
19.63 -57.05
4.59 -51.29
10.13 -51.81
9.66 -53.72
