4.29 -14.01
1.77 -15.37
12.61 -15.92
18.22 -14.38
3.53 -16.49
5.06 -14.33
3.4 -15.63
19.69 -17.87
8.83 -15.98
1.31 -13.5
15.19 -13.92
8.61 -15.76
10.72 -16.35
6.73 -15.29
9.7 -14.7
7.96 -15.04
3.93 -12.25
2.77 -13.61
4.04 -13.78
7.29 -13.9
8.57 -13.9
13.21 -15.14
11.51 -14.66
17.81 -13.56
17.95 -16.25
19.62 -16.53
17.57 -15.84
13.79 -14.69
12.31 -16.33
17.22 -16.59
17.8 -15.78
3.94 -15.23
19.2 -15.0
9.37 -14.09
2.74 -14.71
18.84 -14.59
3.85 -15.06
18.07 -15.39
6.23 -15.76
1.28 -13.38
11.45 -14.92
19.67 -15.78
14.72 -15.24
12.12 -14.84
10.77 -15.04
4.68 -15.8
8.97 -12.53
15.54 -13.48
3.18 -15.81
14.28 -14.6
2.17 -15.48
19.08 -14.53
14.65 -15.89
0.31 -14.63
4.43 -14.59
6.03 -15.07
7.79 -15.75
9.33 -13.64
8.64 -13.62
4.0 -14.29
5.09 -15.11
3.47 -15.67
5.46 -14.32
12.73 -15.73
19.25 -15.65
10.03 -13.67
8.17 -15.27
13.53 -14.79
2.59 -15.34
5.28 -16.25
18.65 -13.74
18.67 -14.98
7.94 -15.23
12.34 -15.18
3.36 -16.88
10.94 -14.1
16.68 -13.03
15.91 -14.97
9.78 -16.38
18.94 -13.79
6.66 -14.69
14.48 -16.1
8.47 -15.79
5.64 -15.78
6.3 -15.29
8.59 -15.62
15.4 -12.41
5.07 -15.83
1.48 -13.38
4.63 -13.46
15.8 -14.4
18.73 -14.4
3.79 -14.39
14.89 -15.73
11.46 -13.46
4.57 -16.03
3.02 -14.56
3.26 -16.08
2.02 -12.26
16.14 -14.07
0.0 -13.86
1.43 -14.71
4.31 -15.6
15.41 -14.12
9.52 -13.34
12.62 -17.69
15.48 -14.97
10.99 -14.78
9.1 -16.19
16.55 -14.77
6.29 -13.04
13.78 -16.26
4.51 -14.28
1.57 -15.3
15.31 -16.53
13.11 -15.36
14.4 -15.83
17.85 -15.91
8.32 -14.97
5.27 -15.98
10.28 -15.1
10.43 -17.0
16.32 -16.4
8.19 -17.31
12.33 -15.76
11.58 -13.88
16.03 -15.83
14.79 -14.96
16.04 -14.77
19.02 -14.98
16.93 -15.73
9.42 -14.8
0.17 -14.65
11.08 -15.65
1.15 -16.27
8.41 -13.98
11.37 -12.72
8.08 -14.27
11.65 -17.38
7.15 -14.71
2.47 -15.81
5.61 -13.92
7.38 -14.21
1.92 -14.32
2.45 -16.39
16.58 -15.37
19.11 -14.51
19.08 -14.84
7.77 -14.99
14.93 -16.14
9.75 -13.09
4.52 -14.88
3.93 -14.39
0.87 -15.58
2.59 -16.27
3.62 -13.43
18.17 -14.14
11.33 -15.61
17.65 -16.07
6.71 -15.55
19.15 -14.25
10.5 -14.6
9.81 -13.78
7.99 -15.37
18.19 -13.67
15.69 -15.01
8.26 -14.84
12.91 -14.75
1.8 -14.77
5.85 -15.88
4.04 -15.87
2.92 -13.4
3.64 -13.69
2.4 -13.11
2.7 -15.39
14.67 -15.51
3.96 -16.16
18.85 -15.31
17.41 -15.49
17.93 -14.16
3.13 -15.58
0.84 -15.55
17.47 -14.96
10.2 -15.0
10.35 -14.91
5.37 -15.2
12.21 -13.58
18.65 -14.25
18.73 -13.44
12.98 -15.07
11.07 -13.75
16.51 -15.51
19.4 -16.51
17.55 -16.14
10.91 -13.67
9.46 -15.3
18.78 -14.08
17.24 -15.13
4.83 -15.69
6.05 -14.99
