2.38 -32.2
6.83 -34.84
0.74 -29.71
11.12 -36.88
5.95 -33.92
15.02 -38.75
5.09 -34.04
17.87 -40.68
6.19 -33.32
6.7 -34.27
2.97 -30.06
0.26 -28.67
9.36 -37.76
2.95 -30.49
5.57 -33.65
10.35 -37.05
7.71 -35.68
10.45 -36.03
15.62 -37.29
12.47 -37.85
6.22 -33.65
10.16 -35.53
6.96 -32.31
4.53 -32.98
4.67 -34.52
16.1 -40.63
14.33 -37.57
6.34 -33.97
0.78 -29.03
1.19 -32.77
0.09 -30.97
15.79 -40.26
7.49 -32.88
7.33 -34.46
8.5 -35.09
5.33 -32.64
8.97 -34.55
9.43 -35.95
3.22 -30.75
1.72 -30.79
16.09 -40.79
18.38 -39.99
10.89 -37.08
3.62 -31.98
14.63 -38.27
14.77 -37.82
10.39 -36.36
17.05 -40.12
8.64 -34.71
16.53 -40.1
16.29 -40.92
2.46 -32.82
13.31 -37.14
16.21 -39.65
6.98 -34.54
16.05 -38.64
15.59 -39.8
10.55 -37.63
17.51 -42.54
10.26 -37.01
13.43 -37.05
11.32 -36.62
14.41 -37.97
12.42 -35.51
16.96 -41.24
4.16 -30.82
1.9 -30.98
10.79 -37.07
5.55 -32.79
14.29 -39.88
9.26 -35.44
12.34 -37.96
8.81 -35.97
9.69 -35.78
14.25 -36.52
12.38 -38.07
0.77 -30.62
19.3 -40.43
13.42 -36.41
8.37 -35.37
16.69 -41.89
12.87 -37.7
18.3 -40.31
8.16 -34.2
10.31 -36.0
7.93 -34.48
12.53 -38.02
12.55 -37.66
16.63 -38.04
18.11 -41.14
16.8 -39.13
6.07 -35.07
13.88 -37.81
15.58 -39.66
10.87 -36.97
6.6 -33.18
8.36 -32.53
10.83 -35.85
9.84 -34.42
9.78 -36.88
7.47 -35.51
4.3 -33.64
11.76 -38.62
14.76 -36.75
18.73 -42.13
19.27 -43.53
19.81 -41.61
1.96 -30.99
8.0 -35.23
6.85 -34.88
2.46 -34.25
2.19 -32.44
10.66 -37.62
13.2 -37.87
13.17 -37.24
6.72 -33.59
8.36 -35.38
0.84 -30.51
0.21 -29.06
13.96 -38.46
1.72 -30.5
1.97 -30.77
12.1 -39.19
5.77 -33.71
0.79 -30.22
4.9 -32.83
0.34 -29.74
11.92 -37.45
19.33 -41.51
3.62 -32.59
9.44 -36.01
15.88 -40.97
7.46 -35.77
9.89 -35.36
11.26 -37.75
0.11 -28.81
9.06 -33.46
11.9 -38.76
14.22 -40.34
14.25 -38.43
17.91 -40.18
6.3 -34.76
2.78 -31.08
17.99 -41.64
3.11 -32.12
12.8 -35.48
13.52 -37.54
5.44 -33.95
7.17 -34.96
13.75 -37.61
2.82 -32.43
12.66 -37.53
1.87 -31.4
16.11 -36.9
9.67 -34.11
2.74 -31.78
1.01 -30.14
7.51 -34.02
2.09 -31.7
17.72 -42.99
13.48 -37.14
16.33 -41.5
8.04 -34.02
5.07 -32.95
5.36 -31.42
1.22 -31.29
17.03 -39.25
12.9 -36.99
3.68 -34.83
4.78 -33.83
10.42 -34.37
5.01 -32.49
4.51 -32.03
4.63 -32.28
6.7 -35.49
19.53 -40.92
15.39 -39.3
13.04 -37.85
11.19 -36.15
5.76 -33.28
7.61 -34.87
8.36 -36.39
8.57 -35.61
12.71 -37.47
13.14 -39.79
15.52 -40.65
9.43 -34.26
15.9 -37.82
14.64 -38.68
7.08 -34.45
3.57 -31.84
16.72 -41.32
17.82 -39.53
10.94 -34.2
14.18 -38.55
6.85 -34.2
9.96 -36.04
6.35 -35.81
9.06 -33.61
3.8 -31.93
