6.56 -3.22
14.79 1.1
12.22 -2.39
9.5 -2.74
17.23 3.46
7.08 -4.62
4.81 -4.38
17.48 3.75
5.44 -5.51
7.89 -5.07
2.31 -8.13
12.36 -1.09
7.55 -4.95
13.91 0.79
11.54 0.71
5.72 -3.8
13.72 1.59
5.66 -2.69
9.13 -2.54
18.69 3.42
7.6 -3.59
16.76 2.64
2.49 -7.02
6.17 -2.52
15.63 0.81
17.67 4.21
19.0 3.26
11.3 -1.04
4.96 -6.95
13.39 1.63
7.79 -2.75
17.7 4.02
1.95 -8.46
19.78 4.8
12.88 -1.42
16.68 2.53
12.65 -1.47
2.04 -7.95
16.65 2.53
10.28 -2.62
18.85 5.29
2.7 -5.92
0.46 -9.36
8.01 -2.67
12.08 -1.5
15.38 0.64
12.88 1.31
3.4 -6.31
2.87 -7.14
17.43 3.53
16.37 2.07
13.79 0.0
1.08 -7.59
16.77 2.63
2.52 -5.69
19.07 2.44
4.92 -7.36
2.7 -7.28
3.97 -6.1
15.48 0.76
19.76 4.59
19.07 6.46
14.11 0.68
14.93 0.29
15.83 1.42
3.57 -6.05
12.9 0.71
5.16 -4.67
1.62 -6.8
16.01 2.53
4.0 -5.67
10.24 -3.45
16.66 2.25
8.11 -3.57
19.62 5.77
2.21 -6.63
3.39 -6.62
5.75 -4.96
13.41 0.31
9.38 -2.57
16.05 -0.02
10.59 -2.29
14.65 0.79
12.37 -1.46
3.89 -7.23
5.46 -3.68
8.7 -1.68
9.1 -3.15
13.69 2.67
0.97 -8.69
16.18 5.12
15.06 -0.2
14.31 -0.2
18.59 4.08
9.2 -2.01
17.18 4.27
0.59 -9.33
9.95 -1.59
7.38 -5.95
11.2 0.62
6.09 -5.81
14.28 1.98
3.0 -6.32
18.3 3.5
3.03 -5.86
6.12 -4.24
6.79 -3.62
7.69 -2.34
11.01 -2.09
18.2 3.73
2.86 -8.71
3.01 -6.17
0.29 -8.98
1.79 -8.58
3.71 -4.41
5.01 -7.48
12.22 -0.38
16.74 4.15
3.64 -6.04
19.34 4.35
19.01 4.57
17.87 2.35
18.04 3.62
3.12 -6.11
11.59 -0.77
4.18 -6.07
19.25 4.9
7.4 -4.41
4.58 -5.51
2.05 -8.37
1.04 -11.03
16.92 3.11
10.79 -0.65
0.24 -9.11
0.05 -8.41
1.76 -7.13
18.85 4.24
8.48 -1.33
0.98 -8.13
0.59 -8.84
13.38 0.08
0.22 -8.6
9.55 -4.35
18.43 2.49
4.52 -5.89
5.95 -5.93
0.38 -7.8
7.78 -3.84
13.78 1.42
6.87 -3.67
7.36 -2.27
10.21 -1.31
13.03 0.75
3.55 -5.95
2.32 -7.2
19.5 4.89
6.01 -3.29
18.99 4.15
15.44 1.28
12.52 -0.51
7.84 -3.09
11.97 -1.67
5.5 -5.42
5.95 -5.53
19.83 5.85
7.98 -3.75
14.57 3.06
1.51 -8.25
8.24 -3.28
1.43 -8.18
7.91 -2.77
17.1 5.5
5.62 -5.55
0.79 -8.79
6.56 -4.36
8.53 -4.23
12.53 0.06
6.76 -4.15
19.71 4.63
4.52 -5.68
19.57 4.37
8.58 -3.42
4.08 -7.07
7.67 -3.08
13.97 1.2
18.5 5.27
8.23 -1.87
15.06 0.6
5.8 -3.55
8.97 -2.55
17.41 1.58
4.42 -5.25
3.28 -6.55
11.91 0.31
12.24 -2.39
14.38 1.27
6.73 -2.96
8.5 -3.01
17.64 4.04
13.11 0.0
