17.32 -55.05
7.43 -52.29
10.72 -16.35
1.54 -5.92
0.92 -9.21
8.41 -13.98
2.54 -6.87
7.99 36.53
8.61 -15.76
9.44 -36.01
13.88 -37.81
9.52 -52.15
14.4 2.7
12.62 -17.69
0.72 19.83
19.27 -43.53
9.77 -54.85
1.19 -32.77
2.19 -32.44
6.7 -34.27
1.77 -15.37
8.36 -35.38
12.53 0.13
17.55 -16.14
15.38 -53.54
13.58 -54.26
13.19 0.29
9.37 -14.09
4.68 -15.8
8.91 38.5
19.23 -56.63
4.86 28.97
2.47 25.07
3.53 -16.49
12.73 -15.73
14.65 -15.89
17.58 -56.01
1.97 -30.77
2.46 -32.82
6.63 -3.96
17.72 -42.99
13.52 -37.54
4.43 -14.59
14.01 48.1
5.76 -33.28
8.19 -17.31
4.76 -52.61
10.65 -52.65
1.28 -13.38
15.01 49.31
2.25 -49.85
18.09 56.58
19.09 5.57
12.11 -52.68
16.7 -55.01
13.79 1.59
0.46 -50.25
18.67 -14.98
13.0 46.09
16.58 -15.37
12.91 -14.75
17.91 -40.18
7.94 -15.23
12.39 44.78
7.25 33.21
15.23 -55.78
3.03 25.1
2.74 -6.13
8.6 38.35
8.37 -35.37
7.5 -2.9
12.56 -53.71
12.36 -1.67
17.47 -14.96
3.82 26.24
19.33 -41.51
19.4 -53.94
14.76 -36.75
16.88 2.64
0.23 -50.66
12.23 0.98
4.82 29.1
4.0 -14.29
11.23 43.0
5.96 -52.69
10.33 43.27
3.09 -51.31
15.6 -54.95
15.08 50.2
5.5 -51.08
18.73 -13.44
8.81 -35.97
6.86 -4.91
11.92 -37.45
11.0 -1.53
11.66 -52.08
15.16 2.36
4.63 -32.28
0.8 -49.94
15.73 2.48
18.11 -41.14
0.27 -8.49
8.08 -14.27
7.0 -53.07
8.97 -34.55
17.95 -16.25
2.45 -16.39
6.31 33.44
10.37 40.93
8.63 -53.38
11.08 -15.65
12.48 -53.1
12.31 -16.33
5.77 -33.71
5.37 -15.2
12.53 -55.85
8.94 -2.1
17.08 -55.75
3.47 -15.67
3.18 -15.81
1.87 -31.4
9.17 -53.44
0.49 -50.84
1.75 -50.82
13.36 46.74
6.07 -35.07
15.19 -13.92
4.78 -33.83
17.24 -15.13
17.14 -55.13
10.35 -14.91
10.28 -1.58
14.56 1.82
15.59 -39.8
18.97 56.53
19.44 -56.06
17.82 -39.53
10.2 -15.0
9.79 -52.13
2.35 -7.9
14.93 -16.14
7.71 -35.68
2.79 -53.65
1.73 -8.75
10.94 -51.5
8.36 -32.53
0.21 -29.06
7.31 -3.78
8.99 -3.71
10.31 -36.0
14.55 3.3
5.07 -52.51
10.45 -36.03
5.44 -33.95
4.26 -6.04
19.62 -16.53
2.57 -6.05
13.01 48.02
3.85 -15.06
14.23 -53.67
16.13 52.46
6.17 -4.81
9.95 -53.55
15.93 53.23
18.94 -13.79
13.96 -38.46
19.62 4.01
6.98 -34.54
6.68 33.59
4.74 -4.25
1.78 -50.46
17.69 55.83
6.47 -3.7
10.91 -13.67
10.03 -13.67
6.18 -3.59
19.08 -14.84
16.29 -40.92
16.1 -40.63
7.95 -3.85
13.04 -37.85
16.09 -40.79
9.36 -37.76
4.95 -49.75
1.8 -14.77
7.11 -51.51
11.82 -52.44
10.99 -14.78
10.88 -1.62
4.63 -4.07
7.77 -14.99
9.54 38.11
5.33 -32.64
11.57 43.98
7.15 -14.71
10.42 -34.37
14.83 49.89
14.74 50.28
12.02 -1.12
4.16 -30.82
7.93 -34.48
12.51 45.64
10.55 -37.63
14.78 -54.97
7.29 -13.9
14.61 50.38
7.87 -2.36
17.07 54.34
0.65 -49.87
6.58 -4.51
19.02 -14.98
11.68 -1.5
18.87 -56.46
11.32 -36.62
4.63 -13.46
18.19 -13.67
12.55 -37.66
18.46 -55.99
5.46 -14.32
7.49 -32.88
1.72 -30.5
11.26 -37.75
0.92 -7.24
4.87 -50.49
5.04 -5.56
0.58 21.59
17.93 -14.16
14.08 0.58
4.3 -5.53
18.78 -14.08
15.41 -14.12
8.02 38.3
19.81 -41.61
3.93 -12.25
16.69 2.38
15.54 -13.48
14.52 -53.58
5.76 -5.85
10.92 -54.11
13.16 -0.0
10.74 -2.32
16.37 -57.0
0.44 21.06
16.73 -53.7
6.39 33.6
18.1 56.71
0.79 -30.22
7.92 -52.11
9.91 -2.39
3.11 -32.12
17.63 -55.5
9.15 -53.44
6.58 34.3
9.1 -16.19
10.19 -2.31
17.75 4.72
17.72 5.19
1.57 20.7
18.6 -55.8
14.64 -38.68
12.87 -37.7
5.11 -3.7
19.4 -16.51
16.24 53.11
1.57 -15.3
9.75 -53.15
2.97 -30.06
7.03 34.47
13.6 -1.33
6.13 -52.88
4.53 -32.98
15.52 -40.65
17.15 -55.09
6.47 -5.07
2.13 -8.01
14.63 -55.06
12.56 0.6
4.59 29.04
1.92 -14.32
0.84 -15.55
17.81 -55.29
6.5 33.7
0.31 -51.1
15.51 -55.47
8.16 -3.3
10.28 -15.1
15.61 1.27
4.38 -50.66
7.33 -34.46
11.14 -0.68
4.49 -51.22
6.29 -13.04
18.65 -14.25
12.38 -38.07
8.1 36.83
8.47 -15.79
4.9 -52.76
12.66 -37.53
2.36 26.43
19.71 6.4
7.61 -34.87
5.61 -13.92
14.81 -53.92
3.48 -6.13
2.99 -6.71
16.65 2.16
0.87 -15.58
14.06 0.38
7.29 35.41
16.14 -14.07
10.83 -53.39
14.33 -37.57
2.32 23.89
7.79 -15.75
17.22 -16.59
13.38 48.09
17.65 -54.88
2.09 -31.7
8.71 -54.2
16.51 -15.51
19.53 5.1
11.41 42.32
3.62 -32.59
19.13 58.76
7.35 34.95
12.8 -35.48
13.21 -15.14
8.64 -34.71
10.37 0.55
9.43 -34.26
19.09 57.26
0.26 -28.67
1.12 -9.59
9.91 -52.48
7.0 -52.09
10.5 -14.6
0.17 -14.65
12.75 44.54
7.08 -34.45
6.85 -34.88
18.32 4.43
11.46 43.86
7.71 -3.1
10.18 -52.17
6.83 -34.84
9.96 -36.04
16.59 1.3
8.33 -52.81
3.13 -15.58
12.1 -39.19
17.57 -15.84
8.15 -5.97
3.26 -16.08
14.72 -15.24
2.89 -7.09
17.66 56.57
16.69 -41.89
5.19 -51.03
5.73 -50.52
7.12 -2.81
0.27 -10.16
7.96 -15.04
11.91 -54.1
11.51 -14.66
15.41 49.83
7.17 -34.96
10.89 -37.08
11.38 43.4
14.22 -40.34
9.7 -14.7
4.91 30.15
5.09 -15.11
12.71 -37.47
1.9 -49.95
4.16 -53.05
14.03 0.93
13.19 -53.19
19.08 -14.53
5.92 30.72
2.77 -13.61
17.32 2.91
17.49 1.79
5.85 -53.28
2.59 26.37
10.87 -36.97
4.54 28.23
11.95 42.51
14.18 -38.55
19.87 60.19
19.43 -54.68
15.92 -55.77
1.04 -8.61
6.35 -35.81
19.17 56.03
6.13 -51.49
11.07 -13.75
1.59 21.86
12.96 -52.6
2.22 -51.4
1.94 -7.56
19.37 58.92
17.52 -56.24
10.44 -2.88
12.41 -53.09
10.51 -1.8
15.4 -12.41
10.73 -1.62
2.0 -52.07
13.32 46.65
1.96 -30.99
17.35 55.01
2.17 -15.48
6.8 -53.93
11.32 -52.1
6.96 -32.31
8.0 -5.38
4.52 -14.88
17.8 -15.78
3.33 -51.3
9.46 -15.3
4.51 -32.03
10.23 -1.74
14.67 -15.51
16.05 -38.64
11.58 -13.88
16.45 2.69
8.17 -15.27
1.51 21.74
2.46 -5.47
4.46 -49.93
3.8 -31.93
9.7 -2.5
0.74 -29.71
10.16 -35.53
11.76 -38.62
0.77 -30.62
12.9 -36.99
9.06 -33.46
12.98 2.22
15.79 -40.26
0.09 -30.97
2.75 -6.44
4.99 28.5
2.29 24.78
19.53 -56.5
3.52 -50.89
15.91 -14.97
8.5 -35.09
1.54 23.16
0.72 22.98
12.63 -0.37
6.72 -33.59
14.08 -55.31
14.19 -54.98
2.77 -5.12
11.83 44.24
2.5 -51.22
6.7 -35.49
7.15 -51.57
12.42 -35.51
9.41 -53.31
6.98 36.78
11.59 44.7
12.71 0.27
3.41 27.44
1.86 23.74
8.57 -35.61
5.3 -5.36
9.91 -1.24
11.03 -1.53
0.72 21.54
9.46 39.66
12.59 45.05
11.46 -13.46
2.7 -15.39
5.45 30.16
10.26 -37.01
8.0 -35.23
18.5 56.52
19.34 -54.52
19.3 -40.43
12.98 -15.07
14.87 50.89
18.98 -56.25
11.65 -17.38
17.03 -39.25
11.12 -36.88
16.53 -40.1
18.17 -14.14
12.11 -53.41
13.98 1.79
12.4 45.49
2.7 24.44
12.85 -53.27
11.82 -0.17
9.84 -34.42
6.03 -15.07
6.31 -52.2
15.4 -55.01
0.34 -29.74
2.92 -13.4
11.45 -14.92
4.04 -13.78
11.67 0.5
9.89 -35.36
13.78 -16.26
9.06 -33.61
19.84 4.18
16.1 1.5
14.48 48.98
16.5 1.61
4.9 -32.83
4.31 -15.6
14.25 -36.52
8.47 -52.65
3.56 25.85
9.52 -13.34
17.51 -42.54
13.12 45.11
6.6 -33.18
3.02 -14.56
15.58 -39.66
8.97 -12.53
3.62 -13.43
1.48 -13.38
6.3 -15.29
7.03 -3.99
10.83 -35.85
4.83 -15.69
15.69 -15.01
7.47 -3.92
13.53 -14.79
17.35 -54.96
5.0 -50.39
13.31 -54.53
14.63 -38.27
1.22 -31.29
12.68 -52.88
19.71 6.65
18.73 -14.4
15.14 1.52
15.29 1.45
8.98 37.86
0.8 -50.13
3.22 -30.75
5.74 -5.57
0.31 -14.63
15.5 -55.16
6.66 -14.69
9.43 -35.95
12.21 -13.58
5.64 -15.78
3.68 -34.83
13.4 -52.98
11.23 -0.58
12.34 -15.18
11.75 -53.1
5.15 -5.17
13.16 -53.44
1.99 24.34
8.73 -1.66
12.34 -37.96
10.94 -34.2
8.81 37.53
11.83 43.95
14.16 -54.69
19.55 2.54
9.37 -52.07
9.74 -53.01
16.8 -39.13
3.1 27.29
12.88 1.28
8.99 -51.09
10.0 39.93
5.85 -15.88
5.57 32.33
17.84 55.76
7.38 -14.21
4.64 -6.48
16.12 52.28
12.47 -37.85
19.77 5.62
12.45 44.64
13.14 -54.76
9.8 -2.28
14.79 -14.96
1.43 -14.71
13.25 -54.7
10.49 -0.93
14.48 -16.1
16.96 -41.24
7.26 35.54
18.64 6.04
16.04 -14.77
9.5 -52.21
10.81 -53.17
16.91 -56.05
16.21 -39.65
3.14 -50.48
2.74 -14.71
11.78 -53.44
19.68 6.07
10.65 -53.52
5.27 -15.98
8.68 -1.69
13.79 -14.69
15.94 51.66
2.73 -8.62
12.73 -52.19
2.05 24.07
2.46 -34.25
11.95 42.68
17.81 -13.56
7.46 -35.77
9.58 -53.72
7.25 34.02
1.76 -51.29
1.21 23.75
1.9 -30.98
4.42 -49.59
9.81 -13.78
0.56 -9.04
7.05 -51.86
7.99 35.54
8.32 -14.97
12.44 -0.59
18.63 3.34
1.41 -49.85
6.19 -33.32
18.97 4.41
7.92 35.24
3.33 27.68
11.33 -15.61
5.81 -52.1
1.17 -51.57
1.89 23.99
5.21 -6.49
17.65 -16.07
19.75 -55.53
16.8 2.04
2.83 -6.23
4.51 -14.28
7.83 -4.29
8.36 -36.39
16.33 -41.5
15.31 -16.53
18.84 -14.59
15.21 51.67
1.31 -13.5
18.14 4.23
18.77 56.83
13.2 -37.87
8.68 -52.73
6.83 34.26
5.06 -14.33
10.66 -37.62
4.71 31.06
3.45 25.88
5.37 -51.51
0.0 -50.29
0.01 -48.49
9.85 38.94
1.72 -30.79
16.74 -55.36
2.53 -51.69
9.75 -13.09
5.97 31.49
18.85 -15.31
3.57 -7.16
19.39 5.52
19.69 -17.87
19.53 -40.92
1.15 -16.27
19.1 3.85
7.91 35.86
7.76 -3.86
12.71 1.61
10.55 41.96
3.79 -14.39
3.57 -31.84
11.46 -52.76
9.78 -16.38
17.33 2.28
12.84 -54.3
19.15 -14.25
14.28 -14.6
9.0 37.16
6.98 -3.52
6.34 -4.93
2.47 -15.81
18.5 6.28
14.69 0.6
5.09 -34.04
6.22 -33.65
9.98 39.31
9.85 39.28
1.61 22.26
18.65 -13.74
19.13 -58.2
5.55 -32.79
7.51 -34.02
19.67 -15.78
0.75 21.82
18.3 -40.31
10.32 -52.28
3.4 -15.63
6.37 33.0
11.9 -38.76
9.93 -0.92
6.68 33.2
16.12 53.96
15.2 50.14
3.01 25.56
13.15 0.93
5.48 -50.66
14.29 -39.88
12.71 -53.85
17.62 56.29
7.43 -2.37
7.86 -1.89
16.12 52.08
5.19 -5.06
10.18 -52.75
15.89 50.83
13.44 1.93
13.66 -53.82
3.62 -31.98
19.17 57.33
6.57 -49.09
9.2 36.77
0.32 -52.36
9.05 -2.81
7.53 36.12
0.0 -13.86
13.17 -54.73
9.94 -54.08
13.11 -15.36
15.88 -40.97
5.34 32.06
15.02 -38.75
8.72 39.14
4.65 31.17
0.2 -49.5
15.36 50.37
2.36 -8.99
0.11 -9.34
6.2 -6.49
19.74 59.23
3.88 26.19
13.82 46.83
17.17 2.5
10.79 -1.97
17.19 -54.53
16.85 3.19
2.6 -51.64
11.37 -12.72
16.67 -55.34
2.95 -30.49
12.33 -15.76
2.73 25.33
6.06 -4.5
13.43 -37.05
15.23 -53.99
10.94 -14.1
16.61 2.33
8.64 -13.62
10.99 -1.94
10.43 -17.0
13.42 -36.41
2.02 -12.26
11.48 -51.88
19.17 -55.01
7.31 -5.55
2.97 27.89
5.98 -5.29
17.02 3.68
9.26 -35.44
9.41 38.69
0.78 -29.03
18.17 56.06
4.67 -34.52
15.48 -14.97
6.95 -53.27
14.58 -52.48
8.98 39.56
3.01 25.62
19.76 58.65
6.28 -3.94
3.94 -15.23
17.17 -54.51
14.05 1.5
15.23 52.71
18.73 -42.13
17.85 -15.91
2.44 -7.61
14.25 -38.43
0.84 -30.51
12.36 45.84
10.05 -2.7
6.23 -15.76
18.43 56.12
16.72 -41.32
2.85 -7.88
4.3 -33.64
8.32 -3.4
18.7 3.79
17.05 -40.12
17.41 -15.49
4.04 -15.87
17.99 -41.64
0.65 23.1
2.82 -32.43
3.13 26.54
2.74 -31.78
2.33 24.1
5.28 -16.25
8.93 -52.26
15.03 51.55
12.53 -38.02
1.33 23.42
11.78 -55.44
16.32 -16.4
13.69 46.89
9.33 -13.64
4.31 -6.53
5.73 -4.95
9.11 -3.8
13.7 45.98
16.96 2.78
4.57 -16.03
8.21 34.55
10.39 -36.36
9.69 -35.78
3.85 -6.87
9.22 38.23
4.76 -7.41
11.19 -36.15
16.65 -54.17
8.57 -13.9
9.9 -52.56
16.4 3.81
12.29 44.5
7.47 -35.51
10.1 -52.99
16.03 -15.83
11.25 -51.92
8.18 -53.42
11.37 -55.21
1.39 -6.35
8.44 -51.29
4.29 -14.01
10.35 -53.71
19.6 4.93
13.65 -54.45
5.36 -31.42
12.94 44.87
8.04 -34.02
1.41 -6.95
2.75 26.9
2.78 -31.08
15.9 -37.82
17.56 3.12
5.57 -33.65
2.42 -9.01
6.3 -34.76
4.92 29.15
14.77 -37.82
16.55 -14.77
1.01 -30.14
1.64 -48.83
3.74 26.42
15.39 -39.3
8.83 -15.98
13.16 48.09
17.19 55.35
8.17 35.13
1.51 21.69
17.04 -54.38
15.75 52.64
9.86 39.06
0.44 21.44
2.66 25.7
14.89 -15.73
19.48 3.93
5.01 -32.49
18.22 -14.38
0.83 -7.89
8.59 -15.62
11.65 -0.55
18.38 -39.99
4.48 -50.24
14.89 50.05
13.14 -39.79
6.71 -15.55
13.03 -0.92
15.83 -55.14
19.11 -14.51
17.87 -40.68
10.35 -37.05
2.67 -52.56
16.81 53.89
6.85 -34.2
17.87 53.46
14.35 -52.56
8.56 -51.91
6.73 -15.29
15.83 50.05
15.62 -37.29
11.31 43.03
11.75 -53.95
18.04 -55.51
9.78 -36.88
18.6 -55.63
4.89 29.79
11.44 40.35
9.67 -34.11
15.17 49.76
6.32 -4.42
17.53 -55.02
16.44 -54.39
2.59 -16.27
3.93 -14.39
2.01 -5.9
11.64 -53.74
5.95 -33.92
2.59 -15.34
7.11 -3.23
16.68 -13.03
13.75 -37.61
10.11 40.5
16.2 52.57
1.16 -50.27
12.03 -54.19
7.99 -15.37
15.8 -14.4
8.26 -3.41
17.73 53.61
19.66 -55.94
8.26 -14.84
14.4 -15.83
19.13 4.16
6.59 34.3
10.99 44.46
19.05 -53.99
5.07 -15.83
8.51 -51.99
14.29 -54.08
3.64 -13.69
13.17 -37.24
14.41 -37.97
18.07 -15.39
11.15 -0.43
17.29 52.89
16.63 -38.04
12.61 -15.92
0.11 -28.81
13.31 -37.14
14.69 50.08
19.2 -15.0
6.08 -3.88
13.55 47.18
16.93 -15.73
2.38 -32.2
5.92 -4.7
12.12 -14.84
10.39 -1.65
3.96 -16.16
13.48 -37.14
5.18 -3.37
16.66 52.05
5.07 -32.95
13.89 46.06
5.67 -52.38
19.25 -15.65
7.77 -4.35
11.53 -1.81
8.16 -34.2
15.71 53.03
6.34 -33.97
10.79 -37.07
14.97 50.62
18.79 -54.82
16.11 -36.9
2.64 -50.8
3.36 -16.88
8.22 -4.38
3.12 -49.1
8.18 36.82
0.62 23.13
10.77 -15.04
0.65 -9.11
7.82 -2.74
12.51 -0.5
8.12 -4.13
11.47 42.26
2.4 -13.11
7.43 34.58
9.86 41.08
6.05 -14.99
9.42 -14.8
