15.75 51.5
8.76 36.8
3.86 29.08
7.52 34.4
4.7 28.97
5.23 29.37
9.08 39.28
4.19 28.09
7.41 34.39
1.89 21.66
0.94 22.3
18.13 58.42
9.31 37.74
8.28 35.53
15.88 52.74
12.8 43.0
18.68 58.9
0.29 20.62
10.23 41.44
0.97 21.28
11.75 43.67
12.0 43.81
7.17 34.59
16.25 52.89
8.86 38.49
15.05 50.5
18.82 57.57
16.96 53.54
6.02 33.65
13.62 46.59
9.08 39.81
16.72 53.44
13.99 47.85
5.02 30.55
11.16 41.23
17.42 54.62
13.01 44.86
10.15 39.03
15.61 51.63
15.39 51.23
4.0 26.76
3.41 25.76
14.61 50.77
0.03 20.84
5.69 33.0
15.34 51.19
12.23 43.87
7.81 37.01
1.16 22.84
6.17 34.64
1.95 22.79
0.73 20.01
13.33 46.96
15.13 48.88
2.91 25.26
9.75 38.24
7.04 33.6
15.55 51.41
7.82 36.07
9.16 35.8
7.22 33.68
1.46 23.96
13.61 46.67
18.98 59.05
6.65 31.26
0.41 21.75
2.03 23.64
10.08 38.17
16.14 50.97
0.69 21.45
11.83 43.76
8.73 36.76
2.68 26.16
4.51 27.87
10.84 41.1
13.39 46.25
9.97 38.97
8.62 35.44
15.85 51.49
0.64 21.06
13.0 46.79
16.45 52.92
7.27 36.11
6.0 32.25
5.04 30.5
8.92 37.08
11.81 42.47
7.16 36.76
3.52 27.08
14.39 49.39
7.62 36.32
12.85 45.44
19.35 60.57
13.26 46.68
17.21 54.67
3.89 29.05
11.4 41.46
7.79 35.75
8.43 36.85
3.59 28.25
17.34 56.43
12.27 44.17
15.39 50.3
10.77 41.25
5.08 30.89
7.38 34.37
6.05 32.41
18.47 57.73
13.3 47.77
7.29 34.44
17.19 53.2
0.17 22.24
8.58 36.86
13.57 46.81
15.22 49.56
10.14 40.3
1.15 23.02
12.98 46.22
8.14 35.77
14.9 49.12
10.3 40.28
1.86 23.16
12.76 46.94
2.88 26.42
13.35 46.7
5.76 31.34
13.43 45.62
7.33 36.1
7.38 35.16
7.62 36.06
12.69 46.17
9.13 37.11
19.29 56.53
3.67 28.0
1.16 21.32
17.92 53.59
0.77 21.07
7.04 34.0
9.3 39.71
13.3 47.41
12.38 45.35
14.27 48.51
0.15 19.21
9.82 41.18
6.86 34.2
19.99 61.1
3.23 27.62
5.3 31.24
15.16 49.79
0.82 20.52
8.67 36.02
9.34 36.47
5.08 30.29
3.93 26.25
0.69 22.33
14.46 49.14
5.17 30.06
4.66 29.22
1.7 22.77
8.47 37.32
15.25 50.62
2.83 27.09
10.19 41.01
8.24 37.52
7.69 37.71
19.98 59.54
0.84 21.02
9.46 39.44
1.54 22.5
19.08 58.51
15.23 51.83
8.83 38.6
19.25 57.54
1.95 22.0
17.7 56.38
17.07 55.05
8.72 38.03
14.37 48.27
11.41 45.3
3.44 26.49
17.62 54.32
8.47 36.66
18.59 58.61
11.85 43.07
6.43 32.23
1.21 22.33
11.37 42.43
13.95 48.31
9.32 39.96
11.56 43.16
16.88 53.63
8.79 38.66
18.29 57.63
12.77 46.6
7.24 33.44
5.06 30.05
17.33 54.58
4.91 29.98
13.33 45.84
9.81 40.87
