0.1 1.68
0.56 10.41
0.97 14.73
0.8 13.53
0.54 7.17
0.18 2.7
0.64 9.92
0.29 6.05
0.87 13.14
0.14 3.02
0.38 6.08
0.41 6.48
0.67 9.47
0.55 8.47
0.91 13.5
0.26 2.12
0.25 4.54
0.83 12.67
0.96 13.22
0.17 3.75
0.75 13.15
0.55 8.62
0.92 10.6
0.99 16.05
0.31 6.22
0.74 12.21
0.97 12.82
0.6 7.79
0.07 2.06
0.49 8.19
0.66 9.49
0.44 6.03
0.02 2.32
0.52 9.04
0.59 9.29
0.17 1.63
0.76 11.59
0.12 5.66
0.91 14.89
0.34 5.63
0.38 6.55
0.22 4.02
0.13 3.2
0.33 4.46
0.96 14.02
0.79 12.57
0.6 8.92
0.83 11.37
0.57 10.31
0.67 11.09
0.25 5.02
0.53 9.12
0.11 2.54
0.28 3.07
0.63 10.77
0.29 5.43
0.27 2.91
0.7 9.56
0.26 5.89
0.1 3.65
0.49 5.74
0.25 3.75
0.61 10.06
0.95 12.08
0.49 9.74
0.31 4.62
0.77 11.38
0.51 7.95
0.65 10.24
0.15 3.15
0.52 9.22
0.67 10.15
0.17 3.52
0.86 14.36
0.48 7.93
0.73 11.35
0.02 -0.08
0.96 16.29
0.32 6.47
0.66 8.93
0.37 6.89
0.4 5.64
0.28 4.08
0.13 3.08
0.05 1.55
0.35 6.23
0.59 9.22
0.34 4.33
0.69 10.02
0.5 10.03
0.82 12.32
0.18 3.74
0.56 9.31
0.67 9.68
0.42 6.58
0.31 5.18
0.97 14.24
0.79 13.53
0.01 -0.3
1.0 16.86
0.15 3.1
0.01 1.58
0.43 5.98
0.45 6.88
0.71 8.71
0.83 13.32
0.58 9.09
0.58 7.11
0.95 16.24
0.58 10.55
0.47 8.12
0.21 5.33
0.67 11.19
0.65 10.9
0.41 8.11
0.27 5.57
0.89 15.03
0.96 14.93
0.67 10.83
0.03 1.68
0.06 3.31
0.36 4.48
0.07 3.0
0.31 4.42
0.66 10.66
0.55 8.4
0.36 5.35
0.33 7.04
0.39 6.19
0.12 2.17
0.59 9.86
0.1 0.19
0.6 9.35
0.06 2.24
0.5 8.18
0.27 6.08
0.23 5.34
0.02 2.39
0.27 5.4
0.75 12.89
0.95 14.24
0.16 2.14
0.11 2.85
0.17 4.12
0.31 5.4
0.25 2.8
0.06 2.15
0.37 8.3
0.94 15.82
0.87 14.37
0.34 4.77
0.78 12.47
0.91 12.71
0.3 5.04
0.66 10.53
0.82 13.09
0.35 7.51
0.82 12.76
0.14 2.78
0.07 1.57
0.09 0.98
0.09 3.44
0.24 2.78
0.67 10.18
0.82 14.04
0.6 8.85
0.23 3.21
0.97 14.94
0.63 8.35
0.78 12.2
0.57 8.54
0.19 5.39
0.5 8.17
0.47 7.91
0.99 16.13
0.56 8.7
0.87 14.62
0.01 1.14
0.2 4.87
0.35 5.61
0.42 6.62
0.87 14.74
0.53 8.07
0.11 3.54
0.67 9.12
0.71 9.78
0.21 4.75
0.05 2.81
0.66 8.84
0.1 1.23
0.83 14.52
0.87 12.69
0.56 8.12
0.54 9.08
0.87 12.93
0.5 8.11
0.4 5.41
0.5 7.68
0.46 8.27
0.78 11.86
