0.28 28.05
0.56 10.41
0.21 -10.09
0.36 -9.07
0.79 65.86
0.87 12.69
0.83 12.67
0.45 28.03
0.79 -7.75
0.97 -6.59
0.32 29.84
0.78 -8.03
0.33 55.61
0.92 10.6
0.09 51.33
0.34 5.63
0.36 27.68
0.83 11.37
0.75 63.69
0.51 -9.52
0.66 62.21
0.5 7.68
0.58 10.55
0.14 28.2
0.92 27.23
0.47 -10.17
0.33 7.04
0.8 30.06
0.41 6.48
0.95 -7.54
0.83 25.77
0.18 52.72
0.07 28.1
0.64 -8.79
0.07 2.06
0.83 14.52
0.67 9.47
0.93 69.24
0.43 58.34
0.27 27.98
0.88 -7.4
0.51 28.16
0.56 8.12
0.31 6.22
0.65 10.9
0.67 63.12
0.79 64.99
0.56 9.31
0.97 28.92
0.6 61.02
0.18 29.02
0.86 -7.53
0.06 50.49
0.08 -10.9
0.95 12.08
0.35 29.22
0.37 8.3
0.25 54.22
0.91 -6.93
0.26 -11.67
0.08 27.46
0.41 -8.05
0.71 30.32
0.31 5.18
0.56 8.7
0.29 -9.44
0.12 -9.85
0.08 50.68
0.38 6.55
0.77 65.27
0.86 14.36
0.8 29.13
0.42 28.64
0.64 27.52
0.73 63.15
0.28 4.08
0.45 59.99
0.22 4.02
0.4 -8.35
0.7 28.09
0.66 62.61
0.09 25.66
0.94 29.07
0.19 27.82
0.27 -9.05
0.46 58.33
0.75 -9.12
0.36 -10.39
0.03 1.68
0.43 -8.15
0.03 49.66
0.32 56.1
0.65 27.7
0.83 -6.92
0.76 27.73
0.43 27.96
0.79 -7.87
0.93 -6.04
0.31 27.89
0.51 58.5
0.4 56.31
0.57 10.31
0.46 28.07
0.47 58.82
0.94 67.65
0.69 -8.41
0.11 28.81
0.32 54.44
0.35 56.03
0.62 -8.28
0.7 64.78
0.16 30.0
0.64 -8.13
0.74 -7.38
0.68 28.39
0.2 4.87
0.81 65.71
0.0 -10.18
0.8 29.52
0.14 -9.72
0.73 63.98
0.97 14.24
0.56 62.1
0.39 56.73
0.77 11.38
0.75 -6.87
0.65 27.32
0.5 8.18
0.31 55.81
0.94 15.82
0.3 29.05
0.47 28.79
0.74 27.04
0.33 27.75
0.23 28.32
0.82 14.04
0.7 -8.54
0.02 2.32
0.69 27.72
0.87 14.37
0.52 61.34
0.13 51.13
0.37 27.52
0.67 9.68
0.17 52.11
0.29 27.66
0.14 27.36
0.67 -10.19
0.73 -8.58
0.67 65.38
0.07 3.0
0.01 26.39
0.91 69.71
0.12 2.17
0.79 27.48
0.87 14.62
0.21 4.75
0.22 -11.41
0.47 59.0
0.85 29.64
0.2 50.49
0.9 -6.89
0.04 -12.23
0.05 51.06
0.67 10.83
0.68 -8.42
0.33 27.17
0.77 64.1
0.09 28.19
0.58 7.11
0.72 27.88
0.23 29.03
0.95 68.13
0.28 3.07
0.35 55.81
0.66 -7.76
0.34 -7.2
0.89 -9.5
0.13 3.08
0.13 -11.08
0.18 52.77
0.4 -9.23
0.81 -9.34
0.46 8.27
0.95 27.76
0.48 27.48
0.07 28.27
0.01 50.62
0.42 28.49
0.55 8.4
0.53 -9.19
0.8 13.53
0.56 28.04
0.09 25.78
0.59 9.22
0.65 61.59
0.89 28.8
0.95 14.24
0.59 9.86
0.33 55.77
0.49 9.74
0.62 -6.38
0.48 7.93
0.26 5.89
0.07 25.8
0.32 -10.82
0.67 -7.17
0.08 26.86
0.6 26.61
0.01 -0.3
0.38 59.55
0.4 58.79
0.01 48.12
0.43 5.98
0.53 28.57
0.97 68.73
1.0 27.13
0.01 -12.44
0.67 -7.13
0.14 3.02
0.26 53.81
0.69 30.36
0.68 62.61
1.0 70.14
0.56 -9.22
0.73 66.11
0.82 13.09
0.06 26.34
0.66 -8.19
0.22 26.47
0.53 9.12
0.66 63.12
0.69 26.98
0.75 26.93
0.92 66.86
0.4 5.64
0.86 67.39
0.67 63.79
0.9 68.39
0.47 -8.18
0.86 67.71
0.43 -9.28
0.1 52.1
0.91 14.89
0.1 -11.28
0.37 25.93
0.38 58.9
0.66 8.93
0.96 68.78
0.82 -6.7
0.14 27.56
0.18 53.47
0.33 27.37
0.95 16.24
0.36 -10.61
0.37 -9.39
0.6 -7.89
0.87 69.06
0.35 27.93
0.84 66.27
0.5 10.03
0.42 6.58
0.04 -11.4
0.04 51.04
0.54 -9.49
0.13 53.26
0.27 6.08
0.82 28.0
0.19 -9.86
0.51 61.06
0.59 -8.6
0.04 27.67
0.98 -6.42
0.09 28.4
0.41 27.5
0.73 -9.79
0.52 -7.21
0.64 -8.11
0.96 14.02
0.42 58.71
0.86 66.95
0.6 27.35
0.89 65.92
0.97 14.73
0.6 7.79
0.9 68.15
0.21 -10.09
0.85 29.45
0.34 4.33
0.32 55.79
0.78 12.47
0.06 27.0
0.02 26.87
0.81 65.58
0.35 -11.07
0.74 -5.5
0.5 -9.53
0.51 27.42
0.97 14.94
0.67 10.18
0.98 70.99
0.04 -10.72
0.53 60.91
0.19 28.24
0.35 5.61
0.72 -8.06
0.73 63.79
0.02 -0.08
0.32 6.47
0.09 52.39
0.49 8.19
0.23 5.34
0.78 11.86
0.28 -10.11
0.14 2.78
0.06 3.31
0.57 8.54
0.15 28.91
0.0 -11.34
0.17 26.83
0.87 -7.43
0.78 -8.21
0.53 8.07
0.73 63.33
0.91 13.5
0.29 5.43
0.02 2.39
0.04 -12.4
0.27 5.57
0.61 -9.05
0.36 56.77
0.35 -10.14
0.67 11.19
0.32 28.36
0.75 13.15
0.05 -10.42
0.45 -8.13
0.5 -8.46
0.75 -7.48
0.54 7.17
0.22 26.69
0.16 -9.94
0.0 27.63
0.07 52.21
0.57 61.51
0.28 -9.47
0.31 5.4
0.49 5.74
0.94 -6.99
0.27 54.23
0.41 57.68
0.05 51.27
0.4 58.35
0.85 67.15
0.07 48.64
0.11 -10.68
0.46 27.25
0.76 11.59
0.1 1.68
0.15 28.18
0.25 2.8
0.48 -8.08
0.64 27.2
0.39 6.19
0.6 8.92
0.34 27.43
0.87 12.93
0.85 27.77
0.96 29.02
0.57 60.9
0.45 6.88
0.94 70.2
0.54 9.08
0.29 27.06
0.72 -8.39
0.4 5.41
0.57 59.37
0.72 65.48
0.34 29.21
0.83 65.81
0.12 -9.47
0.74 -6.56
0.76 27.45
0.97 12.82
0.82 28.48
0.58 9.09
0.19 27.47
0.13 3.2
0.23 55.03
0.38 6.08
0.88 68.14
0.09 25.73
0.79 28.24
0.01 1.58
0.22 53.34
0.86 66.16
0.64 26.63
0.62 -9.54
0.19 -11.47
0.16 53.89
0.67 27.99
0.55 59.76
0.24 -10.72
0.14 28.54
0.67 26.43
0.68 62.02
0.05 1.55
0.55 27.69
0.59 59.57
0.41 -9.37
0.21 -10.49
0.57 62.31
0.86 -7.38
0.07 1.57
0.45 28.32
0.47 7.91
0.44 6.03
0.01 1.14
0.77 29.27
0.29 -9.5
0.57 -8.96
0.18 -10.55
0.7 9.56
0.2 -10.05
0.5 29.42
0.66 8.84
0.72 -9.0
0.09 25.9
0.46 -9.22
0.69 64.92
0.67 9.12
0.64 9.92
0.09 -10.41
0.35 27.81
0.89 15.03
0.42 -9.55
0.0 27.65
0.41 -9.49
0.55 8.62
0.6 -8.95
0.63 26.97
0.63 -7.51
0.51 7.95
0.47 60.37
0.02 -9.8
0.74 12.21
0.47 -9.88
0.75 -9.11
0.75 63.64
0.24 56.25
0.13 28.24
0.65 -6.99
0.69 -8.91
0.37 -8.04
0.47 57.41
0.99 70.27
0.1 -9.24
0.99 16.13
0.38 -9.16
0.75 28.28
0.64 28.46
0.69 10.02
0.51 -9.02
0.99 27.83
0.51 60.66
0.26 2.12
0.24 28.48
0.74 -5.71
0.94 29.25
0.66 -8.48
0.12 50.59
0.14 25.87
0.67 -8.28
0.53 -8.5
0.73 65.51
0.3 -8.88
0.11 27.72
0.22 -11.85
0.59 9.29
0.5 26.85
0.41 -8.38
0.81 65.14
0.35 6.23
0.76 64.77
0.66 10.66
0.15 3.1
0.54 -8.15
0.57 61.26
0.19 5.39
0.51 -8.98
0.18 27.78
0.84 -6.69
0.96 -4.87
0.61 10.06
0.97 69.62
0.03 -11.44
0.6 62.08
0.96 -7.28
0.41 57.98
0.98 -6.24
0.09 27.6
0.57 -6.88
0.33 -9.1
0.67 10.15
0.84 65.95
0.25 54.44
0.31 -8.46
0.38 27.22
0.44 28.68
0.82 12.32
0.94 67.26
0.99 28.73
0.97 29.29
0.03 28.65
0.53 60.92
0.71 9.78
0.96 13.22
0.62 -7.46
0.33 26.84
0.86 67.5
0.21 5.33
0.68 27.49
0.3 53.87
0.52 27.86
0.15 52.53
0.06 49.56
0.09 3.44
0.91 12.71
0.98 67.17
0.27 -10.12
0.42 6.62
0.17 3.75
0.17 27.73
0.11 2.85
0.88 -6.91
0.06 49.59
0.81 -8.44
0.11 52.9
0.17 3.52
0.18 3.74
0.11 52.81
1.0 16.86
0.63 28.92
0.71 65.56
0.6 9.35
0.01 -12.4
0.31 57.38
0.51 60.65
0.73 11.35
0.97 68.87
0.75 12.89
0.67 -7.93
0.11 -9.81
0.82 -7.3
0.95 68.62
0.23 -10.31
0.33 4.46
0.6 8.85
0.67 26.96
0.53 -8.6
0.61 26.39
0.49 59.17
0.18 -9.7
0.94 29.0
0.62 -9.45
0.49 27.18
0.14 28.24
0.85 65.91
0.76 62.98
0.83 25.92
0.38 27.74
0.5 8.11
0.38 26.93
0.1 3.65
0.36 28.96
0.92 69.02
0.97 70.41
0.78 12.2
0.61 -8.37
0.94 -6.71
0.51 27.74
0.66 9.49
0.7 -9.13
0.33 28.9
0.17 27.47
0.27 27.96
0.83 27.61
0.64 26.99
0.81 66.29
0.37 -10.28
0.75 28.01
0.88 66.39
0.23 28.74
0.66 10.53
0.52 -9.95
0.22 -9.8
0.05 2.81
0.3 55.6
0.71 -9.95
0.27 5.4
0.2 26.87
0.27 2.91
0.31 4.62
0.4 58.7
0.27 54.19
0.37 29.02
0.64 60.97
0.19 54.38
0.21 -9.95
0.21 54.37
0.17 53.79
0.28 28.38
0.67 61.52
0.55 61.24
0.52 9.04
0.91 66.87
1.0 -7.17
0.95 29.19
0.16 -9.7
0.63 8.35
0.59 28.92
0.15 3.15
0.34 4.77
0.4 -9.87
0.83 -8.19
0.29 6.05
0.12 52.66
0.84 -6.48
0.77 65.16
0.31 54.97
0.82 12.76
0.64 62.3
0.66 28.73
0.51 -9.02
0.31 4.42
0.17 1.63
0.46 -9.23
0.3 57.44
0.06 2.24
0.79 29.2
0.48 58.43
0.4 28.06
0.77 -9.61
0.16 26.61
0.86 29.2
0.71 -8.37
0.61 27.83
0.17 4.12
0.38 28.25
0.71 8.71
0.33 27.85
0.18 2.7
0.05 49.57
0.79 13.53
0.95 67.76
0.66 -8.06
0.25 5.02
0.59 -7.75
0.23 29.19
0.53 28.19
0.31 54.1
0.48 -8.32
0.24 2.78
0.79 27.53
0.46 58.82
0.67 -8.31
0.57 62.3
0.55 26.16
0.2 53.68
0.58 62.07
0.39 -9.26
0.03 -9.28
0.09 0.98
0.92 -8.51
0.3 5.04
0.63 10.77
0.32 56.32
0.41 -9.08
0.63 27.94
0.49 59.2
0.71 63.01
0.83 13.32
0.41 8.11
0.03 -10.35
0.5 8.17
0.18 -9.89
0.53 -8.41
0.67 11.09
0.77 29.48
0.88 29.64
0.45 28.08
0.0 -10.58
0.9 -6.45
0.78 -6.8
0.55 8.47
0.24 27.59
0.6 -7.95
0.85 -8.48
0.27 53.57
0.19 27.68
0.87 14.74
0.24 28.77
0.38 -9.64
0.61 61.49
0.35 7.51
0.72 64.51
0.77 -8.01
0.99 16.05
0.15 51.98
0.46 57.48
0.12 5.66
0.52 28.61
0.47 8.12
0.87 13.14
0.06 2.15
0.79 12.57
0.4 57.25
0.39 27.44
0.97 28.23
0.52 9.22
0.77 65.18
0.67 27.35
1.0 68.89
0.87 27.82
0.49 -10.19
0.36 4.48
0.57 27.58
0.25 4.54
0.14 27.37
0.16 2.14
0.32 55.38
0.12 27.54
0.5 60.7
0.23 3.21
0.35 -10.35
0.77 -8.34
0.99 69.23
0.37 -9.73
0.1 52.36
0.82 67.77
0.34 -11.09
0.65 -9.02
0.14 50.85
0.83 27.46
0.12 28.03
0.03 -12.02
0.25 54.0
0.35 27.17
0.45 27.03
0.55 61.5
0.47 28.44
0.41 -9.65
0.11 2.54
0.28 26.38
0.89 27.94
0.89 27.87
0.96 14.93
0.24 28.68
0.65 10.24
0.2 26.97
0.36 -8.42
0.11 3.54
0.36 29.79
0.4 56.53
0.64 -8.22
0.25 3.75
0.6 -10.64
0.87 67.76
0.15 52.41
0.5 60.37
0.7 64.75
0.1 1.23
0.1 0.19
0.77 62.42
0.66 62.31
0.35 25.7
0.48 27.16
0.7 27.19
0.72 64.55
0.21 52.32
0.28 28.14
0.27 -9.55
0.65 27.1
0.53 59.88
0.26 -10.19
0.24 -9.88
0.0 -9.9
0.44 -8.82
0.72 65.08
0.06 28.42
0.91 68.47
0.99 69.19
0.99 28.78
0.96 16.29
0.8 66.82
0.85 -6.62
0.35 27.34
0.36 5.35
0.37 6.89
0.32 27.91
