0.27 54.23
0.73 63.33
0.06 49.56
0.72 65.48
0.51 58.5
0.72 64.51
0.31 54.97
0.33 55.61
0.32 56.1
0.66 63.12
0.21 52.32
0.6 61.02
0.15 51.98
0.35 55.81
0.95 68.13
0.95 68.62
0.97 69.62
0.55 61.24
0.52 61.34
0.51 60.66
0.43 58.34
0.81 65.71
0.2 50.49
0.07 52.21
0.84 66.27
0.07 48.64
0.18 52.72
0.91 66.87
0.03 49.66
0.81 65.58
0.79 65.86
0.87 67.76
0.31 55.81
0.25 54.0
1.0 70.14
0.2 53.68
0.53 60.92
0.58 62.07
0.4 58.79
0.68 62.02
0.67 63.12
0.97 70.41
0.65 61.59
0.46 58.33
0.73 66.11
0.25 54.44
0.76 62.98
0.12 50.59
0.96 68.78
0.46 58.82
0.55 61.5
0.9 68.39
0.77 62.42
0.49 59.2
0.88 68.14
0.57 59.37
0.27 53.57
0.79 64.99
0.4 58.7
0.71 65.56
0.57 61.51
0.82 67.77
0.57 62.3
0.05 51.06
0.94 67.65
0.97 68.73
0.88 66.39
0.51 60.65
0.36 56.77
0.19 54.38
0.12 52.66
0.56 62.1
0.01 48.12
0.21 54.37
0.57 62.31
0.05 51.27
0.18 52.77
0.32 54.44
0.5 60.7
0.49 59.17
0.17 52.11
0.87 69.06
0.3 57.44
0.41 57.68
0.09 52.39
0.35 56.03
0.89 65.92
0.27 54.19
0.75 63.64
0.92 66.86
0.66 62.21
0.47 59.0
0.75 63.69
0.94 70.2
0.14 50.85
0.97 68.87
0.4 58.35
0.86 66.95
0.45 59.99
0.06 49.59
0.31 57.38
0.67 63.79
0.13 53.26
0.32 55.79
0.15 52.53
0.55 59.76
0.76 64.77
0.86 66.16
0.5 60.37
0.38 59.55
0.98 67.17
0.95 67.76
0.48 58.43
0.81 66.29
0.26 53.81
0.46 57.48
0.99 69.19
0.81 65.14
0.98 70.99
0.91 69.71
0.93 69.24
0.77 65.18
0.41 57.98
0.04 51.04
0.77 65.16
0.59 59.57
0.33 55.77
0.7 64.75
0.92 69.02
0.99 69.23
0.13 51.13
0.4 57.25
0.86 67.71
0.8 66.82
0.47 58.82
0.53 59.88
0.66 62.31
0.51 61.06
0.05 49.57
0.91 68.47
0.39 56.73
0.24 56.25
0.72 65.08
0.61 61.49
0.1 52.1
0.94 67.26
0.77 65.27
0.64 60.97
0.73 63.15
0.73 63.79
0.11 52.81
0.72 64.55
1.0 68.89
0.22 53.34
0.17 53.79
0.67 61.52
0.3 55.6
0.86 67.5
0.31 54.1
0.85 67.15
0.73 65.51
0.1 52.36
0.69 64.92
0.47 60.37
0.18 53.47
0.99 70.27
0.68 62.61
0.66 62.61
0.01 50.62
0.73 63.98
0.7 64.78
0.85 65.91
0.15 52.41
0.08 50.68
0.77 64.1
0.38 58.9
0.16 53.89
0.32 56.32
0.86 67.39
0.57 61.26
0.25 54.22
0.57 60.9
0.32 55.38
0.53 60.91
0.83 65.81
0.71 63.01
0.42 58.71
0.84 65.95
0.64 62.3
0.23 55.03
0.06 50.49
0.09 51.33
0.9 68.15
0.6 62.08
0.47 57.41
0.67 65.38
0.3 53.87
0.4 56.53
0.4 56.31
0.11 52.9
