0.0 27.63
0.51 28.16
0.92 27.23
0.53 28.19
0.09 28.19
0.19 27.68
0.75 28.28
0.52 28.61
0.51 27.42
0.14 28.24
0.35 27.17
0.7 28.09
0.32 28.36
0.83 25.77
0.07 25.8
0.85 29.45
0.33 26.84
0.29 27.66
0.32 29.84
0.38 26.93
0.38 27.22
0.89 27.94
0.24 28.68
0.46 27.25
0.18 29.02
0.2 26.97
0.16 30.0
0.16 26.61
0.36 27.68
0.38 28.25
0.24 28.77
0.17 27.73
0.64 28.46
0.02 26.87
0.99 28.78
0.28 26.38
0.32 27.91
0.4 28.06
0.69 30.36
0.09 28.4
0.41 27.5
0.35 27.34
0.07 28.1
0.77 29.27
0.88 29.64
0.14 27.56
0.09 25.9
0.85 27.77
0.43 27.96
1.0 27.13
0.63 26.97
0.14 28.2
0.83 27.46
0.14 25.87
0.83 27.61
0.45 27.03
0.76 27.73
0.3 29.05
0.23 28.74
0.8 29.52
0.8 29.13
0.79 29.2
0.29 27.06
0.33 28.9
0.83 25.92
0.77 29.48
0.11 28.81
0.47 28.79
0.79 28.24
0.65 27.1
0.35 27.93
0.17 27.47
0.13 28.24
0.99 27.83
0.67 26.96
0.42 28.64
0.28 28.05
0.19 27.82
0.55 27.69
0.35 25.7
0.5 26.85
0.33 27.37
0.56 28.04
0.35 29.22
0.89 28.8
0.59 28.92
0.19 27.47
0.09 25.66
0.47 28.44
0.23 29.19
0.37 29.02
0.39 27.44
0.12 28.03
0.79 27.48
0.68 28.39
0.36 28.96
0.53 28.57
0.09 25.73
0.03 28.65
0.64 26.99
0.22 26.47
0.51 27.74
0.8 30.06
0.55 26.16
0.24 27.59
0.75 28.01
0.27 27.96
0.5 29.42
0.35 27.81
0.34 27.43
0.67 27.35
0.45 28.32
0.48 27.48
0.28 28.14
0.27 27.98
0.48 27.16
0.0 27.65
0.37 27.52
0.96 29.02
0.6 26.61
0.94 29.25
0.14 28.54
0.57 27.58
0.17 26.83
0.2 26.87
0.99 28.73
0.6 27.35
0.45 28.03
0.94 29.0
0.69 26.98
0.24 28.48
0.97 29.29
0.33 27.17
0.82 28.48
0.63 28.92
0.06 26.34
0.94 29.07
0.49 27.18
0.18 27.78
0.64 27.2
0.06 28.42
0.65 27.32
0.7 27.19
0.63 27.94
0.08 26.86
0.23 29.03
0.36 29.79
0.23 28.32
0.79 27.53
0.42 28.49
0.67 26.43
0.76 27.45
0.68 27.49
0.95 29.19
0.33 27.75
0.75 26.93
0.07 28.27
0.64 26.63
0.71 30.32
0.97 28.23
0.14 27.36
0.66 28.73
0.61 27.83
0.06 27.0
0.86 29.2
0.46 28.07
0.61 26.39
0.72 27.88
0.33 27.85
0.28 28.38
0.82 28.0
0.74 27.04
0.09 27.6
0.64 27.52
0.69 27.72
0.15 28.91
0.04 27.67
0.85 29.64
0.89 27.87
0.01 26.39
0.52 27.86
0.09 25.78
0.38 27.74
0.08 27.46
0.95 27.76
0.97 28.92
0.44 28.68
0.11 27.72
0.14 27.37
0.87 27.82
0.65 27.7
0.45 28.08
0.34 29.21
0.31 27.89
0.15 28.18
0.12 27.54
0.37 25.93
0.67 27.99
0.22 26.69
0.19 28.24
