0.19 -9.86
0.74 -7.38
0.12 -9.47
0.81 -9.34
0.82 -6.7
0.94 -6.99
0.01 -12.4
0.37 -9.39
0.41 -8.38
0.6 -10.64
0.75 -7.48
0.24 -9.88
0.02 -9.8
0.04 -10.72
0.57 -8.96
0.75 -9.12
0.37 -10.28
0.84 -6.48
0.66 -7.76
0.74 -5.71
0.18 -10.55
0.89 -9.5
0.28 -10.11
0.21 -10.49
0.36 -9.07
0.75 -6.87
0.83 -8.19
0.41 -9.65
0.98 -6.42
0.63 -7.51
0.31 -8.46
0.54 -9.49
0.27 -9.05
0.52 -7.21
0.12 -9.85
0.33 -9.1
0.53 -8.6
0.72 -9.0
0.0 -10.58
0.75 -9.11
0.85 -8.48
0.08 -10.9
0.13 -11.08
0.37 -9.73
0.26 -10.19
0.5 -8.46
0.36 -10.39
0.57 -6.88
0.62 -6.38
0.6 -7.89
0.41 -8.05
0.36 -8.42
0.4 -8.35
0.48 -8.32
0.66 -8.48
0.95 -7.54
0.4 -9.23
0.59 -8.6
0.37 -8.04
0.0 -9.9
0.69 -8.91
0.9 -6.45
0.29 -9.44
0.03 -12.02
0.77 -8.34
0.71 -8.37
0.88 -7.4
0.97 -6.59
0.47 -8.18
0.86 -7.38
0.39 -9.26
0.42 -9.55
0.51 -9.02
0.73 -8.58
0.24 -10.72
0.87 -7.43
0.7 -8.54
0.35 -10.14
0.66 -8.19
0.93 -6.04
0.83 -6.92
0.49 -10.19
0.67 -7.93
0.64 -8.79
0.22 -9.8
0.77 -8.01
0.61 -8.37
0.35 -10.35
0.6 -8.95
0.74 -5.5
0.51 -9.02
0.77 -9.61
0.98 -6.24
0.38 -9.64
0.73 -9.79
0.16 -9.94
0.67 -7.13
0.86 -7.53
0.51 -8.98
0.44 -8.82
0.36 -10.61
0.22 -11.41
0.81 -8.44
0.47 -10.17
0.88 -6.91
0.43 -8.15
0.22 -11.85
0.67 -8.28
0.03 -9.28
0.68 -8.42
0.48 -8.08
0.96 -7.28
0.05 -10.42
0.78 -8.21
0.03 -10.35
0.64 -8.22
0.38 -9.16
0.79 -7.87
0.03 -11.44
0.62 -9.54
0.21 -9.95
0.64 -8.13
0.19 -11.47
0.85 -6.62
0.82 -7.3
0.41 -9.08
0.21 -10.09
0.01 -12.44
0.04 -12.4
0.65 -9.02
0.47 -9.88
0.27 -9.55
0.1 -9.24
0.43 -9.28
0.5 -9.53
0.65 -6.99
0.9 -6.89
0.45 -8.13
0.28 -9.47
0.34 -7.2
0.7 -9.13
0.94 -6.71
0.67 -7.17
0.14 -9.72
0.0 -11.34
0.71 -9.95
0.62 -8.28
0.54 -8.15
0.72 -8.06
0.72 -8.39
0.53 -9.19
0.41 -9.49
0.29 -9.5
0.35 -11.07
0.46 -9.23
0.56 -9.22
0.52 -9.95
0.59 -7.75
0.67 -10.19
0.2 -10.05
0.11 -10.68
0.84 -6.69
0.11 -9.81
0.74 -6.56
0.61 -9.05
0.1 -11.28
0.62 -9.45
0.3 -8.88
0.78 -8.03
0.91 -6.93
0.16 -9.7
0.64 -8.11
0.53 -8.5
0.67 -8.31
0.6 -7.95
0.92 -8.51
0.62 -7.46
0.21 -10.09
0.78 -6.8
0.34 -11.09
0.27 -10.12
0.66 -8.06
0.09 -10.41
0.18 -9.89
0.41 -9.37
0.18 -9.7
0.96 -4.87
0.4 -9.87
0.53 -8.41
0.69 -8.41
0.32 -10.82
0.0 -10.18
0.51 -9.52
0.04 -12.23
0.46 -9.22
1.0 -7.17
0.26 -11.67
0.23 -10.31
0.04 -11.4
0.79 -7.75
