Execution time: 0.49193811416625977
mse: 204.30121879973913
Regression coefs:
	[array([3.05360582]), array([0.6306312]), array([1.85491955]), array([-0.]), array([0.71736342])]
Regression interception:
	[np.float64(-81.38873600405338), np.float64(-5.304676381964031), np.float64(21.972767247722754), np.float64(-44.124541284403676), np.float64(-14.596523146341106)]
Clusters:
[0 3 4 1 1 4 1 2 4 3 0 3 4 4 1 0 3 1 1 3 1 3 4 0 0 0 4 4 1 2 0 1 1 1 4 0 0
 1 3 1 0 0 1 2 3 4 3 3 1 2 3 2 0 3 0 4 3 0 2 0 4 0 4 2 2 0 1 1 2 3 4 0 4 0
 1 0 0 0 0 3 4 1 1 2 3 2 3 0 2 3 0 3 1 0 4 3 4 3 3 4 0 1 4 3 3 0 1 2 2 3 4
 0 4 3 1 0 4 0 1 1 1 3 3 3 2 3 0 3 0 0 4 4 4 0 2 0 0 4 3 1 0 3 3 1 3 3 1 4
 4 3 4 3 3 3 1 0 1 2 1 0 2 1 3 2 0 0 0 3 2 1 3 2 1 4 4 1 0 0 0 4 0 0 3 3 1
 3 3 4 4 1 4 2 3 2 4 3 2 2 4 3 3 2 3 0 4 2 4 2 3 1 0 4 0 3 1 0 0 0 1 3 1 3
 1 3 1 1 0 4 1 0 0 2 0 1 0 0 0 1 3 4 4 0 1 0 2 2 1 3 4 3 0 3 2 4 4 0 0 1 0
 0 0 1 0 2 1 3 1 2 4 3 3 0 0 1 1 0 4 1 1 1 0 2 3 0 4 4 4 3 3 4 3 1 0 0 2 4
 3 0 1 0 3 1 0 1 1 0 1 4 2 0 3 0 1 4 0 2 0 1 3 0 0 2 3 2 2 0 4 3 4 3 2 1 1
 3 3 4 1 2 3 3 0 2 4 3 3 3 0 3 1 0 0 4 1 0 1 2 0 3 3 4 1 4 3 4 2 3 3 2 0 4
 1 1 0 3 3 4 0 0 1 1 0 0 3 1 3 1 2 0 2 0 0 1 3 2 3 4 1 0 3 1 2 0 4 0 4 0 4
 3 2 1 2 1 3 3 3 4 1 0 3 4 3 4 0 0 4 0 4 1 1 3 3 4 1 3 0 1 0 3 4 0 1 1 1 1
 0 3 0 3 1 1 4 3 0 0 1 2 3 3 3 0 3 2 2 4 1 1 3 1 4 4 1 2 2 4 1 1 3 3 2 0 0
 4 2 0 4 0 3 0 0 3 4 2 1 0 4 3 1 3 0 1 1 4 1 4 3 4 3 0 0 2 0 3 1 0 3 1 4 0
 2 3 1 0 4 1 1 1 4 3 1 0 4 4 0 3 0 0 1 0 0 0 4 4 2 3 3 1 1 0 1 3 4 1 3 0 4
 4 3 1 0 1 4 0 3 2 2 0 0 3 3 0 1 4 3 2 1 1 2 4 1 2 0 0 2 0 4 0 1 0 4 0 0 2
 0 0 3 3 0 0 3 1 3 0 3 1 4 4 2 1 0 1 3 2 0 3 3 2 3 1 1 3 4 1 3 2 4 4 0 3 3
 0 2 1 4 3 3 1 1 0 0 0 1 1 4 3 0 0 0 2 1 0 2 0 3 2 1 3 1 1 3 3 3 2 1 0 3 4
 1 0 1 0 0 0 1 0 2 4 4 2 1 3 3 4 0 0 0 0 2 4 1 1 0 4 3 3 2 2 1 0 0 3 3 0 1
 0 3 1 2 0 4 2 2 2 1 4 3 0 0 2 4 4 2 1 3 2 4 0 3 2 3 2 3 4 2 1 0 3 4 0 1 0
 2 1 3 2 1 1 1 2 1 2 0 4 0 0 3 4 0 1 4 1 1 0 0 4 0 4 4 4 0 1 3 0 4 1 1 0 3
 2 1 2 3 0 3 0 2 1 2 1 1 0 4 2 0 0 1 0 1 2 4 1 2 0 1 3 4 0 0 0 1 0 1 3 1 3
 1 1 3 2 0 1 3 0 2 4 1 1 4 2 0 1 2 3 3 1 2 1 3 0 4 3 0 2 3 3 0 3 3 3 1 3 1
 3 0 0 3 2 3 1 1 1 0 0 3 1 3 1 0 0 1 3 1 0 4 2 2 2 1 0 2 2 1 1 0 0 3 0 1 4
 4 0 3 2 0 1 4 0 0 0 3 3 2 3 2 0 3 1 2 0 2 3 0 3 0 1 2 3 2 1 0 0 1 1 1 3 3
 1 4 0 0 2 2 3 3 4 0 4 2 0 4 0 0 2 2 0 1 3 0 1 0 0 0 4 2 0 4 1 0 2 0 1 2 0
 1 1 4 4 1 0 1 2 3 2 3 0 4 4 3 2 3 3 2 0 0 3 1 4 3 2 1 4 1 4 4 4 2 1 2 2 1
 4]
