-1.88 -161.92
-9.66 -832.31
-7.92 -680.5
5.47 469.16
0.43 34.82
-8.48 -729.24
1.8 154.89
1.53 130.73
3.83 328.42
2.99 256.81
-0.84 -71.63
-6.43 -552.44
-0.9 -75.85
1.11 96.71
4.01 344.5
-7.28 -626.31
-2.06 -177.24
3.6 308.5
6.57 564.57
-1.86 -161.5
8.5 729.19
-2.33 -199.64
-0.87 -73.43
0.56 46.83
9.69 833.63
-3.94 -338.69
-9.68 -832.49
2.09 178.61
4.53 389.39
8.31 716.23
7.1 609.81
-4.69 -405.85
2.58 222.32
0.07 7.43
5.6 482.23
-9.44 -812.62
-9.55 -822.6
8.93 767.69
-5.12 -439.57
0.6 51.24
0.5 41.95
-7.61 -654.28
-4.39 -376.39
-5.42 -466.32
2.76 236.59
5.64 485.8
6.41 551.02
-0.28 -24.93
9.46 814.03
-6.33 -545.1
5.64 484.68
-8.66 -746.06
-4.61 -398.16
-4.85 -416.56
-3.25 -280.46
-7.78 -670.68
4.01 343.7
3.4 292.99
-5.97 -512.82
-2.76 -236.06
-6.98 -601.04
-7.64 -654.7
-2.92 -250.91
3.56 306.21
0.99 85.61
7.68 659.12
9.63 827.69
-2.86 -245.34
-4.62 -396.82
5.69 491.71
8.27 712.59
-3.35 -289.09
-4.83 -414.29
2.67 229.19
-3.45 -295.6
-0.17 -15.75
8.26 709.34
-9.97 -857.28
1.29 111.49
-9.56 -822.84
5.76 495.93
9.27 796.87
-2.34 -202.39
-7.55 -650.92
1.37 116.69
7.75 666.37
-7.56 -650.55
-2.09 -180.19
-9.67 -830.63
3.33 285.86
2.91 249.22
0.17 15.48
3.99 343.03
-5.56 -476.24
1.85 160.38
-9.08 -781.9
7.83 672.68
1.04 90.33
-7.82 -672.28
3.2 276.05
-6.76 -581.35
9.39 808.68
0.89 75.6
-8.75 -753.43
-9.85 -847.2
-6.79 -584.85
-7.08 -610.25
-0.66 -57.47
-9.54 -821.17
7.54 646.77
1.97 169.73
1.25 105.79
3.75 321.62
4.9 420.9
3.51 302.81
1.72 149.8
5.49 472.85
-8.51 -732.61
-3.51 -301.63
3.41 292.14
8.13 697.32
-5.63 -484.35
3.34 286.37
7.18 616.92
9.66 832.73
-1.24 -106.46
-4.61 -395.58
5.95 511.95
-5.71 -490.99
-8.35 -717.23
4.87 417.62
-4.84 -416.71
-8.36 -720.19
-6.97 -599.93
-5.31 -454.87
8.34 718.1
6.12 527.44
4.43 381.49
5.15 443.23
-4.78 -412.74
-1.46 -124.54
-7.48 -642.21
-5.71 -490.44
-2.36 -204.23
0.68 58.35
-8.07 -694.74
0.77 65.39
5.49 471.58
-1.63 -139.3
9.03 777.31
9.42 808.86
-1.18 -102.17
3.16 272.73
-1.0 -86.97
-8.03 -690.35
-4.88 -418.52
6.63 571.3
2.5 217.02
-1.61 -138.06
-0.72 -59.83
9.35 804.96
1.51 130.71
-9.82 -846.76
-8.1 -696.79
-2.29 -196.34
-7.25 -623.73
9.68 832.69
4.42 380.09
9.01 773.72
-7.73 -665.34
-3.1 -266.19
3.42 294.38
2.67 229.02
7.77 667.93
9.66 832.1
8.99 772.51
1.45 125.53
4.68 404.07
-1.82 -154.64
9.44 810.21
-3.41 -291.87
-4.12 -354.8
-9.08 -780.65
-9.03 -777.12
-3.13 -268.32
6.49 558.61
3.76 325.01
-8.63 -741.97
-4.88 -418.89
1.96 167.82
6.07 519.0
3.69 319.26
8.93 769.14
0.17 15.86
1.23 104.66
-1.2 -103.42
-9.6 -825.96
-6.87 -591.4
3.33 287.36
6.42 551.6
-9.86 -848.31
-7.32 -629.15
9.08 781.07
-7.22 -622.86
2.87 245.06
4.69 405.57
0.03 3.15
-0.87 -76.93
9.52 817.36
4.84 417.46
-6.16 -530.08
-2.69 -232.1
-4.68 -403.43
-6.06 -522.32
1.52 130.07
4.2 361.98
-2.37 -202.32
-5.32 -456.35
6.27 540.68
-0.9 -76.48
0.41 34.28
4.64 397.71
-2.39 -205.94
6.86 589.91
3.37 291.16
-1.27 -107.69
1.6 138.2
8.77 754.76
6.15 527.61
2.49 215.6
-8.02 -687.15
-8.33 -716.97
-9.23 -797.46
-2.29 -196.71
-8.7 -749.94
-1.74 -148.53
-3.74 -320.72
5.22 449.68
9.37 803.87
-7.14 -613.11
8.72 749.92
5.58 478.51
6.36 546.05
-2.26 -194.87
3.27 280.34
-3.88 -333.09
-3.04 -262.2
7.23 621.6
-2.09 -180.83
-3.88 -333.91
-0.12 -11.09
-0.1 -8.39
1.2 103.21
-4.66 -401.19
-3.56 -304.33
2.02 173.73
-3.94 -338.11
0.03 -0.32
-4.72 -405.81
-9.17 -787.71
-8.23 -707.27
1.12 96.51
-3.69 -316.03
0.33 29.51
-7.61 -654.63
-4.15 -357.41
3.77 324.47
2.67 230.42
2.82 240.78
-0.24 -19.67
6.06 521.37
-4.11 -352.95
6.38 548.94
-3.0 -259.15
-6.01 -516.78
-0.37 -31.45
5.21 448.13
-4.76 -410.02
-2.95 -252.59
8.69 747.29
4.52 387.16
5.35 461.5
1.74 147.96
-7.85 -673.21
3.73 320.11
-0.93 -80.35
-0.06 -4.71
4.92 422.5
8.77 754.17
9.73 837.5
-7.98 -685.53
-2.68 -228.9
4.22 362.12
-1.2 -102.67
-9.78 -840.35
-0.18 -17.7
-3.33 -287.38
9.71 834.9
7.79 669.08
-8.7 -749.04
