-5.23 0.69
-1.58 -0.47
9.46 0.57
-1.41 -0.69
-3.34 -0.3
-9.64 0.01
3.07 -1.13
-8.63 -1.1
0.02 -0.54
7.66 0.78
-1.15 -0.43
-3.76 -1.04
1.4 -0.16
1.11 1.56
3.59 1.45
9.35 1.05
6.47 0.38
5.4 -1.7
-3.29 0.03
9.82 0.07
7.39 -0.04
-4.64 0.68
-2.64 0.29
7.52 0.13
5.33 -1.24
-9.78 1.46
2.13 1.47
-7.55 0.21
2.59 -0.27
-0.82 -0.91
3.58 2.34
-4.32 0.89
-1.8 1.1
-6.5 -1.66
-7.13 -1.8
5.46 0.47
-3.42 1.06
-8.66 -1.34
-8.36 0.99
5.77 -2.32
-8.52 0.3
4.91 -1.35
3.04 0.73
2.78 1.63
6.15 0.15
2.48 0.56
4.02 -0.72
-4.37 1.54
6.84 1.45
-9.35 -1.92
-8.22 -0.63
3.15 1.68
-0.58 0.79
4.63 -0.29
-0.43 -0.88
-0.65 0.93
7.73 0.3
8.03 -1.08
0.63 -2.21
0.04 -0.56
4.35 1.25
9.11 0.98
4.07 1.8
-6.18 -0.54
2.53 1.05
-8.84 -0.89
2.46 0.53
6.38 0.06
1.37 0.22
-8.27 0.27
-1.9 -1.28
8.37 1.06
5.44 -0.55
7.21 0.33
-5.87 -1.34
8.93 -0.36
7.28 0.74
-7.6 0.91
-9.16 0.21
-6.97 0.47
7.84 1.54
-9.28 0.83
8.7 -0.46
-1.74 2.1
-2.72 -1.41
-7.05 0.14
-2.03 -0.12
-7.94 -0.33
9.78 -0.27
8.28 1.6
-7.52 0.66
-8.84 -1.38
7.87 0.11
6.37 -0.33
8.35 1.47
-1.33 0.08
-0.79 -0.53
-6.98 -1.12
1.35 2.34
9.29 -0.22
7.01 -0.43
-3.86 0.44
-7.51 -2.2
-6.23 0.34
-8.94 0.6
-7.54 0.51
1.57 1.6
4.71 0.07
8.75 -0.67
-2.98 1.13
2.27 -0.8
-7.99 0.73
-8.8 -0.43
4.29 -1.59
5.93 1.06
-0.49 0.69
-5.74 0.22
-0.64 -1.55
-3.75 -0.14
3.25 1.23
-9.18 -0.67
-6.93 -2.01
2.94 2.86
-0.0 -0.56
-4.96 -0.17
-4.74 2.12
6.31 -1.16
-5.27 0.47
-9.67 0.07
-8.06 -0.31
0.57 0.97
5.69 -0.04
9.3 -0.43
-6.71 -1.09
-5.54 0.09
4.55 0.44
-2.05 0.05
3.42 0.04
-7.58 -0.17
-4.18 -0.35
-2.38 -0.12
-9.38 -1.21
-4.45 -0.07
-9.95 1.3
-3.82 1.98
3.37 -1.22
5.06 0.59
7.21 -0.66
6.96 -1.04
8.9 1.41
5.48 -0.54
-7.53 0.11
8.46 0.36
7.79 1.1
3.67 0.7
-9.51 0.09
-2.48 -1.03
2.42 -0.79
7.4 -0.11
-0.09 0.78
3.3 -1.09
5.98 1.35
-7.37 -1.23
4.94 0.6
-7.3 0.38
-2.63 -1.01
-6.9 -0.25
6.99 -0.93
6.36 1.08
-0.65 -0.05
-7.95 -1.2
-5.97 2.44
8.97 0.56
5.13 0.15
-3.59 1.21
-4.22 0.51
-2.44 -0.3
-7.82 -1.36
-1.43 0.59
6.45 -0.21
-3.53 0.5
-2.85 -1.07
-6.57 1.01
-8.52 -0.72
9.14 -0.62
5.34 -0.13
6.45 0.33
-0.34 -0.12
-7.55 0.16
-7.57 -1.21
7.84 0.41
6.48 -0.23
-0.19 0.72
-7.09 -1.11
6.5 -0.47
6.98 1.35
-3.19 0.3
4.61 0.49
0.64 -0.72
7.55 -0.41
4.3 -0.42
3.81 -0.04
5.22 1.27
-0.32 1.26
-3.35 -1.21
8.07 1.45
-9.45 -1.27
8.1 1.03
1.13 -0.43
-5.45 -0.84
0.37 -0.45
4.95 -0.23
-2.0 -1.28
-1.57 1.75
-7.43 1.63
-7.73 0.57
9.54 1.09
6.73 -1.42
-9.29 0.32
-6.8 0.61
0.27 -0.36
-9.51 0.04
-7.82 -0.37
7.89 -2.04
5.58 0.7
-1.96 -1.17
-9.02 1.66
1.99 0.74
2.93 0.83
-3.26 -0.24
7.0 2.1
8.05 -0.92
9.99 0.88
9.71 -1.13
0.46 1.66
-9.87 -0.14
-0.16 1.55
2.37 0.53
5.19 -0.46
-8.47 -0.67
-7.09 0.52
9.22 0.1
-2.61 -0.39
-2.07 -0.57
4.35 0.19
2.39 0.37
1.13 0.03
3.98 0.1
-2.27 0.26
4.82 1.8
4.0 -0.89
9.65 -0.16
-8.51 1.33
8.48 -0.6
4.13 1.08
-4.17 0.01
5.25 -0.8
2.88 -0.57
4.43 0.53
4.99 -0.46
7.66 -1.62
-9.3 -0.38
-3.55 -1.25
1.42 -0.38
-9.29 1.04
2.9 -1.02
-1.52 1.31
6.66 -0.31
0.9 -0.85
-9.12 -0.91
4.18 -1.92
3.25 -1.58
-8.92 0.07
-5.48 1.86
-6.36 0.86
1.09 2.27
3.61 0.67
-3.78 -0.36
-2.19 0.01
-7.52 0.66
4.33 1.65
5.02 -0.99
-3.85 -0.47
8.48 0.11
-9.57 1.06
-3.73 -0.01
-3.6 -0.13
1.55 1.27
-3.49 0.64
-4.86 0.26
4.42 0.02
-5.85 0.58
5.56 0.09
-1.72 -0.47
8.33 0.24
5.49 0.36
-4.57 1.96
-2.26 -1.04
8.46 0.93
-2.35 -0.65
