1.54 63.93
8.86 370.23
-9.92 -418.58
-4.15 -174.85
-0.91 -39.86
9.24 386.48
5.28 222.38
3.85 161.87
8.1 341.08
1.82 76.72
9.41 396.17
-5.49 -230.91
2.57 107.51
-8.59 -360.75
-7.47 -313.15
-0.78 -31.75
-4.15 -174.79
3.94 166.0
-0.96 -40.35
-8.42 -352.33
6.1 254.13
2.43 100.48
3.18 133.75
-3.28 -137.04
6.08 255.07
-3.16 -131.4
-5.7 -240.35
-8.46 -356.62
-7.49 -314.7
6.66 280.35
9.67 406.72
-5.17 -215.8
-2.74 -114.9
-6.55 -276.26
-5.98 -252.39
-5.9 -246.18
0.41 17.0
-5.46 -228.18
-0.43 -16.66
9.86 412.65
3.65 154.02
2.21 92.48
-7.54 -317.46
7.32 307.8
-6.68 -281.34
4.59 191.85
-5.0 -209.38
-3.38 -141.45
-8.66 -364.73
-0.98 -40.76
4.13 172.35
-5.95 -250.46
-2.46 -104.64
8.0 337.32
4.15 175.57
2.15 90.49
-7.01 -294.66
5.73 240.25
9.92 418.18
9.68 406.72
1.14 47.96
-2.5 -103.79
4.5 188.55
7.82 329.17
-9.19 -384.83
5.7 239.29
-1.34 -59.46
-5.01 -210.62
-1.1 -44.56
3.98 166.34
4.78 198.73
-0.1 -4.74
-9.59 -403.34
-9.95 -416.6
5.66 237.25
-2.93 -122.9
5.02 210.34
-2.47 -104.1
5.28 223.45
3.75 157.26
-4.9 -206.03
-5.52 -232.81
1.9 81.51
0.12 4.77
8.77 367.97
1.8 75.58
-4.2 -176.28
2.16 89.77
-5.85 -245.04
-0.24 -9.06
2.28 95.2
3.86 162.91
-4.31 -181.82
3.4 143.91
-9.94 -417.35
5.79 244.4
-3.12 -130.47
-1.05 -43.54
-8.14 -340.73
8.77 368.99
2.16 89.89
-8.39 -350.12
-7.86 -331.4
-0.76 -32.95
8.83 371.56
8.02 335.8
-4.71 -196.03
9.25 387.57
1.96 83.61
6.01 252.11
-8.22 -345.35
5.74 242.36
9.24 387.3
-4.45 -187.0
-2.59 -109.03
-4.74 -199.19
-1.11 -45.61
-7.41 -312.51
-1.95 -81.56
4.66 196.11
2.27 95.24
8.71 365.64
-0.64 -26.37
5.31 222.33
9.63 405.14
5.78 243.3
5.77 241.79
-8.37 -352.25
-4.33 -181.28
-8.8 -368.95
-9.3 -389.9
4.8 201.5
-8.13 -341.46
-4.03 -167.89
-9.59 -403.05
-2.29 -97.53
-9.33 -392.42
3.5 147.67
2.22 94.68
2.03 83.84
-3.6 -152.7
-9.22 -386.89
-5.21 -219.42
3.43 144.35
0.58 25.77
-4.6 -194.26
2.28 95.84
2.34 97.75
5.48 231.65
2.69 112.94
-1.66 -69.7
4.03 169.32
4.56 191.96
-1.89 -79.35
-7.89 -333.22
4.52 191.76
-7.42 -312.42
9.87 412.78
5.9 246.95
-4.11 -171.66
-3.3 -138.93
-0.61 -25.03
-7.76 -324.58
-3.83 -159.91
9.58 403.63
-2.81 -118.25
9.81 413.01
-5.5 -232.26
-7.32 -308.34
0.89 37.96
5.25 221.31
0.35 15.34
-9.37 -393.2
0.17 8.02
2.43 101.29
-7.3 -308.51
3.59 150.82
-8.22 -343.78
9.16 384.66
1.56 65.88
8.53 356.04
-7.54 -316.3
8.5 355.13
-4.53 -190.09
4.17 175.43
-2.16 -91.68
1.16 50.54
-6.55 -275.56
-8.31 -347.94
9.21 386.5
0.17 8.44
5.34 224.88
-8.87 -372.95
0.91 39.79
6.35 264.96
-4.57 -192.73
-0.56 -25.32
3.34 140.62
-7.93 -333.47
6.43 269.96
7.26 302.99
7.83 329.77
9.46 396.3
-6.38 -267.51
-9.94 -417.56
-1.03 -43.73
-8.45 -354.3
-8.02 -337.33
-5.22 -219.35
5.23 218.5
6.89 288.18
9.5 398.94
-5.61 -233.32
-9.34 -392.22
-6.29 -263.93
3.74 157.11
0.42 17.69
5.77 242.54
-5.13 -215.49
4.31 180.01
-1.84 -78.5
-2.62 -108.58
-2.31 -95.81
5.19 217.25
-4.32 -181.49
-2.78 -117.32
5.04 211.76
0.63 26.15
-5.56 -234.29
2.21 92.76
4.43 185.76
2.37 100.28
8.35 350.9
-1.13 -47.8
-3.05 -128.43
-0.04 -1.15
-2.14 -90.67
5.1 213.42
-1.75 -72.29
2.17 91.88
0.07 3.44
-0.36 -12.58
-8.74 -364.8
3.13 131.65
1.0 42.2
-2.98 -124.54
1.97 84.71
-1.06 -43.55
4.64 194.05
-2.88 -119.46
7.24 303.29
-4.4 -186.17
-6.85 -285.75
-1.87 -80.83
1.15 49.97
8.48 356.47
2.64 111.34
6.93 291.14
-0.42 -17.58
9.26 388.94
-6.73 -283.75
9.9 414.72
7.63 318.73
-7.99 -336.32
-2.28 -95.32
-9.42 -395.21
-1.46 -62.77
2.32 96.76
9.53 401.48
0.02 -0.02
8.75 366.0
5.23 219.36
3.17 134.12
3.77 155.74
-6.65 -279.14
-0.15 -6.86
0.96 40.81
7.07 297.94
-2.25 -95.49
1.82 75.38
4.93 206.16
0.32 14.8
3.25 135.26
-9.52 -400.04
4.49 187.8
4.72 197.03
-0.14 -6.15
-6.51 -274.77
8.86 373.23
9.32 391.22
-0.77 -32.34
1.33 56.53
4.9 206.21
-5.62 -236.57
-6.49 -272.62
3.3 140.2
-3.4 -143.29
-1.93 -81.06
-5.12 -213.35
-2.55 -105.14
