-6.53 3.26
-5.08 382.07
-6.38 -267.51
-1.56 58.38
-3.41 126.38
2.27 31.2
6.06 521.37
-5.54 -72.0
-6.76 -581.35
3.84 51.25
5.33 -400.05
-9.34 -392.22
7.83 672.68
3.83 -142.56
2.5 217.02
-2.68 98.58
-6.53 -85.45
9.08 781.07
5.65 73.48
-2.53 0.51
-4.57 -192.73
8.85 -326.28
-1.08 -0.37
1.42 -106.08
2.76 236.59
1.96 -146.35
3.58 -0.46
-6.77 509.69
6.91 89.71
1.52 19.07
-1.75 132.3
-0.31 0.43
-3.05 -128.43
-0.1 7.26
6.68 -245.53
1.96 26.72
8.46 -312.66
-0.73 55.33
-1.56 0.98
-2.81 -118.25
-9.06 678.65
9.85 127.99
-4.02 -0.31
5.23 219.36
-7.95 293.87
-6.97 -599.93
0.58 25.77
0.32 14.8
-4.74 -199.19
-6.79 -584.85
1.48 -1.27
6.38 548.94
8.97 115.2
-4.5 336.91
-6.35 1.57
-5.49 -230.91
8.83 371.56
2.28 95.84
-7.0 524.17
4.45 -1.99
-0.13 0.69
1.47 -0.26
-3.3 -138.93
7.6 0.48
-6.47 -85.69
-7.07 261.24
-0.21 -1.93
-2.42 91.86
-5.32 -456.35
6.04 -221.9
9.73 -360.07
-3.46 126.54
-2.0 0.74
-1.63 -139.3
-7.48 -642.21
7.38 -272.86
7.93 -594.51
5.47 469.16
-5.99 222.68
-3.34 -43.4
-7.56 279.27
-1.82 -154.64
-5.9 442.2
9.63 405.14
-9.35 -121.34
1.26 -95.42
-2.29 -196.71
6.99 -0.68
-2.59 1.4
0.68 58.35
-6.45 485.04
4.39 -162.32
-0.44 13.94
-2.5 -103.79
-0.98 -40.76
-9.86 -848.31
-7.41 555.36
4.3 -159.09
4.55 -169.5
6.27 540.68
8.25 -305.56
-1.03 -43.73
6.1 254.13
3.83 48.09
-8.56 316.64
1.89 25.14
3.77 324.47
9.26 -343.47
1.65 -0.96
-2.29 -97.53
-7.98 -685.53
-8.3 -104.79
9.01 -0.35
-2.65 199.53
-5.12 190.32
-5.79 -0.21
6.41 -479.95
5.6 482.23
-7.61 -654.28
-4.17 156.26
2.71 -204.64
6.92 -255.34
9.89 0.44
-9.66 358.29
9.06 -333.76
-3.99 148.99
0.42 17.69
-0.64 -26.37
5.28 0.65
0.83 -0.88
6.72 -0.14
-4.92 0.28
-0.76 -32.95
5.01 -0.11
5.45 -201.27
9.98 -0.38
2.21 92.76
-8.73 653.98
0.16 -12.14
-0.43 -16.66
9.6 125.25
3.59 150.82
5.65 -207.45
-3.68 276.69
-2.78 208.54
5.86 1.07
-9.33 -392.42
4.65 59.47
6.07 0.72
-5.62 -236.57
0.22 3.61
-7.41 272.96
7.14 0.23
-2.65 -34.82
1.12 96.51
8.97 1.91
-9.08 -780.65
2.94 -108.39
5.48 72.48
2.65 -199.68
5.78 243.3
0.07 7.43
-3.7 -48.16
4.52 387.16
-5.38 2.12
1.57 0.34
-2.66 97.59
5.72 -210.71
-8.3 622.31
-3.25 -0.23
-4.15 -357.41
-0.72 -59.83
-3.74 -320.72
-0.38 12.92
1.1 -81.8
8.0 102.9
6.89 -1.54
1.58 -0.24
1.97 24.12
9.21 386.5
-4.27 -56.28
-0.35 -4.32
2.3 -171.55
4.81 61.27
-3.78 282.36
5.01 -0.94
-6.29 -81.34
-8.08 298.39
-7.82 -672.28
8.53 -0.45
4.1 -306.59
5.74 242.36
4.66 -349.03
-9.22 -386.89
6.85 1.28
-6.24 231.7
2.67 230.42
2.0 -72.21
8.79 -326.84
0.72 -25.18
2.18 26.93
6.41 551.02
3.53 -0.46
-0.68 50.15
0.35 15.34
-1.86 -161.5
2.64 111.34
9.01 -0.02
-1.52 54.25
-7.85 588.9
-2.72 -1.04
-2.64 -35.63
5.39 -201.33
0.6 51.24
2.02 173.73
-8.1 609.77
-1.46 109.65
-2.77 -34.41
1.31 -48.34
5.35 -197.43
9.23 -691.3
4.06 51.46
-2.18 -28.26
0.41 17.0
-6.01 -516.78
1.1 0.54
9.53 401.48
-7.1 -92.52
5.21 -390.43
2.15 90.49
2.49 33.11
7.79 669.08
-9.85 -847.2
9.05 -678.25
9.32 391.22
-0.9 -75.85
1.73 0.42
3.26 -120.04
4.8 64.3
-8.91 -115.98
-8.34 -108.96
-5.7 -240.35
-8.48 -729.24
-4.61 -395.58
6.4 82.43
0.18 -7.71
-0.19 12.71
0.11 0.47
7.23 621.6
-2.89 -37.15
-4.01 148.33
-2.59 -0.73
-8.69 -0.43
9.16 -688.12
-8.82 0.85
-9.23 -797.46
1.97 84.71
2.31 -0.73
7.44 -0.57
-2.93 -122.9
6.51 -488.53
3.22 41.27
7.64 -282.03
3.66 1.4
3.46 -261.22
-8.05 298.81
8.05 1.25
2.99 -108.67
-4.17 -1.1
7.67 -284.76
-7.93 -333.47
2.95 -110.26
-4.72 -405.81
-2.39 -205.94
6.24 -467.89
6.23 0.26
9.11 -0.14
-4.81 -0.98
-8.96 331.73
6.76 -249.26
1.43 1.29
-1.28 -17.54
9.66 832.1
3.79 -141.39
-8.7 0.06
7.92 103.88
4.64 194.05
7.63 318.73
-1.65 123.55
6.14 79.78
-5.27 393.9
-4.86 0.33
-0.86 0.77
-9.5 -123.04
4.01 343.7
-1.24 -106.46
-0.88 67.0
3.64 -272.24
3.59 -130.61
1.61 20.89
-7.25 -623.73
8.37 -309.27
8.0 337.32
1.15 49.97
0.17 8.02
-7.56 -650.55
5.02 210.34
-8.8 -368.95
0.35 -13.84
4.87 -366.86
-1.0 0.36
-8.49 636.05
-8.22 -345.35
1.02 13.21
-1.84 -24.99
9.57 1.27
3.05 -228.37
-3.06 -1.11
3.75 321.62
4.82 -178.43
-5.84 -0.74
9.5 398.94
9.63 -723.2
0.23 -16.03
-8.01 599.74
4.38 -329.31
-2.14 -90.67
-5.85 -245.04
-3.94 -338.69
-3.29 -44.25
-9.85 -127.22
-2.16 78.83
-5.06 380.01
-2.09 -180.83
-8.02 -687.15
-7.18 -93.82
1.96 167.82
-2.95 -252.59
-8.17 301.45
-8.66 -364.73
7.84 -588.88
-5.61 -233.32
9.63 827.69
-6.45 -82.53
-4.7 -63.27
-5.19 -1.41
9.41 396.17
9.84 -0.14
2.29 -0.98
-3.98 0.59
-5.95 -250.46
9.99 0.26
-9.36 -120.27
-8.38 627.67
1.19 -42.96
-3.86 288.8
5.28 222.38
-4.0 300.54
-8.76 -115.03
3.84 -287.23
8.22 0.53
3.99 343.03
3.78 -1.82
-7.28 -626.31
6.57 -495.05
-2.55 -105.14
5.25 68.85
-0.96 -40.35
1.46 -52.02
0.62 -23.81
7.25 1.68
2.17 91.88
-1.14 -15.65
-5.0 -209.38
-5.48 -73.99
-2.52 188.25
7.75 666.37
-4.24 0.34
8.05 -297.77
-2.95 109.97
1.85 160.38
-9.68 0.61
0.16 -12.93
7.13 -264.81
6.87 90.43
-7.63 283.7
-7.51 279.3
3.19 -0.38
7.24 95.86
9.84 -738.57
-8.78 -114.14
-6.89 256.32
6.68 86.42
1.85 24.56
5.9 246.95
-1.06 80.53
-9.07 335.02
-0.07 0.9
-1.94 -0.48
-0.09 4.33
-2.47 -104.1
8.25 0.52
7.62 -284.0
3.75 157.26
-6.66 -85.96
-4.43 -0.81
-8.1 300.11
9.01 773.72
-1.64 -0.16
-5.7 427.22
4.95 -371.7
-3.27 -0.65
3.55 46.95
0.38 -28.89
-7.41 -312.51
4.44 56.98
1.8 154.89
-7.19 -93.89
0.31 4.08
8.96 0.15
5.97 -0.36
-2.79 -0.35
8.86 373.23
-1.51 112.9
-0.01 1.65
6.41 -1.47
1.56 -114.55
-9.59 -403.05
6.37 0.18
-0.37 -31.45
-1.05 37.52
9.75 0.01
-2.63 196.33
7.65 -0.86
9.13 120.15
3.01 -1.17
6.63 571.3
-6.5 -84.52
-7.63 0.91
0.43 34.82
5.18 -191.71
-9.96 -0.42
-9.85 739.91
7.05 -261.18
9.11 118.8
-3.97 298.52
-2.44 -0.35
6.08 255.07
2.37 100.28
4.53 389.39
-7.92 0.47
4.22 362.12
7.63 99.54
-6.73 -283.75
-8.87 -372.95
8.31 716.23
-0.06 -4.71
-4.03 -167.89
-0.82 -11.06
-6.16 229.62
8.2 106.64
-1.42 54.08
0.5 41.95
-4.39 0.29
-6.87 -591.4
-1.88 -161.92
2.59 -96.41
8.99 772.51
-4.28 0.96
-7.01 -294.66
2.71 0.04
9.21 121.22
1.56 65.88
2.67 229.02
9.04 -333.83
-7.23 540.67
-8.33 -716.97
8.35 350.9
-9.56 -822.84
6.59 86.12
-1.74 -148.53
9.31 -0.21
-2.04 154.78
-5.73 -73.23
1.5 17.74
-0.04 0.96
-2.16 -91.68
-4.04 -52.9
-3.17 -40.04
-4.08 307.23
9.71 834.9
3.5 -127.76
7.23 -542.41
8.78 114.94
1.97 169.73
7.24 303.29
9.76 128.3
1.51 2.39
1.51 130.71
-5.91 442.66
-1.79 -23.12
4.31 180.01
1.36 -102.56
2.88 1.8
-8.23 -707.27
0.58 -44.82
9.43 -1.31
-4.13 -1.38
-6.44 481.73
-5.58 -0.03
-9.14 686.88
-3.14 -41.04
-0.61 -25.03
-9.92 -418.58
8.99 -675.68
-2.66 98.61
0.3 -21.75
2.86 38.21
2.8 -103.63
2.15 0.25
8.83 -327.41
-3.5 1.64
-4.4 -186.17
3.66 48.16
5.77 242.54
-6.55 -276.26
-8.49 -111.39
-4.28 319.67
4.28 -321.79
-6.37 234.09
-7.54 -316.3
2.49 215.6
-5.9 443.23
-5.42 405.75
6.89 288.18
-5.76 430.46
7.18 -537.44
-4.94 183.39
9.63 1.56
8.82 -660.73
2.81 0.69
-4.55 0.21
4.07 52.92
3.3 140.2
6.93 291.14
-1.9 -23.69
-3.94 -338.11
-8.69 323.42
-9.97 -857.28
-1.85 68.22
-6.69 501.93
4.84 417.46
-0.61 -8.31
-5.46 -228.18
3.56 306.21
4.92 422.5
-7.14 -613.11
1.79 24.69
6.39 -236.25
4.42 380.09
-5.98 -252.39
-1.34 101.36
-7.15 263.82
-0.66 -57.47
5.69 491.71
-1.75 -72.29
4.17 175.43
-3.22 -42.37
-8.75 1.96
7.77 667.93
-3.9 292.26
-0.87 -73.43
-7.85 -673.21
5.2 -192.78
-8.61 319.08
4.92 -370.31
3.83 48.48
8.07 -0.33
4.23 -317.97
-1.2 -15.63
5.95 511.95
-8.45 -354.3
6.11 -459.55
1.53 130.73
-4.6 -194.26
-9.61 356.41
3.98 51.28
-0.14 -6.15
-9.95 -416.6
-7.74 580.36
1.82 75.38
-4.87 -0.34
-3.14 -41.82
-8.04 1.18
-8.14 -340.73
-8.07 -694.74
1.6 138.2
9.97 -746.29
1.0 11.41
2.57 107.51
-8.62 318.58
4.55 58.09
-3.8 138.99
-4.68 -403.43
0.49 -0.56
-1.11 -45.61
8.8 113.97
9.73 -359.79
-9.52 -400.04
-4.79 178.48
4.66 196.11
0.12 4.77
5.21 448.13
1.72 -63.91
4.35 -159.05
5.88 76.55
8.7 114.82
-4.88 179.26
-0.24 -9.06
8.57 112.25
4.5 0.69
5.82 -216.14
3.37 291.16
3.77 155.74
3.76 325.01
9.25 387.57
1.54 63.93
6.36 546.05
4.82 -178.85
-1.68 64.05
3.34 140.62
3.88 -0.34
-7.09 262.73
9.97 -747.86
6.34 83.36
-0.99 36.38
-1.87 -80.83
6.44 -483.99
9.73 0.42
5.66 237.25
2.16 89.77
3.69 -137.25
-7.78 -101.26
1.0 13.25
-7.08 -610.25
7.92 -594.39
9.71 -359.52
-8.35 -717.23
4.9 420.9
0.92 -1.76
2.92 38.29
3.94 166.0
0.03 -0.32
-4.95 183.45
-3.52 262.19
-8.21 -106.8
1.23 104.66
-3.97 147.55
-2.87 -35.7
9.27 -341.92
-3.35 -289.09
1.92 25.43
5.54 -415.84
-9.49 713.71
0.74 -56.1
5.36 -402.8
-9.04 -119.49
6.53 -488.65
-4.15 -174.79
1.82 76.72
9.77 0.61
-5.55 206.16
3.24 -245.03
-3.49 262.07
-4.76 -410.02
-7.96 -0.86
-2.37 85.63
-3.67 0.84
3.2 276.05
4.87 -364.13
-5.21 -219.42
-9.14 337.33
1.73 -130.95
-8.73 0.95
9.67 406.72
-2.87 2.08
4.44 -1.42
5.76 -431.96
-2.29 1.61
-7.43 -95.86
7.67 -283.54
5.49 471.58
-1.35 102.74
8.93 767.69
-9.59 -1.07
4.58 -169.87
-4.12 -354.8
-7.88 291.49
-9.74 361.2
3.73 -280.12
-2.49 -31.29
4.82 -178.06
-6.0 450.66
6.43 -481.65
-9.23 -121.81
5.5 71.48
-3.88 -333.91
7.16 93.72
-2.09 78.05
-8.75 -753.43
-4.2 -176.28
-5.23 392.22
0.37 -13.51
-9.59 -403.34
9.66 832.73
-9.19 0.03
-8.66 322.16
-2.06 74.82
-1.84 69.7
-4.11 -52.47
-8.69 322.95
6.6 -244.77
5.77 241.79
-3.07 -37.81
0.75 9.18
9.81 413.01
-0.97 -13.21
1.28 -94.11
-4.28 319.56
-2.06 -177.24
-9.3 -1.11
-5.71 -490.44
-0.71 26.57
9.7 -357.09
1.81 -137.35
3.79 -139.75
-1.88 -25.06
-0.7 0.24
-0.98 73.33
0.32 -0.34
-5.98 -78.96
0.64 -48.59
5.5 -0.67
-7.3 -308.51
-0.15 -6.86
5.6 -0.26
7.26 302.99
2.09 178.61
-0.91 -39.86
3.42 294.38
4.32 0.6
-0.27 -3.3
8.86 117.73
9.68 832.69
-5.21 0.76
2.91 -219.17
6.12 527.44
-6.98 -601.04
7.29 94.32
0.62 -22.24
4.62 0.15
1.0 42.2
-2.36 -204.23
-0.38 28.19
-5.75 430.54
-1.34 -59.46
-8.12 299.82
-3.39 0.47
4.41 -163.21
-2.18 163.31
8.81 114.49
0.43 -15.67
-6.71 0.35
5.5 -412.67
0.83 11.31
-9.57 354.9
-8.85 -115.07
-9.81 363.61
6.29 -232.91
8.48 356.47
9.92 418.18
-7.8 583.15
8.77 754.76
-2.25 -95.49
5.01 -185.03
-6.36 -82.09
6.51 84.38
9.07 116.71
1.43 -107.0
9.82 -0.47
9.16 -686.88
5.77 -0.83
-4.52 -58.63
9.22 -691.69
4.59 191.85
7.96 0.58
9.26 388.94
-5.13 -215.49
-7.76 -100.68
4.39 -330.25
-6.49 0.41
-3.84 -2.15
-2.39 0.16
5.55 -417.34
-0.75 -0.39
8.11 104.94
-7.54 -317.46
-8.64 647.63
7.59 -568.89
-4.09 -1.05
8.72 749.92
-4.71 0.4
-8.37 -352.25
-8.69 -0.77
-5.8 0.34
2.05 -75.47
-0.13 9.62
9.67 125.74
-0.24 -19.67
-4.3 -0.31
9.43 123.65
2.67 229.19
-8.26 -108.09
0.96 40.81
-7.35 -95.0
0.95 -34.67
1.77 22.21
2.39 0.09
1.9 81.51
-6.97 256.25
7.18 616.92
-4.45 -187.0
6.73 85.98
0.02 -0.02
-7.89 -333.22
9.73 837.5
9.69 833.63
6.96 88.6
9.79 -363.3
-3.8 140.3
-0.47 -1.07
-1.82 -23.54
2.21 92.48
3.34 286.37
-2.37 -202.32
1.88 -140.77
9.05 -336.12
-1.53 114.69
9.18 119.99
6.38 -478.45
-0.18 -17.7
0.7 -27.0
-8.59 -360.75
-4.85 -416.56
-3.52 0.42
7.39 -275.11
4.95 -371.65
5.55 -416.55
-8.13 -341.46
2.52 -93.79
-3.34 124.03
9.38 -703.62
0.14 1.18
-3.45 -295.6
9.24 387.3
-1.01 76.18
3.74 0.45
-8.7 -749.04
1.88 23.28
3.53 -0.44
0.06 0.14
1.3 -96.08
-3.69 -316.03
-9.38 347.29
5.72 0.23
-2.02 -25.32
1.98 -71.45
6.81 -250.99
-8.23 617.83
-9.54 -821.17
8.03 -601.49
-6.95 -89.27
8.21 -618.06
5.56 -1.72
0.89 75.6
8.31 -2.51
2.02 1.03
7.75 -287.08
-4.62 -396.82
-5.31 -454.87
-0.08 1.56
5.49 472.85
2.35 -86.58
-0.1 -4.74
-7.4 553.91
-4.07 305.27
2.3 29.32
2.43 1.36
5.23 218.5
2.58 222.32
-8.1 606.81
-2.26 -194.87
7.06 92.46
-4.61 -398.16
-8.69 0.54
7.83 329.77
-4.46 -58.45
-6.33 -545.1
3.6 -1.53
-5.97 -512.82
1.52 130.07
0.22 -0.27
-9.14 338.52
4.93 206.16
-8.17 -104.92
-4.6 170.29
-6.85 -285.75
-6.27 -81.49
1.8 75.58
5.66 0.58
2.1 -157.8
3.23 41.82
-1.06 -43.55
0.12 -8.19
-5.12 -439.57
-5.64 -72.79
6.49 558.61
-6.95 258.9
5.58 478.51
3.13 -233.78
4.49 187.8
0.07 3.44
4.87 417.62
1.19 13.94
6.17 -461.27
-7.06 -92.5
-6.19 461.95
-5.15 189.33
5.59 71.16
-6.68 -281.34
7.94 -292.93
-9.08 -781.9
-7.64 572.1
-7.13 -1.49
-9.57 717.32
5.76 495.93
7.91 -292.97
-2.11 78.18
7.54 646.77
-7.77 -100.91
-0.34 13.84
6.57 564.57
-2.95 221.6
-4.13 -0.06
-8.19 614.84
-3.32 248.02
9.75 -0.82
-6.16 229.24
-4.51 166.94
-0.04 -1.15
3.74 157.11
-0.28 -24.93
-9.55 -822.6
-2.98 -124.54
-1.2 -102.67
-8.3 -0.39
-3.41 -291.87
4.55 -166.78
-5.71 -490.99
-0.77 -32.34
0.16 -6.5
-5.53 -0.31
-7.21 -1.13
3.51 302.81
-5.5 -232.26
-4.47 334.05
4.25 0.23
-6.76 0.2
-1.84 -78.5
-6.18 229.79
-6.55 489.92
-7.99 296.68
4.74 -175.33
-5.42 -466.32
-6.43 -552.44
8.83 -661.98
8.69 747.29
0.71 0.55
-4.16 -1.06
-0.45 -5.33
-6.26 231.09
-7.68 284.47
8.5 355.13
2.69 -0.16
2.44 31.97
4.9 206.21
-4.46 333.94
9.08 -334.16
-2.95 109.53
-4.73 355.45
4.38 -330.21
8.88 116.44
0.1 1.1
-1.6 58.53
1.16 0.41
0.03 3.15
-0.56 -25.32
-2.92 -250.91
-1.4 1.36
-6.16 -530.08
-5.63 -484.35
8.71 365.64
-4.9 -206.03
9.58 -717.54
5.15 443.23
-3.04 -262.2
3.85 161.87
8.09 -299.46
-7.42 -312.42
0.69 8.63
7.32 307.8
-4.11 -352.95
8.53 356.04
4.17 -312.08
4.72 197.03
3.33 287.36
8.45 -313.49
7.96 -294.56
-6.52 491.73
-9.78 -840.35
-6.45 -0.26
-7.62 -100.26
-9.19 -384.83
-5.15 -1.11
3.29 42.36
4.56 191.96
-5.22 -219.35
-2.59 -109.03
2.78 -210.33
4.43 185.76
9.27 796.87
2.28 95.2
-3.28 -41.77
6.86 589.91
-9.48 -0.17
-0.71 52.26
2.38 -86.87
0.23 1.25
-3.39 -0.71
-4.03 303.79
-1.46 -62.77
-7.32 -629.15
-2.71 -0.27
0.89 37.96
-9.37 -393.2
-1.86 139.61
-8.26 307.45
9.44 810.21
-5.9 -246.18
-9.94 -417.35
4.15 -152.74
-7.69 -0.77
-5.76 0.64
6.71 -0.58
6.14 -0.55
-2.46 184.65
0.92 -35.53
-4.33 -181.28
4.51 -168.19
4.64 61.77
6.11 -457.3
2.99 256.81
-5.14 -66.82
5.28 223.45
2.27 95.24
0.62 -46.48
9.52 817.36
-6.09 -77.94
7.83 0.17
7.13 92.87
-7.87 289.14
-0.1 -8.39
5.27 68.3
-4.22 -56.0
-3.22 -1.2
-0.68 23.81
0.52 9.34
-1.66 -69.7
7.85 -0.13
-6.22 -0.55
-2.28 -95.32
-5.91 -75.26
-8.8 -113.3
-8.87 -115.16
-2.88 -119.46
4.96 -373.5
-8.31 -1.31
-6.77 -85.71
2.03 83.84
-9.2 340.87
0.65 -47.04
3.88 -143.09
8.16 -302.75
6.66 280.35
4.15 175.57
6.15 527.61
5.73 240.25
-0.3 -5.2
9.47 0.35
8.56 -1.96
1.5 0.03
5.25 221.31
7.28 -269.18
3.73 320.11
-4.66 -401.19
-7.51 -96.65
4.8 201.5
-3.46 257.53
-1.01 0.87
9.35 804.96
5.32 -401.36
6.91 -257.11
3.67 47.18
8.67 -319.82
1.37 -101.15
-8.03 -104.46
2.43 101.29
-8.46 -356.62
8.9 -669.17
7.59 97.95
-4.36 327.07
-7.61 -654.63
-8.82 0.25
9.24 0.8
-0.17 -15.75
-9.44 -812.62
-9.32 345.07
-0.56 18.4
0.33 29.51
-3.33 -287.38
-6.65 -279.14
3.69 319.26
-2.46 -104.64
-7.45 274.79
1.74 147.96
-4.88 -418.89
5.01 -374.55
7.54 -566.12
8.77 367.97
7.82 329.17
-3.51 -301.63
5.33 -199.69
-3.56 -304.33
3.86 162.91
6.23 -466.59
9.3 121.04
4.76 -176.6
2.5 -90.49
3.16 272.73
8.61 1.87
-8.02 -337.33
-9.3 -389.9
0.63 0.17
-9.91 -129.45
8.99 0.09
-3.28 121.0
-7.25 542.27
7.2 93.7
6.29 -473.25
-7.85 291.35
4.43 381.49
2.19 -0.03
1.26 17.27
7.58 -0.28
3.5 147.67
9.04 119.82
6.01 78.67
-3.4 -143.29
-2.62 -108.58
7.22 -267.43
2.41 -179.4
-4.59 -0.66
2.32 96.76
7.85 101.21
8.1 341.08
3.49 45.5
5.76 -210.7
-7.09 -1.28
-2.76 -236.06
3.65 154.02
-2.73 204.37
5.49 -410.63
6.56 84.3
3.83 328.42
0.94 -35.34
3.92 0.53
-4.99 374.96
-8.76 655.44
6.43 269.96
-7.66 -98.42
8.5 729.19
3.13 131.65
-9.08 -118.42
3.8 -286.58
-6.51 -274.77
-1.2 -103.42
-4.78 -412.74
3.4 143.91
-2.68 -228.9
-3.36 -42.23
2.92 0.5
7.86 101.96
0.96 -35.84
0.37 -27.51
0.17 8.44
3.43 144.35
-7.66 0.41
10.0 0.55
-3.82 -49.63
-5.05 184.76
5.93 -444.77
-5.82 -1.53
-9.0 -116.92
-1.69 125.52
7.41 -555.09
-6.04 -79.32
-7.19 -93.89
7.65 99.74
5.34 224.88
4.52 191.76
-5.75 -0.64
-0.51 37.28
1.45 125.53
-8.1 1.71
4.68 404.07
-6.29 -1.31
8.2 0.81
-4.67 -59.47
-1.2 90.73
-7.22 -622.86
-0.35 25.38
-6.33 233.32
2.34 97.75
-6.12 -0.49
2.36 -89.6
0.13 1.84
8.26 709.34
-6.19 463.56
-5.1 187.65
-8.06 -105.36
5.19 217.25
-3.1 114.62
-6.06 -522.32
0.56 46.83
7.97 -294.97
-1.41 104.63
-3.68 277.71
-0.21 -0.32
-1.13 -47.8
6.66 -246.77
4.78 61.49
3.46 45.46
-6.58 492.45
5.64 485.8
6.51 -488.66
-1.05 -43.54
-9.33 0.15
3.41 292.14
-8.63 0.49
0.63 26.15
0.36 4.06
2.66 -99.69
9.37 803.87
6.31 81.55
9.55 -353.09
-5.58 -71.93
2.16 89.89
-2.95 108.83
-6.15 227.06
1.55 -56.52
-1.36 -19.3
-0.57 20.69
0.81 -0.15
-1.52 -0.31
-7.86 -331.4
-9.66 -832.31
-4.53 -1.79
9.87 412.78
3.07 39.82
-0.91 35.03
5.1 65.56
1.95 -72.48
7.11 0.13
-5.52 -232.81
-2.36 176.36
3.58 -0.06
-9.93 -128.42
-4.69 -405.85
2.44 -181.97
4.5 188.55
0.62 -45.31
-7.76 -324.58
9.39 808.68
4.92 1.37
2.57 -191.02
-0.9 -76.48
-0.86 65.76
7.4 1.31
-5.01 -210.62
-5.97 -0.17
2.45 -90.24
-2.34 -202.39
-9.68 -832.49
-3.13 -268.32
-9.42 -395.21
6.23 -230.9
-8.95 329.52
3.03 -225.95
-3.36 0.69
-4.3 322.1
6.44 -481.66
-6.49 -272.62
-7.13 533.95
0.62 8.81
-6.91 -89.72
8.6 -0.61
-6.95 521.87
0.47 -17.57
3.18 133.75
8.87 -328.47
-4.81 0.01
0.37 -26.61
4.74 -0.5
-1.87 68.65
-7.78 -670.68
-1.75 64.22
-2.33 -199.64
9.46 814.03
-2.73 -37.13
4.5 -168.21
6.51 0.74
7.1 609.81
-7.99 -336.32
6.36 -236.8
-1.35 50.86
5.81 74.77
8.77 754.17
9.07 -335.46
-2.47 93.54
2.71 -204.57
0.99 85.61
-2.74 -114.9
-4.47 165.81
3.29 -0.78
3.05 -0.75
-7.47 -313.15
4.33 -159.6
6.8 87.86
-3.31 -42.58
8.05 -298.68
7.68 659.12
-5.2 390.68
-5.8 214.37
-1.97 148.91
6.07 519.0
-4.15 -174.85
7.25 -544.01
3.25 135.26
4.64 397.71
6.62 -497.12
4.03 -150.39
8.77 368.99
9.55 1.09
-0.78 -11.16
3.17 134.12
-7.3 269.42
1.33 56.53
-3.53 131.23
-1.27 -107.69
4.69 -350.69
2.46 -91.37
-1.99 1.27
6.01 252.11
0.17 15.48
4.1 -307.05
-9.43 -121.62
9.5 -351.12
-7.49 276.67
9.37 122.35
2.71 0.1
-7.31 270.0
9.51 -713.81
-3.43 256.87
2.0 -75.17
-7.09 532.75
-6.71 -0.59
5.81 75.06
8.02 335.8
-0.78 -31.75
2.03 -76.6
-4.0 146.72
2.05 26.61
9.63 126.07
-3.83 -159.91
6.65 0.53
-8.23 304.09
-7.09 -92.08
6.35 264.96
-2.0 -25.31
5.91 -218.46
-5.36 -68.91
2.38 30.64
-4.31 -181.82
7.52 97.82
1.16 50.54
-3.64 -47.19
-9.12 683.95
6.14 -459.67
-8.26 -108.54
3.28 40.93
9.13 -684.21
-1.7 -21.55
-8.36 -720.19
-2.95 221.31
-6.16 0.17
-1.89 -79.35
1.7 24.54
-5.56 -234.29
9.46 396.3
-3.25 244.8
5.79 244.4
-4.83 -414.29
7.52 -278.32
-4.88 -418.52
-5.31 197.15
9.68 406.72
5.27 66.68
8.6 0.9
1.39 0.93
5.42 -406.04
-9.4 -121.26
-5.96 1.27
1.04 -77.91
-4.48 166.05
7.81 -586.41
4.01 344.5
5.95 -446.06
-1.93 -81.06
-7.73 -665.34
8.68 -1.56
-8.81 659.12
-6.59 242.49
-1.46 -124.54
-0.42 -17.58
1.37 116.69
9.92 129.26
3.98 166.34
-7.76 581.01
2.69 112.94
-7.86 0.21
-5.13 -0.24
-1.61 -1.17
4.69 405.57
-2.35 86.08
4.77 -175.62
8.86 370.23
-3.59 267.83
0.91 39.79
1.11 96.71
1.14 47.96
-0.93 0.58
-4.09 -0.54
0.17 15.86
-7.47 276.63
-4.71 -196.03
-9.47 0.47
-0.84 -71.63
0.26 -0.49
-7.32 0.67
-9.16 -1.67
-4.11 -171.66
-0.07 1.98
4.65 -171.94
-8.81 -115.28
-8.66 -746.06
7.03 -527.1
9.16 384.66
6.99 -0.21
-8.63 -741.97
-7.24 268.73
-2.04 0.73
3.37 43.71
-8.03 296.56
-7.35 273.5
-6.86 513.74
0.58 -0.51
-0.36 -12.58
-3.1 -1.0
-1.95 -25.98
9.42 808.86
-2.94 219.1
-2.29 -196.34
4.2 361.98
0.27 -1.71
6.42 551.6
4.4 -0.31
-5.9 -78.12
2.91 249.22
0.87 -64.74
8.3 -308.16
5.7 239.29
2.43 100.48
-4.65 172.55
-7.79 -102.11
8.64 -647.94
3.6 308.5
3.4 292.99
-0.87 -76.93
5.64 484.68
-5.0 376.22
1.42 -0.94
-1.9 -26.38
6.69 -0.38
1.66 23.67
-3.62 -47.42
9.95 -368.08
0.56 -1.42
-9.08 681.59
3.27 -246.84
-9.29 -0.06
5.1 213.42
5.35 461.5
2.55 1.97
-6.33 473.2
-8.42 -352.33
-9.82 -846.76
-7.32 -308.34
4.2 -156.04
9.6 -722.8
-4.7 352.29
8.75 366.0
-2.75 -0.2
7.11 -532.82
-3.48 -46.4
7.86 -590.07
-0.8 59.7
-1.86 140.03
5.02 0.02
-2.69 -232.1
2.47 -185.78
3.65 -273.83
9.27 -1.2
3.68 48.33
-9.19 689.82
8.27 712.59
8.54 -638.01
-3.29 246.19
-5.65 211.36
-9.94 366.65
-4.32 -181.49
7.07 297.94
5.72 1.81
-8.83 662.35
-8.84 662.89
-1.75 131.3
-2.56 -33.87
-3.6 272.04
7.6 98.19
2.87 245.06
-2.14 0.78
-4.53 -190.09
-9.6 -825.96
1.93 24.06
-7.25 1.8
6.28 -471.23
4.78 198.73
6.95 89.94
5.74 75.16
-5.12 -213.35
-9.37 701.88
-7.0 259.38
2.55 -191.91
0.12 -5.07
-6.55 -275.56
2.82 240.78
8.68 -651.64
8.66 -0.72
-2.86 -245.34
-3.88 -333.09
-6.97 256.79
-5.7 -73.49
-7.64 -654.7
8.93 769.14
-7.83 -102.64
-7.47 277.49
0.77 65.39
-1.0 -86.97
8.57 111.66
-0.76 -11.14
9.58 403.63
-7.49 -314.7
-5.05 378.6
-4.44 165.46
-0.07 4.42
-4.27 -0.61
1.99 -74.13
8.94 -669.95
-9.35 -123.31
-6.34 -81.46
-7.55 -650.92
9.24 386.48
4.25 55.09
1.0 -76.5
-1.11 -14.71
-9.49 711.36
-9.01 0.5
-7.3 269.43
-1.06 -12.98
4.03 169.32
-2.31 -95.81
6.05 0.08
8.25 -305.41
7.65 -281.39
2.82 -103.9
7.23 0.55
3.32 -0.34
-0.04 0.62
3.96 -298.58
-0.12 -11.09
6.62 88.15
-4.55 340.2
-7.92 -680.5
-9.7 728.43
-7.37 0.14
3.16 -0.51
1.04 90.33
1.08 -39.44
3.27 280.34
-3.78 -49.8
-9.13 0.16
-8.74 -364.8
0.41 34.28
-3.1 -266.19
8.13 697.32
-6.29 -263.93
5.09 -188.86
5.04 211.76
9.9 414.72
-2.09 -180.19
6.63 -246.29
-9.26 694.81
-9.77 0.18
-3.12 -130.47
-9.43 348.15
-1.1 -44.56
5.31 222.33
8.34 718.1
-4.39 -376.39
-2.42 -31.04
-5.65 -72.56
-1.95 -81.56
-1.23 93.09
7.01 0.19
-2.13 160.63
-8.93 -0.74
-7.31 0.4
-3.91 293.63
-9.23 -120.39
4.74 -174.68
-0.27 21.17
-4.28 159.03
-1.52 -18.83
-8.51 -732.61
-1.61 -138.06
9.32 122.02
-4.6 170.04
7.63 1.23
6.82 -510.03
-4.38 -58.11
-4.52 -0.15
9.38 121.94
1.47 1.21
6.12 -460.3
-1.18 -102.17
-3.15 117.23
1.9 -143.31
8.41 0.5
7.0 91.35
-3.38 -141.45
-4.18 -53.0
7.08 -262.21
5.76 -212.1
8.2 -302.56
2.26 -169.38
5.48 231.65
1.2 103.21
-5.56 -476.24
-9.67 -830.63
4.89 -0.97
5.73 -2.05
9.24 -0.48
2.31 30.35
3.96 49.64
-0.08 1.41
-5.21 390.99
-9.13 -120.77
-3.28 -137.04
5.67 75.23
3.06 41.32
-8.48 637.54
-3.25 -280.46
-6.02 -79.15
-2.44 -0.27
-5.41 200.78
-8.39 -350.12
-9.94 -417.56
-4.75 -61.84
-4.81 177.97
-2.99 -39.51
-8.33 -108.98
-7.78 -1.26
5.45 -0.1
7.25 94.71
-6.09 -0.8
-6.85 515.84
-2.76 -37.48
5.22 449.68
0.38 -29.08
-6.3 232.4
-4.06 149.72
-6.96 522.91
3.33 285.86
1.72 149.8
-3.0 -259.15
2.08 26.93
1.29 111.49
4.13 172.35
-7.21 539.73
-0.93 -80.35
1.96 83.61
-2.76 206.46
5.72 0.2
9.03 777.31
-8.03 -690.35
8.12 -300.97
-5.44 202.15
-8.22 -343.78
-2.78 -117.32
0.76 11.62
0.61 -21.63
7.34 95.21
-2.44 91.68
-3.8 0.3
-9.03 -777.12
-9.17 -787.71
-8.75 -113.45
-7.74 0.68
-5.89 -77.4
7.97 -294.27
-2.35 -28.73
-8.3 621.39
-8.1 -696.79
-3.6 1.11
-8.31 -347.94
2.07 -76.96
2.48 -185.67
-2.24 83.41
-5.17 -215.8
9.11 0.61
-3.85 143.68
6.6 0.08
2.65 36.12
3.8 0.59
1.25 105.79
6.76 -250.04
7.66 101.18
-6.62 -86.83
-1.01 -13.3
-3.6 -152.7
9.86 412.65
3.61 46.36
5.11 -190.32
-5.38 402.57
4.4 57.23
5.92 -444.83
7.39 -0.09
-7.74 580.31
-2.44 183.14
0.86 -1.0
-4.36 327.18
9.24 -341.03
-3.16 -131.4
-9.43 -122.3
-9.38 -122.86
-8.7 -749.94
-4.84 -416.71
2.22 94.68
-3.42 -44.31
-1.33 50.81
-9.71 727.86
