-9.38 347.29
5.65 -207.45
-0.99 36.38
6.23 -230.9
-2.06 74.82
-2.24 83.41
4.41 -163.21
9.04 -333.83
-2.95 109.97
-5.65 211.36
-0.91 35.03
8.37 -309.27
-9.57 354.9
7.62 -284.0
1.08 -39.44
9.7 -357.09
0.16 -6.5
-5.12 190.32
-8.17 301.45
-0.56 18.4
7.38 -272.86
-5.41 200.78
-6.33 233.32
6.63 -246.29
-1.85 68.22
0.7 -27.0
8.67 -319.82
2.38 -86.87
-8.26 307.45
0.61 -21.63
-8.05 298.81
1.31 -48.34
-0.71 26.57
-2.09 78.05
1.95 -72.48
-5.8 214.37
-8.69 323.42
3.69 -137.25
-8.61 319.08
-8.1 300.11
-3.53 131.23
-7.88 291.49
-1.68 64.05
4.33 -159.6
-8.12 299.82
6.68 -245.53
-1.84 69.7
5.39 -201.33
-1.87 68.65
8.16 -302.75
-5.55 206.16
8.09 -299.46
-6.59 242.49
0.12 -5.07
3.83 -142.56
-5.31 197.15
-7.0 259.38
-6.97 256.25
2.35 -86.58
9.06 -333.76
7.97 -294.27
6.36 -236.8
4.5 -168.21
9.79 -363.3
2.0 -75.17
5.82 -216.14
0.96 -35.84
-4.81 177.97
-0.68 23.81
-4.44 165.46
-5.05 184.76
-7.85 291.35
2.8 -103.63
1.98 -71.45
-0.38 12.92
6.66 -246.77
7.39 -275.11
-9.32 345.07
-4.6 170.04
6.81 -250.99
0.18 -7.71
3.26 -120.04
0.43 -15.67
-2.95 109.53
-0.57 20.69
-5.44 202.15
3.88 -143.09
-5.99 222.68
5.45 -201.27
-0.07 1.98
6.76 -250.04
-3.46 126.54
-8.08 298.39
2.99 -108.67
-1.56 58.38
-6.3 232.4
-9.66 358.29
0.92 -35.53
-7.15 263.82
-8.62 318.58
9.24 -341.03
-7.68 284.47
-3.1 114.62
7.13 -264.81
-4.48 166.05
8.12 -300.97
4.76 -176.6
7.65 -281.39
-2.11 78.18
-1.52 54.25
2.05 -75.47
7.75 -287.08
-2.95 108.83
5.11 -190.32
-0.09 4.33
8.3 -308.16
-9.2 340.87
6.92 -255.34
7.28 -269.18
-1.42 54.08
-4.95 183.45
0.62 -23.81
-4.06 149.72
9.27 -341.92
-9.14 337.33
4.82 -178.85
-7.51 279.3
-2.37 85.63
6.6 -244.77
8.25 -305.41
-8.66 322.16
1.46 -52.02
9.71 -359.52
0.37 -13.51
-8.23 304.09
7.67 -283.54
-9.14 338.52
8.79 -326.84
-1.75 64.22
9.55 -353.09
-2.47 93.54
-3.15 117.23
-4.17 156.26
0.72 -25.18
7.64 -282.03
2.36 -89.6
-2.66 97.59
4.35 -159.05
-5.15 189.33
-7.47 277.49
-8.03 296.56
4.55 -166.78
8.05 -298.68
3.5 -127.76
-7.45 274.79
0.35 -13.84
9.26 -343.47
-2.68 98.58
2.5 -90.49
5.35 -197.43
-2.66 98.61
-8.96 331.73
0.95 -34.67
-3.97 147.55
-3.8 140.3
-1.05 37.52
4.3 -159.09
-8.95 329.52
-6.97 256.79
5.01 -185.03
5.18 -191.71
-4.47 165.81
4.2 -156.04
-9.74 361.2
-6.16 229.24
7.96 -294.56
6.29 -232.91
5.72 -210.71
5.09 -188.86
-7.63 283.7
1.72 -63.91
4.82 -178.06
-1.6 58.53
-1.33 50.81
7.22 -267.43
2.03 -76.6
4.51 -168.19
-7.95 293.87
2.59 -96.41
-2.35 86.08
5.76 -210.7
7.67 -284.76
4.39 -162.32
9.5 -351.12
-4.88 179.26
-6.24 231.7
-3.41 126.38
-9.07 335.02
-2.16 78.83
6.04 -221.9
-3.8 138.99
-9.43 348.15
-4.51 166.94
9.05 -336.12
4.03 -150.39
0.94 -35.34
2.07 -76.96
9.08 -334.16
8.85 -326.28
6.76 -249.26
-4.28 159.03
-3.28 121.0
-6.18 229.79
-9.94 366.65
-2.42 91.86
2.0 -72.21
5.2 -192.78
-6.16 229.62
0.47 -17.57
-7.56 279.27
6.91 -257.11
7.97 -294.97
-7.35 273.5
3.79 -141.39
-7.24 268.73
8.05 -297.77
-2.44 91.68
-4.0 146.72
-4.01 148.33
8.2 -302.56
-3.99 148.99
-4.65 172.55
8.45 -313.49
-0.34 13.84
4.58 -169.87
8.25 -305.56
4.15 -152.74
1.19 -42.96
4.82 -178.43
-6.37 234.09
-9.81 363.61
2.94 -108.39
9.95 -368.08
8.87 -328.47
3.59 -130.61
7.91 -292.97
-9.61 356.41
-0.08 1.56
-7.3 269.43
-6.89 256.32
-7.47 276.63
-7.87 289.14
-7.31 270.0
8.46 -312.66
7.94 -292.93
5.91 -218.46
5.33 -199.69
2.95 -110.26
-8.69 322.95
9.73 -360.07
7.52 -278.32
3.79 -139.75
-6.15 227.06
2.45 -90.24
5.76 -212.1
2.46 -91.37
-0.44 13.94
-6.26 231.09
4.77 -175.62
4.74 -175.33
-8.56 316.64
2.66 -99.69
4.65 -171.94
8.83 -327.41
1.55 -56.52
7.05 -261.18
7.08 -262.21
6.39 -236.25
1.99 -74.13
-7.99 296.68
0.62 -22.24
-4.94 183.39
2.82 -103.9
-7.41 272.96
2.52 -93.79
4.74 -174.68
-5.1 187.65
-7.49 276.67
-7.07 261.24
-4.79 178.48
4.55 -169.5
9.73 -359.79
-7.09 262.73
-3.34 124.03
-1.35 50.86
-7.3 269.42
-3.85 143.68
9.07 -335.46
-6.95 258.9
-4.6 170.29
