4.87 -366.86
9.6 -722.8
1.0 -76.5
-9.85 739.91
4.38 -330.21
0.58 -44.82
8.64 -647.94
-2.73 204.37
-8.1 606.81
-9.57 717.32
-2.04 154.78
-7.0 524.17
0.23 -16.03
-6.96 522.91
-6.44 481.73
1.37 -101.15
-8.01 599.74
9.97 -747.86
1.04 -77.91
-7.23 540.67
6.17 -461.27
-2.95 221.31
-8.81 659.12
-4.28 319.56
-4.07 305.27
-7.4 553.91
-1.2 90.73
-8.84 662.89
-7.8 583.15
3.96 -298.58
-1.86 139.61
-6.33 473.2
3.84 -287.23
-1.69 125.52
4.95 -371.65
-4.08 307.23
-2.36 176.36
-3.29 246.19
4.39 -330.25
-5.7 427.22
5.32 -401.36
0.3 -21.75
-5.05 378.6
-8.38 627.67
8.9 -669.17
-7.85 588.9
2.57 -191.02
-8.73 653.98
-4.28 319.67
4.66 -349.03
-3.52 262.19
-7.13 533.95
8.94 -669.95
7.59 -568.89
3.46 -261.22
-5.75 430.54
-8.3 621.39
-6.55 489.92
-1.35 102.74
9.84 -738.57
6.51 -488.66
2.91 -219.17
6.12 -460.3
0.65 -47.04
9.38 -703.62
-4.55 340.2
-6.69 501.93
-4.03 303.79
-0.19 12.71
3.05 -228.37
2.1 -157.8
-2.65 199.53
-6.45 485.04
-7.74 580.36
-5.9 442.2
-5.42 405.75
8.82 -660.73
9.63 -723.2
-7.41 555.36
-2.95 221.6
5.49 -410.63
-0.73 55.33
6.41 -479.95
1.26 -95.42
9.13 -684.21
6.28 -471.23
-8.19 614.84
9.05 -678.25
-7.21 539.73
2.48 -185.67
9.58 -717.54
0.87 -64.74
5.36 -402.8
7.92 -594.39
6.57 -495.05
4.23 -317.97
-3.97 298.52
8.21 -618.06
-2.46 184.65
-0.71 52.26
-0.86 65.76
-3.25 244.8
6.82 -510.03
-1.01 76.18
8.54 -638.01
1.1 -81.8
-6.85 515.84
-8.48 637.54
2.71 -204.57
9.51 -713.81
4.1 -306.59
-2.13 160.63
8.83 -661.98
-9.19 689.82
-1.23 93.09
-6.19 463.56
-5.9 443.23
2.44 -181.97
-3.9 292.26
3.03 -225.95
3.13 -233.78
-8.49 636.05
4.96 -373.5
6.53 -488.65
-0.1 7.26
7.93 -594.51
-9.26 694.81
0.62 -46.48
-8.3 622.31
7.23 -542.41
4.1 -307.05
7.25 -544.01
5.92 -444.83
4.69 -350.69
6.62 -497.12
-0.68 50.15
7.11 -532.82
-9.12 683.95
-3.78 282.36
0.37 -27.51
8.99 -675.68
-7.09 532.75
2.55 -191.91
-9.37 701.88
4.28 -321.79
-6.58 492.45
0.37 -26.61
5.5 -412.67
1.42 -106.08
-3.49 262.07
9.16 -686.88
-8.1 609.77
3.27 -246.84
-4.36 327.07
-3.32 248.02
4.92 -370.31
6.51 -488.53
-3.59 267.83
8.03 -601.49
-3.6 272.04
1.73 -130.95
-7.25 542.27
-2.44 183.14
-0.8 59.7
-1.41 104.63
-0.38 28.19
5.93 -444.77
-6.77 509.69
1.88 -140.77
5.55 -416.55
6.44 -481.66
6.44 -483.99
5.21 -390.43
-6.52 491.73
-1.75 131.3
4.17 -312.08
7.41 -555.09
4.95 -371.7
-4.3 322.1
-0.51 37.28
6.23 -466.59
-7.64 572.1
-9.06 678.65
-2.76 206.46
1.43 -107.0
-5.91 442.66
-3.68 276.69
5.33 -400.05
6.38 -478.45
2.71 -204.64
1.96 -146.35
-0.35 25.38
2.78 -210.33
1.36 -102.56
7.54 -566.12
-4.47 334.05
-4.5 336.91
-0.98 73.33
3.73 -280.12
-7.74 580.31
-6.0 450.66
1.81 -137.35
-5.21 390.99
-5.2 390.68
-9.7 728.43
7.03 -527.1
-5.08 382.07
1.56 -114.55
0.62 -45.31
4.87 -364.13
-9.14 686.88
9.22 -691.69
9.23 -691.3
-8.23 617.83
-6.86 513.74
-1.65 123.55
-2.63 196.33
-1.75 132.3
1.28 -94.11
-2.18 163.31
0.38 -29.08
2.3 -171.55
-6.19 461.95
-8.64 647.63
-2.94 219.1
5.95 -446.06
0.64 -48.59
5.01 -374.55
-6.95 521.87
-2.78 208.54
1.9 -143.31
-5.27 393.9
2.47 -185.78
-3.46 257.53
6.29 -473.25
-3.68 277.71
-4.73 355.45
0.16 -12.14
-8.76 655.44
-0.13 9.62
9.16 -688.12
-0.27 21.17
-1.34 101.36
6.43 -481.65
2.41 -179.4
7.84 -588.88
9.97 -746.29
-7.76 581.01
2.26 -169.38
-4.36 327.18
0.38 -28.89
-1.97 148.91
5.76 -431.96
-4.99 374.96
-3.43 256.87
0.12 -8.19
2.65 -199.68
3.24 -245.03
-3.86 288.8
-5.38 402.57
4.38 -329.31
-2.52 188.25
7.18 -537.44
7.86 -590.07
3.8 -286.58
-0.88 67.0
-9.08 681.59
6.11 -457.3
-4.7 352.29
-4.46 333.94
3.65 -273.83
-1.06 80.53
-1.46 109.65
-9.49 711.36
6.24 -467.89
5.55 -417.34
-9.71 727.86
0.16 -12.93
-8.83 662.35
-4.0 300.54
-5.76 430.46
6.14 -459.67
0.74 -56.1
1.3 -96.08
-1.51 112.9
-5.0 376.22
-0.04 0.96
-9.49 713.71
5.54 -415.84
7.81 -586.41
-1.86 140.03
-5.06 380.01
6.11 -459.55
8.68 -651.64
-1.53 114.69
-3.91 293.63
-5.23 392.22
3.64 -272.24
-0.07 4.42
5.42 -406.04
