5.67 75.23
-5.9 -78.12
-1.01 -13.3
-0.13 0.69
-2.87 -35.7
7.65 99.74
-9.04 -119.49
7.16 93.72
-1.2 -15.63
-8.91 -115.98
4.78 61.49
-5.98 -78.96
-7.19 -93.89
-3.31 -42.58
-0.78 -11.16
-7.1 -92.52
-6.53 -85.45
2.05 26.61
-2.76 -37.48
5.27 66.68
-8.06 -105.36
-1.9 -23.69
-6.09 -77.94
-3.07 -37.81
-9.23 -120.39
-2.18 -28.26
9.92 129.26
6.73 85.98
-1.82 -23.54
-1.9 -26.38
3.61 46.36
-1.7 -21.55
0.75 9.18
-9.0 -116.92
-3.7 -48.16
-3.29 -44.25
-3.14 -41.82
1.77 22.21
7.2 93.7
5.25 68.85
8.86 117.73
4.81 61.27
-5.48 -73.99
-2.0 -25.31
6.95 89.94
9.43 123.65
4.44 56.98
7.24 95.86
-9.13 -120.77
9.85 127.99
6.01 78.67
8.2 106.64
-0.82 -11.06
7.34 95.21
7.06 92.46
8.0 102.9
8.8 113.97
-1.36 -19.3
9.63 126.07
9.32 122.02
8.11 104.94
7.25 94.71
-1.06 -12.98
1.92 25.43
3.66 48.16
8.57 111.66
6.87 90.43
-4.18 -53.0
-5.65 -72.56
4.25 55.09
5.59 71.16
-8.26 -108.09
2.86 38.21
-2.89 -37.15
9.11 118.8
1.26 17.27
1.66 23.67
4.06 51.46
2.92 38.29
-8.03 -104.46
0.06 0.14
9.07 116.71
-3.36 -42.23
3.46 45.46
-8.3 -104.79
9.67 125.74
-3.64 -47.19
2.44 31.97
-4.11 -52.47
-3.17 -40.04
9.13 120.15
-6.5 -84.52
3.23 41.82
-0.97 -13.21
0.62 8.81
-4.04 -52.9
3.28 40.93
-7.18 -93.82
-2.56 -33.87
7.66 101.18
2.49 33.11
-9.38 -122.86
8.88 116.44
7.0 91.35
-2.49 -31.29
-6.27 -81.49
7.52 97.82
-9.23 -121.81
-5.64 -72.79
0.76 11.62
8.97 115.2
-7.76 -100.68
4.8 64.3
-6.91 -89.72
-4.38 -58.11
1.97 24.12
-8.26 -108.54
2.08 26.93
-0.61 -8.31
9.21 121.22
-9.35 -121.34
1.19 13.94
-1.14 -15.65
1.79 24.69
-8.81 -115.28
-3.82 -49.63
-8.34 -108.96
-7.62 -100.26
3.29 42.36
5.81 74.77
3.83 48.48
2.65 36.12
-2.77 -34.41
-6.95 -89.27
3.55 46.95
0.22 3.61
3.83 48.09
-6.34 -81.46
5.48 72.48
3.98 51.28
-2.35 -28.73
5.88 76.55
-2.65 -34.82
8.78 114.94
-5.7 -73.49
3.07 39.82
2.3 29.32
-8.87 -115.16
0.69 8.63
0.1 1.1
6.96 88.6
-3.22 -42.37
-8.17 -104.92
3.06 41.32
-7.06 -92.5
6.4 82.43
3.37 43.71
-2.64 -35.63
-0.21 -1.93
-3.42 -44.31
0.36 4.06
-7.35 -95.0
-1.84 -24.99
4.65 59.47
-4.67 -59.47
7.13 92.87
-7.43 -95.86
1.89 25.14
-5.58 -71.93
8.57 112.25
7.85 101.21
-2.02 -25.32
-7.19 -93.89
-3.78 -49.8
-1.11 -14.71
-9.91 -129.45
1.7 24.54
-4.75 -61.84
6.14 79.78
-5.14 -66.82
-6.29 -81.34
-4.46 -58.45
8.81 114.49
-7.51 -96.65
9.38 121.94
-8.21 -106.8
0.52 9.34
-9.36 -120.27
9.76 128.3
7.63 99.54
-1.95 -25.98
3.96 49.64
-5.54 -72.0
7.59 97.95
6.56 84.3
4.55 58.09
-2.73 -37.13
-9.08 -118.42
5.27 68.3
-5.91 -75.26
3.84 51.25
-1.88 -25.06
1.85 24.56
-0.35 -4.32
-6.02 -79.15
-7.09 -92.08
-0.45 -5.33
9.6 125.25
7.6 98.19
5.65 73.48
-6.45 -82.53
-2.42 -31.04
-3.28 -41.77
1.0 13.25
-6.47 -85.69
1.88 23.28
-8.85 -115.07
-8.33 -108.98
9.18 119.99
2.27 31.2
-9.85 -127.22
6.8 87.86
1.02 13.21
-8.49 -111.39
2.31 30.35
-1.52 -18.83
-6.04 -79.32
3.49 45.5
-6.36 -82.09
6.31 81.55
0.31 4.08
-7.77 -100.91
7.86 101.96
7.29 94.32
-9.93 -128.42
-4.27 -56.28
7.92 103.88
6.68 86.42
-5.89 -77.4
-7.78 -101.26
4.07 52.92
-8.76 -115.03
9.04 119.82
-1.79 -23.12
0.83 11.31
-1.28 -17.54
-5.73 -73.23
6.59 86.12
-3.62 -47.42
-8.8 -113.3
-9.5 -123.04
-6.62 -86.83
6.62 88.15
5.74 75.16
-9.35 -123.31
6.51 84.38
-0.27 -3.3
-4.52 -58.63
-7.66 -98.42
9.3 121.04
-3.48 -46.4
-7.79 -102.11
4.4 57.23
-8.78 -114.14
-4.7 -63.27
1.52 19.07
8.7 114.82
0.13 1.84
1.93 24.06
2.38 30.64
3.68 48.33
2.18 26.93
5.1 65.56
-6.66 -85.96
5.81 75.06
-3.34 -43.4
-9.43 -121.62
-9.4 -121.26
3.22 41.27
-8.75 -113.45
-7.83 -102.64
-6.77 -85.71
-5.36 -68.91
0.11 0.47
9.37 122.35
6.91 89.71
6.34 83.36
1.61 20.89
1.96 26.72
-0.3 -5.2
4.64 61.77
1.5 17.74
-4.22 -56.0
-0.76 -11.14
3.67 47.18
-3.14 -41.04
5.5 71.48
1.0 11.41
-2.99 -39.51
-9.43 -122.3
